Conc1	1.25E-08	
Start1	1020	
Stop1	1439.8	
Kobs	0.0038218939319968	
Error Kobs	4.14361889801998E-05	
Koff	0	
Error Koff	0	
Time1	Data1	Fit1	
1020	0.00074445	0	
1020.2	0.00018598	0.00038583	
1020.4	-0.000709	0.00076935	
1020.6	-0.0017562	0.00115055	
1020.8	-0.00268825	0.00152946	
1021	-0.00331397	0.0019061	
1021.2	-0.00367002	0.00228046	
1021.4	-0.00393952	0.00265257	
1021.6	-0.00398467	0.00302245	
1021.8	-0.00402777	0.00339009	
1022	-0.00368543	0.00375553	
1022.2	-0.00295275	0.00411877	
1022.4	-0.00309163	0.00447982	
1022.6	-0.00294005	0.00483869	
1022.8	-0.00274213	0.00519541	
1023	-0.00263438	0.00554998	
1023.2	-0.00270478	0.00590242	
1023.4	-0.00245691	0.00625274	
1023.6	-0.00240688	0.00660095	
1023.8	-0.00275839	0.00694706	
1024	-0.00244274	0.00729109	
1024.2	-0.00215257	0.00763306	
1024.4	-0.00232859	0.00797296	
1024.6	-0.00232748	0.00831082	
1024.8	-0.00217139	0.00864664	
1025	-0.00185327	0.00898045	
1025.2	-0.00155399	0.00931224	
1025.4	-0.00155325	0.00964204	
1025.6	-0.0012855	0.00996986	
1025.8	-0.00091508	0.0102957	
1026	-0.00040081	0.01061958	
1026.2	-0.0001321	0.01094151	
1026.4	0.00014952	0.01126151	
1026.6	0.00024447	0.01157958	
1026.8	0.00035835	0.01189573	
1027	0.00058279	0.01220999	
1027.2	0.00034572	0.01252235	
1027.4	0.00053102	0.01283283	
1027.6	0.00092857	0.01314144	
1027.8	0.00122937	0.0134482	
1028	0.00146955	0.01375311	
1028.2	0.00190398	0.01405619	
1028.4	0.00218802	0.01435744	
1028.6	0.00259782	0.01465688	
1028.8	0.00268374	0.01495452	
1029	0.00290169	0.01525037	
1029.2	0.00310756	0.01554444	
1029.4	0.00335142	0.01583673	
1029.6	0.00401319	0.01612727	
1029.8	0.00455871	0.01641606	
1030	0.00500065	0.01670311	
1030.2	0.00493767	0.01698844	
1030.4	0.00502486	0.01727205	
1030.6	0.00479555	0.01755395	
1030.8	0.0050245	0.01783415	
1031	0.00529562	0.01811267	
1031.2	0.00532154	0.01838952	
1031.4	0.00563905	0.01866469	
1031.6	0.00601622	0.01893822	
1031.8	0.00598218	0.01921009	
1032	0.00613816	0.01948033	
1032.2	0.0067234	0.01974895	
1032.4	0.00703526	0.02001594	
1032.6	0.00715013	0.02028133	
1032.8	0.00711232	0.02054513	
1033	0.00721543	0.02080733	
1033.2	0.00703705	0.02106796	
1033.4	0.00746214	0.02132702	
1033.6	0.00803923	0.02158452	
1033.8	0.00825976	0.02184047	
1034	0.00883888	0.02209489	
1034.2	0.00889721	0.02234777	
1034.4	0.00897138	0.02259913	
1034.6	0.00957509	0.02284897	
1034.8	0.01021868	0.02309731	
1035	0.0102632	0.02334416	
1035.2	0.01049935	0.02358953	
1035.4	0.01026985	0.02383341	
1035.6	0.01071004	0.02407583	
1035.8	0.01105586	0.02431679	
1036	0.01149242	0.0245563	
1036.2	0.01178937	0.02479437	
1036.4	0.01203245	0.02503101	
1036.6	0.01239944	0.02526622	
1036.8	0.01253382	0.02550002	
1037	0.01277461	0.02573241	
1037.2	0.01288799	0.0259634	
1037.4	0.0137295	0.02619301	
1037.6	0.01438203	0.02642123	
1037.8	0.01471293	0.02664807	
1038	0.01535472	0.02687356	
1038.2	0.01555073	0.02709768	
1038.4	0.01559429	0.02732046	
1038.6	0.01622861	0.02754189	
1038.8	0.01608626	0.027762	
1039	0.01579066	0.02798078	
1039.2	0.01575712	0.02819824	
1039.4	0.01545261	0.02841439	
1039.6	0.01543345	0.02862925	
1039.8	0.01548973	0.02884281	
1040	0.0151711	0.02905508	
1040.2	0.01533755	0.02926608	
1040.4	0.01559924	0.02947581	
1040.6	0.01621046	0.02968428	
1040.8	0.01611799	0.02989149	
1041	0.01680052	0.03009745	
1041.2	0.01702541	0.03030218	
1041.4	0.01785094	0.03050567	
1041.6	0.01842078	0.03070794	
1041.8	0.01868084	0.030909	
1042	0.01925815	0.03110884	
1042.2	0.01968462	0.03130748	
1042.4	0.01984263	0.03150492	
1042.6	0.02029656	0.03170118	
1042.8	0.02038149	0.03189626	
1043	0.02026429	0.03209016	
1043.2	0.02010442	0.03228289	
1043.4	0.02013986	0.03247447	
1043.6	0.01985472	0.03266489	
1043.8	0.02026528	0.03285417	
1044	0.02008159	0.0330423	
1044.2	0.02054982	0.03322931	
1044.4	0.02025378	0.03341519	
1044.6	0.02048926	0.03359995	
1044.8	0.02041151	0.0337836	
1045	0.0208685	0.03396615	
1045.2	0.02091629	0.03414759	
1045.4	0.02156316	0.03432795	
1045.6	0.02173281	0.03450722	
1045.8	0.02228669	0.03468541	
1046	0.0227638	0.03486253	
1046.2	0.02308877	0.03503858	
1046.4	0.02335882	0.03521357	
1046.6	0.02409692	0.03538751	
1046.8	0.02436091	0.0355604	
1047	0.02458411	0.03573226	
1047.2	0.02462985	0.03590308	
1047.4	0.02508218	0.03607287	
1047.6	0.02547677	0.03624164	
1047.8	0.02599008	0.03640939	
1048	0.02617467	0.03657614	
1048.2	0.02615454	0.03674188	
1048.4	0.02590667	0.03690662	
1048.6	0.02643052	0.03707037	
1048.8	0.02633658	0.03723314	
1049	0.02659821	0.03739493	
1049.2	0.02632642	0.03755574	
1049.4	0.02636183	0.03771559	
1049.6	0.02634748	0.03787447	
1049.8	0.0265808	0.0380324	
1050	0.02673332	0.03818938	
1050.2	0.02696439	0.03834541	
1050.4	0.02733556	0.03850051	
1050.6	0.02765779	0.03865467	
1050.8	0.0278267	0.0388079	
1051	0.02784782	0.03896021	
1051.2	0.0279962	0.03911161	
1051.4	0.02834527	0.03926209	
1051.6	0.0287838	0.03941167	
1051.8	0.02930926	0.03956035	
1052	0.02952917	0.03970813	
1052.2	0.02967301	0.03985503	
1052.4	0.02971253	0.04000104	
1052.6	0.02993232	0.04014617	
1052.8	0.02996486	0.04029043	
1053	0.02988818	0.04043382	
1053.2	0.02985343	0.04057635	
1053.4	0.03021786	0.04071802	
1053.6	0.03058528	0.04085883	
1053.8	0.03096261	0.0409988	
1054	0.03138126	0.04113793	
1054.2	0.0312679	0.04127622	
1054.4	0.03137792	0.04141368	
1054.6	0.03128188	0.04155031	
1054.8	0.03175829	0.04168612	
1055	0.03204052	0.04182111	
1055.2	0.03236766	0.04195529	
1055.4	0.03248427	0.04208867	
1055.6	0.03270345	0.04222124	
1055.8	0.03282406	0.04235301	
1056	0.03260731	0.04248399	
1056.2	0.03277912	0.04261418	
1056.4	0.03250868	0.04274359	
1056.6	0.03287383	0.04287221	
1056.8	0.03321169	0.04300007	
1057	0.03329576	0.04312715	
1057.2	0.03378722	0.04325348	
1057.4	0.03409985	0.04337904	
1057.6	0.03422902	0.04350384	
1057.8	0.03441546	0.0436279	
1058	0.03432713	0.0437512	
1058.2	0.03450522	0.04387377	
1058.4	0.03429685	0.0439956	
1058.6	0.03423346	0.04411669	
1058.8	0.03459722	0.04423706	
1059	0.03461336	0.0443567	
1059.2	0.03434831	0.04447562	
1059.4	0.03409202	0.04459383	
1059.6	0.03424805	0.04471132	
1059.8	0.03428195	0.04482811	
1060	0.03425217	0.0449442	
1060.2	0.03449383	0.04505958	
1060.4	0.03459905	0.04517428	
1060.6	0.03526207	0.04528828	
1060.8	0.03594015	0.0454016	
1061	0.03650238	0.04551423	
1061.2	0.0370858	0.04562619	
1061.4	0.0374729	0.04573747	
1061.6	0.03783575	0.04584808	
1061.8	0.03775272	0.04595803	
1062	0.03765008	0.04606732	
1062.2	0.03739825	0.04617595	
1062.4	0.03665318	0.04628392	
1062.6	0.03676194	0.04639125	
1062.8	0.0367063	0.04649793	
1063	0.03671727	0.04660396	
1063.2	0.03685868	0.04670936	
1063.4	0.03687826	0.04681413	
1063.6	0.03730634	0.04691826	
1063.8	0.03689835	0.04702177	
1064	0.03667378	0.04712466	
1064.2	0.03672622	0.04722692	
1064.4	0.03696316	0.04732857	
1064.6	0.03724997	0.04742961	
1064.8	0.03784555	0.04753004	
1065	0.03824825	0.04762987	
1065.2	0.03887596	0.0477291	
1065.4	0.03913247	0.04782773	
1065.6	0.03942073	0.04792576	
1065.8	0.03944108	0.04802321	
1066	0.03942756	0.04812007	
1066.2	0.03933872	0.04821634	
1066.4	0.03976924	0.04831204	
1066.6	0.04024713	0.04840716	
1066.8	0.0406257	0.04850171	
1067	0.04098422	0.04859569	
1067.2	0.04125833	0.0486891	
1067.4	0.04123966	0.04878196	
1067.6	0.04116808	0.04887425	
1067.8	0.04100047	0.04896599	
1068	0.04095721	0.04905717	
1068.2	0.04073904	0.04914781	
1068.4	0.04037415	0.0492379	
1068.6	0.04073572	0.04932745	
1068.8	0.04094976	0.04941646	
1069	0.04128918	0.04950494	
1069.2	0.0417709	0.04959288	
1069.4	0.04175968	0.0496803	
1069.6	0.04202998	0.04976718	
1069.8	0.04198382	0.04985355	
1070	0.04179505	0.04993939	
1070.2	0.04186879	0.05002472	
1070.4	0.0424258	0.05010954	
1070.6	0.04282591	0.05019384	
1070.8	0.04318003	0.05027764	
1071	0.04331381	0.05036093	
1071.2	0.04311141	0.05044373	
1071.4	0.04339824	0.05052602	
1071.6	0.04338489	0.05060782	
1071.8	0.04356247	0.05068912	
1072	0.04362634	0.05076994	
1072.2	0.04371515	0.05085027	
1072.4	0.04393463	0.05093012	
1072.6	0.04436839	0.05100949	
1072.8	0.04424436	0.05108838	
1073	0.04430636	0.05116679	
1073.2	0.0438594	0.05124474	
1073.4	0.04361173	0.05132221	
1073.6	0.04359398	0.05139922	
1073.8	0.04351753	0.05147576	
1074	0.04338196	0.05155184	
1074.2	0.04325394	0.05162747	
1074.4	0.04349801	0.05170264	
1074.6	0.04360019	0.05177736	
1074.8	0.04367178	0.05185163	
1075	0.04376034	0.05192545	
1075.2	0.0435874	0.05199883	
1075.4	0.04413839	0.05207177	
1075.6	0.04428527	0.05214426	
1075.8	0.04481196	0.05221632	
1076	0.04526904	0.05228795	
1076.2	0.04536959	0.05235915	
1076.4	0.04578901	0.05242992	
1076.6	0.04565585	0.05250026	
1076.8	0.04576088	0.05257018	
1077	0.0455177	0.05263967	
1077.2	0.04595108	0.05270875	
1077.4	0.04616582	0.05277742	
1077.6	0.04641638	0.05284567	
1077.8	0.04656675	0.05291351	
1078	0.04644185	0.05298094	
1078.2	0.04683702	0.05304797	
1078.4	0.04723005	0.05311459	
1078.6	0.0475805	0.05318081	
1078.8	0.04763406	0.05324664	
1079	0.04783917	0.05331207	
1079.2	0.04786825	0.0533771	
1079.4	0.04788719	0.05344174	
1079.6	0.0478982	0.053506	
1079.8	0.04774881	0.05356986	
1080	0.04771202	0.05363335	
1080.2	0.0475759	0.05369645	
1080.4	0.04785532	0.05375917	
1080.6	0.04745626	0.05382151	
1080.8	0.04762471	0.05388348	
1081	0.04775271	0.05394508	
1081.2	0.04810655	0.0540063	
1081.4	0.04782408	0.05406716	
1081.6	0.0480583	0.05412765	
1081.8	0.0483861	0.05418777	
1082	0.04865631	0.05424754	
1082.2	0.04878859	0.05430694	
1082.4	0.0484212	0.05436599	
1082.6	0.04843321	0.05442468	
1082.8	0.0482834	0.05448302	
1083	0.04787446	0.05454101	
1083.2	0.04753236	0.05459865	
1083.4	0.04726432	0.05465594	
1083.6	0.04702498	0.05471289	
1083.8	0.04704044	0.05476949	
1084	0.04717541	0.05482576	
1084.2	0.04699793	0.05488168	
1084.4	0.04695172	0.05493727	
1084.6	0.04704329	0.05499252	
1084.8	0.04725591	0.05504745	
1085	0.04739216	0.05510204	
1085.2	0.04759025	0.0551563	
1085.4	0.04808824	0.05521024	
1085.6	0.04839417	0.05526385	
1085.8	0.04881302	0.05531714	
1086	0.04856105	0.05537011	
1086.2	0.04821595	0.05542276	
1086.4	0.04788921	0.05547509	
1086.6	0.04813179	0.05552711	
1086.8	0.04783158	0.05557881	
1087	0.04722408	0.05563021	
1087.2	0.04740578	0.05568129	
1087.4	0.04742864	0.05573207	
1087.6	0.04766136	0.05578254	
1087.8	0.04783246	0.05583271	
1088	0.04788979	0.05588258	
1088.2	0.04791549	0.05593214	
1088.4	0.04821936	0.05598141	
1088.6	0.04853887	0.05603038	
1088.8	0.0480841	0.05607906	
1089	0.04816908	0.05612744	
1089.2	0.04807968	0.05617553	
1089.4	0.04825654	0.05622334	
1089.6	0.04804132	0.05627085	
1089.8	0.04815753	0.05631808	
1090	0.04795553	0.05636503	
1090.2	0.04826804	0.05641169	
1090.4	0.04811647	0.05645807	
1090.6	0.04805033	0.05650418	
1090.8	0.04772166	0.05655	
1091	0.04760351	0.05659555	
1091.2	0.04748818	0.05664083	
1091.4	0.04798044	0.05668583	
1091.6	0.04825546	0.05673056	
1091.8	0.04866964	0.05677503	
1092	0.04879274	0.05681922	
1092.2	0.04902889	0.05686315	
1092.4	0.04935296	0.05690682	
1092.6	0.0491116	0.05695022	
1092.8	0.04888647	0.05699336	
1093	0.04920487	0.05703625	
1093.2	0.04939041	0.05707887	
1093.4	0.04958827	0.05712124	
1093.6	0.04962742	0.05716335	
1093.8	0.04984108	0.05720521	
1094	0.04978624	0.05724682	
1094.2	0.05000741	0.05728817	
1094.4	0.04912907	0.05732928	
1094.6	0.04882183	0.05737014	
1094.8	0.04892757	0.05741076	
1095	0.04846385	0.05745113	
1095.2	0.04835493	0.05749125	
1095.4	0.04878494	0.05753114	
1095.6	0.04831594	0.05757079	
1095.8	0.04864467	0.05761019	
1096	0.04829684	0.05764936	
1096.2	0.04856134	0.0576883	
1096.4	0.04861735	0.057727	
1096.6	0.04813178	0.05776547	
1096.8	0.04857437	0.0578037	
1097	0.048843	0.05784171	
1097.2	0.0490203	0.05787949	
1097.4	0.04899749	0.05791704	
1097.6	0.04958479	0.05795436	
1097.8	0.0498413	0.05799146	
1098	0.05039858	0.05802833	
1098.2	0.05116274	0.05806499	
1098.4	0.05122029	0.05810142	
1098.6	0.05165493	0.05813764	
1098.8	0.05201269	0.05817363	
1099	0.05198362	0.05820941	
1099.2	0.05221429	0.05824498	
1099.4	0.05191553	0.05828033	
1099.6	0.05170255	0.05831547	
1099.8	0.05209446	0.05835039	
1100	0.05162698	0.05838511	
1100.2	0.05160121	0.05841962	
1100.4	0.0510489	0.05845392	
1100.6	0.05043534	0.05848801	
1100.8	0.05074761	0.0585219	
1101	0.05071986	0.05855558	
1101.2	0.05079945	0.05858906	
1101.4	0.05086137	0.05862234	
1101.6	0.05128451	0.05865542	
1101.8	0.05126922	0.0586883	
1102	0.05123933	0.05872099	
1102.2	0.05120365	0.05875347	
1102.4	0.05054035	0.05878576	
1102.6	0.05038043	0.05881786	
1102.8	0.05032096	0.05884976	
1103	0.05030781	0.05888147	
1103.2	0.05000161	0.058913	
1103.4	0.04955717	0.05894433	
1103.6	0.0495944	0.05897547	
1103.8	0.0494875	0.05900642	
1104	0.04902433	0.05903719	
1104.2	0.04907848	0.05906778	
1104.4	0.04888712	0.05909818	
1104.6	0.0491193	0.05912839	
1104.8	0.0494956	0.05915843	
1105	0.05020157	0.05918828	
1105.2	0.05074381	0.05921795	
1105.4	0.05060421	0.05924745	
1105.6	0.0510583	0.05927677	
1105.8	0.0508365	0.05930591	
1106	0.05035766	0.05933488	
1106.2	0.05019661	0.05936367	
1106.4	0.05010878	0.05939229	
1106.6	0.05056109	0.05942073	
1106.8	0.05088281	0.05944901	
1107	0.05083881	0.05947712	
1107.2	0.05094114	0.05950505	
1107.4	0.05088713	0.05953282	
1107.6	0.05100545	0.05956042	
1107.8	0.05094823	0.05958786	
1108	0.05094624	0.05961513	
1108.2	0.05111226	0.05964223	
1108.4	0.05104866	0.05966917	
1108.6	0.05111625	0.05969596	
1108.8	0.05107627	0.05972257	
1109	0.05147011	0.05974903	
1109.2	0.05119083	0.05977533	
1109.4	0.05088468	0.05980148	
1109.6	0.05121885	0.05982746	
1109.8	0.05050219	0.05985329	
1110	0.05006423	0.05987896	
1110.2	0.04992434	0.05990448	
1110.4	0.05009656	0.05992984	
1110.6	0.05016704	0.05995506	
1110.8	0.05058831	0.05998012	
1111	0.05085728	0.06000503	
1111.2	0.05104576	0.06002979	
1111.4	0.05102158	0.0600544	
1111.6	0.05135712	0.06007886	
1111.8	0.05146749	0.06010317	
1112	0.05149873	0.06012734	
1112.2	0.05164599	0.06015137	
1112.4	0.05105031	0.06017525	
1112.6	0.05114816	0.06019898	
1112.8	0.0510212	0.06022257	
1113	0.05095298	0.06024602	
1113.2	0.05084398	0.06026933	
1113.4	0.05105434	0.0602925	
1113.6	0.05118915	0.06031553	
1113.8	0.05062438	0.06033842	
1114	0.05075363	0.06036118	
1114.2	0.05065548	0.06038379	
1114.4	0.05027602	0.06040627	
1114.6	0.05051358	0.06042862	
1114.8	0.05107968	0.06045083	
1115	0.05138677	0.06047291	
1115.2	0.05126736	0.06049485	
1115.4	0.05162041	0.06051666	
1115.6	0.05223115	0.06053834	
1115.8	0.05178337	0.06055989	
1116	0.05167386	0.06058132	
1116.2	0.0514928	0.06060261	
1116.4	0.05079079	0.06062377	
1116.6	0.05100102	0.06064481	
1116.8	0.05079955	0.06066572	
1117	0.05071525	0.0606865	
1117.2	0.05095003	0.06070716	
1117.4	0.05135384	0.06072769	
1117.6	0.05121084	0.06074811	
1117.8	0.05085838	0.06076839	
1118	0.05093896	0.06078856	
1118.2	0.05082656	0.0608086	
1118.4	0.05058512	0.06082853	
1118.6	0.05091222	0.06084833	
1118.8	0.05123558	0.06086802	
1119	0.05125601	0.06088759	
1119.2	0.05098691	0.06090703	
1119.4	0.05088022	0.06092637	
1119.6	0.05090106	0.06094558	
1119.8	0.05037969	0.06096468	
1120	0.05055835	0.06098367	
1120.2	0.05022872	0.06100254	
1120.4	0.05005533	0.06102129	
1120.6	0.05035789	0.06103994	
1120.8	0.05041457	0.06105847	
1121	0.05061181	0.06107689	
1121.2	0.05084433	0.0610952	
1121.4	0.05094485	0.0611134	
1121.6	0.05089156	0.06113149	
1121.8	0.05089743	0.06114947	
1122	0.05130871	0.06116735	
1122.2	0.05167738	0.06118511	
1122.4	0.05144578	0.06120277	
1122.6	0.05180167	0.06122032	
1122.8	0.05194389	0.06123777	
1123	0.05152562	0.06125511	
1123.2	0.05134639	0.06127235	
1123.4	0.051484	0.06128948	
1123.6	0.05131554	0.06130651	
1123.8	0.05087197	0.06132344	
1124	0.05040064	0.06134027	
1124.2	0.05010417	0.06135699	
1124.4	0.05003375	0.06137361	
1124.6	0.05014366	0.06139014	
1124.8	0.04971733	0.06140656	
1125	0.04981289	0.06142289	
1125.2	0.04986851	0.06143912	
1125.4	0.05041449	0.06145525	
1125.6	0.05046732	0.06147128	
1125.8	0.05043664	0.06148722	
1126	0.05074068	0.06150306	
1126.2	0.05101356	0.0615188	
1126.4	0.05127024	0.06153445	
1126.6	0.05143105	0.06155001	
1126.8	0.05089212	0.06156547	
1127	0.05068863	0.06158084	
1127.2	0.05072936	0.06159612	
1127.4	0.05045112	0.06161131	
1127.6	0.05009961	0.0616264	
1127.8	0.04980511	0.0616414	
1128	0.04924407	0.06165632	
1128.2	0.04924722	0.06167114	
1128.4	0.04911739	0.06168587	
1128.6	0.04893854	0.06170052	
1128.8	0.04842052	0.06171508	
1129	0.0485793	0.06172954	
1129.2	0.04880896	0.06174393	
1129.4	0.04898789	0.06175822	
1129.6	0.04868539	0.06177243	
1129.8	0.04887551	0.06178656	
1130	0.04909015	0.0618006	
1130.2	0.04929336	0.06181455	
1130.4	0.04957758	0.06182842	
1130.6	0.04949645	0.06184221	
1130.8	0.0495351	0.06185591	
1131	0.05000179	0.06186954	
1131.2	0.05015156	0.06188308	
1131.4	0.05047922	0.06189654	
1131.6	0.05073488	0.06190991	
1131.8	0.05046045	0.06192321	
1132	0.05017824	0.06193643	
1132.2	0.05026646	0.06194957	
1132.4	0.05034624	0.06196262	
1132.6	0.04998722	0.0619756	
1132.8	0.04944042	0.06198851	
1133	0.04932363	0.06200133	
1133.2	0.04902411	0.06201408	
1133.4	0.04862278	0.06202675	
1133.6	0.0480998	0.06203934	
1133.8	0.04778002	0.06205186	
1134	0.04752773	0.0620643	
1134.2	0.04731703	0.06207667	
1134.4	0.04738548	0.06208896	
1134.6	0.04745332	0.06210118	
1134.8	0.04776361	0.06211333	
1135	0.04829955	0.0621254	
1135.2	0.04845889	0.0621374	
1135.4	0.04899771	0.06214933	
1135.6	0.04935237	0.06216119	
1135.8	0.04955833	0.06217297	
1136	0.05001543	0.06218469	
1136.2	0.05006543	0.06219633	
1136.4	0.05018058	0.06220791	
1136.6	0.04983424	0.06221941	
1136.8	0.04931194	0.06223084	
1137	0.04945125	0.06224221	
1137.2	0.04867559	0.06225351	
1137.4	0.04850342	0.06226474	
1137.6	0.0482307	0.0622759	
1137.8	0.04797315	0.06228699	
1138	0.04766267	0.06229802	
1138.2	0.04741596	0.06230898	
1138.4	0.04737403	0.06231988	
1138.6	0.04748963	0.06233071	
1138.8	0.04764341	0.06234147	
1139	0.04778386	0.06235217	
1139.2	0.04776566	0.06236281	
1139.4	0.04811637	0.06237338	
1139.6	0.04838133	0.06238389	
1139.8	0.04844269	0.06239434	
1140	0.06168946	0.06240477	
1140.2	0.06207306	0.06235709	
1140.4	0.06239865	0.06230944	
1140.6	0.06250955	0.06226183	
1140.8	0.06243765	0.06221426	
1141	0.06278786	0.06216672	
1141.2	0.06283876	0.06211922	
1141.4	0.06296944	0.06207175	
1141.6	0.06320812	0.06202433	
1141.8	0.06344047	0.06197693	
1142	0.06334602	0.06192958	
1142.2	0.06336849	0.06188226	
1142.4	0.06350949	0.06183498	
1142.6	0.06436761	0.06178773	
1142.8	0.06446573	0.06174052	
1143	0.0638058	0.06169334	
1143.2	0.06385282	0.0616462	
1143.4	0.06365842	0.0615991	
1143.6	0.06356272	0.06155203	
1143.8	0.06409803	0.061505	
1144	0.0643707	0.06145801	
1144.2	0.06465652	0.06141105	
1144.4	0.06467203	0.06136412	
1144.6	0.06401844	0.06131724	
1144.8	0.06412942	0.06127038	
1145	0.06488475	0.06122357	
1145.2	0.06508944	0.06117679	
1145.4	0.06567727	0.06113004	
1145.6	0.06617627	0.06108334	
1145.8	0.06608007	0.06103666	
1146	0.06605156	0.06099003	
1146.2	0.06644583	0.06094342	
1146.4	0.06667627	0.06089686	
1146.6	0.06663068	0.06085033	
1146.8	0.06635772	0.06080383	
1147	0.06604535	0.06075737	
1147.2	0.06578161	0.06071095	
1147.4	0.06584379	0.06066456	
1147.6	0.06613622	0.06061821	
1147.8	0.06611787	0.06057189	
1148	0.06593779	0.06052561	
1148.2	0.0659076	0.06047936	
1148.4	0.06549441	0.06043315	
1148.6	0.06536427	0.06038697	
1148.8	0.06615685	0.06034083	
1149	0.06622355	0.06029473	
1149.2	0.06646588	0.06024866	
1149.4	0.06658468	0.06020262	
1149.6	0.06646678	0.06015662	
1149.8	0.06674895	0.06011066	
1150	0.0671035	0.06006473	
1150.2	0.06756986	0.06001883	
1150.4	0.06769601	0.05997297	
1150.6	0.06744135	0.05992715	
1150.8	0.06766343	0.05988136	
1151	0.06741588	0.0598356	
1151.2	0.06737764	0.05978988	
1151.4	0.06793422	0.0597442	
1151.6	0.06812256	0.05969855	
1151.8	0.06788742	0.05965293	
1152	0.06786266	0.05960735	
1152.2	0.06772423	0.05956181	
1152.4	0.06797321	0.0595163	
1152.6	0.06825761	0.05947082	
1152.8	0.06791196	0.05942538	
1153	0.06742518	0.05937998	
1153.2	0.06732266	0.0593346	
1153.4	0.06675972	0.05928927	
1153.6	0.06652133	0.05924397	
1153.8	0.06689916	0.0591987	
1154	0.06643382	0.05915347	
1154.2	0.06639619	0.05910827	
1154.4	0.06623767	0.0590631	
1154.6	0.06614442	0.05901797	
1154.8	0.06604347	0.05897288	
1155	0.06603602	0.05892782	
1155.2	0.06578852	0.05888279	
1155.4	0.0657942	0.0588378	
1155.6	0.0657756	0.05879284	
1155.8	0.06574676	0.05874792	
1156	0.06581602	0.05870303	
1156.2	0.06608722	0.05865818	
1156.4	0.06675956	0.05861336	
1156.6	0.06657516	0.05856857	
1156.8	0.06670906	0.05852382	
1157	0.06681245	0.0584791	
1157.2	0.06641389	0.05843442	
1157.4	0.06676078	0.05838977	
1157.6	0.06720077	0.05834516	
1157.8	0.06711248	0.05830058	
1158	0.06691403	0.05825603	
1158.2	0.0672651	0.05821152	
1158.4	0.06723925	0.05816704	
1158.6	0.06740105	0.05812259	
1158.8	0.06716258	0.05807818	
1159	0.06699119	0.05803381	
1159.2	0.06651996	0.05798946	
1159.4	0.06639037	0.05794515	
1159.6	0.06623409	0.05790088	
1159.8	0.06617717	0.05785664	
1160	0.06620439	0.05781243	
1160.2	0.06657343	0.05776826	
1160.4	0.06705498	0.05772412	
1160.6	0.0673099	0.05768001	
1160.8	0.06784381	0.05763594	
1161	0.06766101	0.0575919	
1161.2	0.06760014	0.05754789	
1161.4	0.06813726	0.05750392	
1161.6	0.06807621	0.05745998	
1161.8	0.0676601	0.05741608	
1162	0.06801556	0.05737221	
1162.2	0.06752939	0.05732837	
1162.4	0.06720679	0.05728457	
1162.6	0.06678596	0.0572408	
1162.8	0.06573937	0.05719706	
1163	0.06548901	0.05715336	
1163.2	0.06523423	0.05710969	
1163.4	0.06483674	0.05706605	
1163.6	0.06501832	0.05702245	
1163.8	0.06524285	0.05697888	
1164	0.06552071	0.05693534	
1164.2	0.06578483	0.05689184	
1164.4	0.06654512	0.05684837	
1164.6	0.06665321	0.05680493	
1164.8	0.06691182	0.05676153	
1165	0.06717297	0.05671815	
1165.2	0.06772785	0.05667482	
1165.4	0.06776262	0.05663151	
1165.6	0.06803258	0.05658824	
1165.8	0.06756496	0.056545	
1166	0.06741366	0.0565018	
1166.2	0.06708595	0.05645863	
1166.4	0.06722475	0.05641549	
1166.6	0.06662275	0.05637238	
1166.8	0.06659005	0.05632931	
1167	0.06690982	0.05628627	
1167.2	0.06682034	0.05624326	
1167.4	0.0664895	0.05620028	
1167.6	0.06647081	0.05615734	
1167.8	0.06569522	0.05611443	
1168	0.06539334	0.05607156	
1168.2	0.06505772	0.05602871	
1168.4	0.06531906	0.0559859	
1168.6	0.06456853	0.05594312	
1168.8	0.06463356	0.05590038	
1169	0.06476953	0.05585767	
1169.2	0.06402267	0.05581499	
1169.4	0.06377732	0.05577234	
1169.6	0.0635945	0.05572972	
1169.8	0.06303099	0.05568714	
1170	0.06362759	0.05564459	
1170.2	0.06405774	0.05560207	
1170.4	0.06373736	0.05555959	
1170.6	0.06410019	0.05551714	
1170.8	0.06474203	0.05547472	
1171	0.06430732	0.05543233	
1171.2	0.06427874	0.05538997	
1171.4	0.06420687	0.05534765	
1171.6	0.06403912	0.05530536	
1171.8	0.06400579	0.0552631	
1172	0.06418152	0.05522088	
1172.2	0.0641621	0.05517868	
1172.4	0.06433278	0.05513652	
1172.6	0.06457531	0.05509439	
1172.8	0.06508998	0.0550523	
1173	0.06504342	0.05501023	
1173.2	0.06502929	0.0549682	
1173.4	0.06598877	0.0549262	
1173.6	0.06572334	0.05488423	
1173.8	0.06605469	0.05484229	
1174	0.06648326	0.05480039	
1174.2	0.06645749	0.05475852	
1174.4	0.06632921	0.05471668	
1174.6	0.06667883	0.05467487	
1174.8	0.0660447	0.05463309	
1175	0.06563828	0.05459135	
1175.2	0.0659402	0.05454964	
1175.4	0.06556888	0.05450795	
1175.6	0.06507046	0.05446631	
1175.8	0.06491997	0.05442469	
1176	0.06400823	0.0543831	
1176.2	0.06380509	0.05434155	
1176.4	0.06366059	0.05430003	
1176.6	0.06368602	0.05425854	
1176.8	0.06342918	0.05421708	
1177	0.0630304	0.05417565	
1177.2	0.06336004	0.05413426	
1177.4	0.06342477	0.0540929	
1177.6	0.06304533	0.05405156	
1177.8	0.06327242	0.05401026	
1178	0.06334498	0.053969	
1178.2	0.06401871	0.05392776	
1178.4	0.0640358	0.05388655	
1178.6	0.06398371	0.05384538	
1178.8	0.06415844	0.05380424	
1179	0.06458369	0.05376313	
1179.2	0.0646014	0.05372205	
1179.4	0.06441843	0.053681	
1179.6	0.06464696	0.05363998	
1179.8	0.06480335	0.05359899	
1180	0.06475136	0.05355804	
1180.2	0.06511502	0.05351712	
1180.4	0.064981	0.05347623	
1180.6	0.06515271	0.05343537	
1180.8	0.0654907	0.05339454	
1181	0.06520083	0.05335374	
1181.2	0.06544559	0.05331297	
1181.4	0.06527621	0.05327224	
1181.6	0.06506003	0.05323153	
1181.8	0.06509332	0.05319086	
1182	0.06528428	0.05315021	
1182.2	0.0652376	0.0531096	
1182.4	0.06464412	0.05306902	
1182.6	0.06466031	0.05302847	
1182.8	0.06473223	0.05298796	
1183	0.06403927	0.05294747	
1183.2	0.06419703	0.05290701	
1183.4	0.06428179	0.05286659	
1183.6	0.06388115	0.05282619	
1183.8	0.06397889	0.05278583	
1184	0.06399012	0.05274549	
1184.2	0.06382073	0.05270519	
1184.4	0.06348132	0.05266492	
1184.6	0.06371833	0.05262468	
1184.8	0.06342893	0.05258447	
1185	0.063098	0.05254429	
1185.2	0.06341914	0.05250414	
1185.4	0.06327726	0.05246403	
1185.6	0.06344828	0.05242394	
1185.8	0.06378592	0.05238388	
1186	0.06407633	0.05234386	
1186.2	0.06413755	0.05230386	
1186.4	0.0644243	0.0522639	
1186.6	0.06483746	0.05222396	
1186.8	0.06466361	0.05218406	
1187	0.06491925	0.05214419	
1187.2	0.06592213	0.05210434	
1187.4	0.06564586	0.05206453	
1187.6	0.06524263	0.05202475	
1187.8	0.06594568	0.051985	
1188	0.06584265	0.05194528	
1188.2	0.06557765	0.05190559	
1188.4	0.06535152	0.05186593	
1188.6	0.06523683	0.0518263	
1188.8	0.06453293	0.0517867	
1189	0.06413445	0.05174713	
1189.2	0.06391358	0.05170759	
1189.4	0.06325833	0.05166808	
1189.6	0.06313365	0.0516286	
1189.8	0.06271778	0.05158915	
1190	0.0627983	0.05154973	
1190.2	0.06247092	0.05151034	
1190.4	0.0618653	0.05147098	
1190.6	0.06183475	0.05143166	
1190.8	0.06165595	0.05139236	
1191	0.06210286	0.05135309	
1191.2	0.06185655	0.05131385	
1191.4	0.06139953	0.05127464	
1191.6	0.06129564	0.05123546	
1191.8	0.06124887	0.05119632	
1192	0.06103722	0.0511572	
1192.2	0.06105047	0.05111811	
1192.4	0.06088075	0.05107905	
1192.6	0.06075102	0.05104002	
1192.8	0.06095944	0.05100102	
1193	0.06079223	0.05096205	
1193.2	0.06117706	0.05092311	
1193.4	0.06172525	0.0508842	
1193.6	0.06198311	0.05084532	
1193.8	0.06216273	0.05080647	
1194	0.06207933	0.05076765	
1194.2	0.06180132	0.05072886	
1194.4	0.06154564	0.0506901	
1194.6	0.06172803	0.05065137	
1194.8	0.06102695	0.05061267	
1195	0.06047367	0.050574	
1195.2	0.06021779	0.05053535	
1195.4	0.06013484	0.05049674	
1195.6	0.05931547	0.05045816	
1195.8	0.05894459	0.0504196	
1196	0.05923515	0.05038108	
1196.2	0.05945886	0.05034258	
1196.4	0.05983274	0.05030411	
1196.6	0.06011995	0.05026568	
1196.8	0.0602948	0.05022727	
1197	0.06037102	0.05018889	
1197.2	0.06129173	0.05015054	
1197.4	0.06147854	0.05011222	
1197.6	0.0613134	0.05007393	
1197.8	0.06146629	0.05003567	
1198	0.06109835	0.04999744	
1198.2	0.06136368	0.04995924	
1198.4	0.06132198	0.04992107	
1198.6	0.06103316	0.04988292	
1198.8	0.06068246	0.04984481	
1199	0.06055358	0.04980672	
1199.2	0.06111763	0.04976867	
1199.4	0.06098554	0.04973064	
1199.6	0.06122038	0.04969264	
1199.8	0.06130885	0.04965467	
1200	0.0611043	0.04961673	
1200.2	0.06105758	0.04957882	
1200.4	0.06121252	0.04954094	
1200.6	0.06060534	0.04950308	
1200.8	0.06065716	0.04946526	
1201	0.06061495	0.04942746	
1201.2	0.06015113	0.04938969	
1201.4	0.05966714	0.04935196	
1201.6	0.05957473	0.04931425	
1201.8	0.05891877	0.04927657	
1202	0.05832728	0.04923892	
1202.2	0.05852544	0.04920129	
1202.4	0.05819854	0.0491637	
1202.6	0.0575299	0.04912613	
1202.8	0.05746428	0.0490886	
1203	0.05738333	0.04905109	
1203.2	0.05790437	0.04901361	
1203.4	0.05789932	0.04897616	
1203.6	0.05789435	0.04893874	
1203.8	0.05736256	0.04890134	
1204	0.05752089	0.04886398	
1204.2	0.05766675	0.04882664	
1204.4	0.05786842	0.04878933	
1204.6	0.0579069	0.04875205	
1204.8	0.05837455	0.0487148	
1205	0.05806693	0.04867758	
1205.2	0.05794448	0.04864039	
1205.4	0.05804212	0.04860322	
1205.6	0.05757226	0.04856609	
1205.8	0.05732126	0.04852898	
1206	0.05743308	0.0484919	
1206.2	0.05742188	0.04845484	
1206.4	0.05730224	0.04841782	
1206.6	0.05707817	0.04838082	
1206.8	0.05705786	0.04834386	
1207	0.05696093	0.04830692	
1207.2	0.05703644	0.04827001	
1207.4	0.05673638	0.04823313	
1207.6	0.05658029	0.04819627	
1207.8	0.05673454	0.04815945	
1208	0.05705422	0.04812265	
1208.2	0.05700544	0.04808588	
1208.4	0.05744642	0.04804914	
1208.6	0.05742127	0.04801242	
1208.8	0.05740502	0.04797574	
1209	0.05735169	0.04793908	
1209.2	0.05737521	0.04790245	
1209.4	0.05713834	0.04786585	
1209.6	0.05722625	0.04782927	
1209.8	0.057522	0.04779273	
1210	0.05726216	0.04775621	
1210.2	0.05718714	0.04771972	
1210.4	0.05750856	0.04768326	
1210.6	0.05735908	0.04764682	
1210.8	0.05740924	0.04761042	
1211	0.05730786	0.04757404	
1211.2	0.05724998	0.04753769	
1211.4	0.05673779	0.04750137	
1211.6	0.05711099	0.04746507	
1211.8	0.05695665	0.0474288	
1212	0.05659399	0.04739256	
1212.2	0.05671511	0.04735635	
1212.4	0.05676395	0.04732017	
1212.6	0.05631514	0.04728401	
1212.8	0.05661439	0.04724788	
1213	0.05676361	0.04721178	
1213.2	0.05702489	0.04717571	
1213.4	0.05692614	0.04713966	
1213.6	0.05714275	0.04710364	
1213.8	0.05701468	0.04706765	
1214	0.0569099	0.04703169	
1214.2	0.05701645	0.04699575	
1214.4	0.05721469	0.04695984	
1214.6	0.05717555	0.04692396	
1214.8	0.05729711	0.04688811	
1215	0.05681644	0.04685228	
1215.2	0.0563798	0.04681648	
1215.4	0.05614126	0.04678071	
1215.6	0.05596873	0.04674496	
1215.8	0.05560235	0.04670925	
1216	0.05586152	0.04667356	
1216.2	0.05635675	0.04663789	
1216.4	0.05627473	0.04660226	
1216.6	0.05628683	0.04656665	
1216.8	0.05614228	0.04653107	
1217	0.0560723	0.04649552	
1217.2	0.05628772	0.04645999	
1217.4	0.05583764	0.04642449	
1217.6	0.05590178	0.04638902	
1217.8	0.05587152	0.04635357	
1218	0.05573311	0.04631815	
1218.2	0.05570831	0.04628276	
1218.4	0.05579679	0.0462474	
1218.6	0.05562677	0.04621206	
1218.8	0.05514793	0.04617675	
1219	0.05482486	0.04614147	
1219.2	0.05436519	0.04610621	
1219.4	0.05426682	0.04607098	
1219.6	0.05409306	0.04603578	
1219.8	0.05473047	0.04600061	
1220	0.05503999	0.04596546	
1220.2	0.05481254	0.04593034	
1220.4	0.05519624	0.04589524	
1220.6	0.05546181	0.04586017	
1220.8	0.05530498	0.04582513	
1221	0.05581063	0.04579012	
1221.2	0.05611472	0.04575513	
1221.4	0.05585405	0.04572017	
1221.6	0.05628464	0.04568523	
1221.8	0.05653306	0.04565033	
1222	0.05597646	0.04561545	
1222.2	0.05593522	0.04558059	
1222.4	0.0556879	0.04554576	
1222.6	0.0545132	0.04551096	
1222.8	0.05410468	0.04547619	
1223	0.05402972	0.04544144	
1223.2	0.05327887	0.04540672	
1223.4	0.05327251	0.04537203	
1223.6	0.05326066	0.04533736	
1223.8	0.05307021	0.04530272	
1224	0.05248974	0.0452681	
1224.2	0.05258258	0.04523351	
1224.4	0.05274706	0.04519895	
1224.6	0.05269742	0.04516441	
1224.8	0.0527528	0.0451299	
1225	0.0527956	0.04509542	
1225.2	0.05304401	0.04506096	
1225.4	0.05290776	0.04502653	
1225.6	0.05303348	0.04499213	
1225.8	0.05244306	0.04495775	
1226	0.05196096	0.0449234	
1226.2	0.05244051	0.04488907	
1226.4	0.05212896	0.04485478	
1226.6	0.05181788	0.0448205	
1226.8	0.0524048	0.04478626	
1227	0.05239635	0.04475204	
1227.2	0.05275779	0.04471784	
1227.4	0.0528235	0.04468367	
1227.6	0.05275126	0.04464953	
1227.8	0.052404	0.04461541	
1228	0.05210339	0.04458132	
1228.2	0.05225641	0.04454726	
1228.4	0.05209252	0.04451322	
1228.6	0.05260081	0.04447921	
1228.8	0.05256547	0.04444522	
1229	0.05257132	0.04441126	
1229.2	0.05281463	0.04437733	
1229.4	0.05251106	0.04434342	
1229.6	0.05221654	0.04430954	
1229.8	0.05197459	0.04427568	
1230	0.05244064	0.04424185	
1230.2	0.052264	0.04420805	
1230.4	0.0522418	0.04417427	
1230.6	0.05249166	0.04414052	
1230.8	0.05240915	0.04410679	
1231	0.0523436	0.04407309	
1231.2	0.05216999	0.04403941	
1231.4	0.05132686	0.04400576	
1231.6	0.05130017	0.04397214	
1231.8	0.05091112	0.04393854	
1232	0.05051694	0.04390497	
1232.2	0.05059011	0.04387142	
1232.4	0.05075977	0.0438379	
1232.6	0.05048541	0.0438044	
1232.8	0.05043044	0.04377093	
1233	0.05059723	0.04373749	
1233.2	0.05095982	0.04370407	
1233.4	0.05066822	0.04367067	
1233.6	0.05077452	0.04363731	
1233.8	0.05120953	0.04360396	
1234	0.05129585	0.04357065	
1234.2	0.05156353	0.04353735	
1234.4	0.05223605	0.04350409	
1234.6	0.05169835	0.04347085	
1234.8	0.05168449	0.04343763	
1235	0.05137706	0.04340444	
1235.2	0.05128703	0.04337128	
1235.4	0.05124106	0.04333814	
1235.6	0.05131502	0.04330502	
1235.8	0.05116401	0.04327193	
1236	0.05113662	0.04323887	
1236.2	0.05113667	0.04320583	
1236.4	0.05066713	0.04317282	
1236.6	0.05047346	0.04313983	
1236.8	0.05067557	0.04310687	
1237	0.05046079	0.04307393	
1237.2	0.05064506	0.04304102	
1237.4	0.05056159	0.04300813	
1237.6	0.05042778	0.04297527	
1237.8	0.05063986	0.04294243	
1238	0.05052509	0.04290962	
1238.2	0.05071981	0.04287684	
1238.4	0.05056661	0.04284407	
1238.6	0.05011757	0.04281134	
1238.8	0.05049069	0.04277863	
1239	0.05018176	0.04274594	
1239.2	0.05046199	0.04271328	
1239.4	0.05030738	0.04268064	
1239.6	0.04980735	0.04264803	
1239.8	0.04965418	0.04261544	
1240	0.04962032	0.04258288	
1240.2	0.04918926	0.04255034	
1240.4	0.04925889	0.04251783	
1240.6	0.04955017	0.04248534	
1240.8	0.04907105	0.04245288	
1241	0.04914871	0.04242044	
1241.2	0.04987833	0.04238803	
1241.4	0.04952987	0.04235564	
1241.6	0.04941101	0.04232328	
1241.8	0.04985421	0.04229094	
1242	0.04987501	0.04225863	
1242.2	0.05022223	0.04222634	
1242.4	0.05042053	0.04219407	
1242.6	0.050449	0.04216183	
1242.8	0.05036042	0.04212962	
1243	0.05009908	0.04209743	
1243.2	0.04990131	0.04206526	
1243.4	0.04956315	0.04203312	
1243.6	0.04904493	0.042001	
1243.8	0.04902362	0.04196891	
1244	0.04877289	0.04193684	
1244.2	0.04871664	0.0419048	
1244.4	0.0490367	0.04187278	
1244.6	0.04891614	0.04184079	
1244.8	0.04898142	0.04180882	
1245	0.04938201	0.04177687	
1245.2	0.04950144	0.04174495	
1245.4	0.04917277	0.04171305	
1245.6	0.04941373	0.04168118	
1245.8	0.04941483	0.04164933	
1246	0.04940842	0.04161751	
1246.2	0.04946991	0.04158571	
1246.4	0.04966919	0.04155393	
1246.6	0.04956706	0.04152218	
1246.8	0.04951732	0.04149046	
1247	0.04921831	0.04145875	
1247.2	0.0484964	0.04142708	
1247.4	0.0486174	0.04139542	
1247.6	0.04841596	0.04136379	
1247.8	0.0483522	0.04133219	
1248	0.0483231	0.0413006	
1248.2	0.04856627	0.04126905	
1248.4	0.04841231	0.04123751	
1248.6	0.0487215	0.04120601	
1248.8	0.04884156	0.04117452	
1249	0.04858256	0.04114306	
1249.2	0.04841097	0.04111162	
1249.4	0.04842847	0.04108021	
1249.6	0.04769591	0.04104882	
1249.8	0.04775597	0.04101746	
1250	0.04807335	0.04098612	
1250.2	0.04808383	0.0409548	
1250.4	0.0482674	0.04092351	
1250.6	0.04793902	0.04089224	
1250.8	0.04765154	0.04086099	
1251	0.0471043	0.04082977	
1251.2	0.04728572	0.04079857	
1251.4	0.04771695	0.0407674	
1251.6	0.0473722	0.04073625	
1251.8	0.04752421	0.04070512	
1252	0.04754878	0.04067402	
1252.2	0.04727754	0.04064294	
1252.4	0.0471956	0.04061189	
1252.6	0.04733489	0.04058086	
1252.8	0.0473663	0.04054985	
1253	0.04727396	0.04051887	
1253.2	0.04758382	0.04048791	
1253.4	0.04775164	0.04045697	
1253.6	0.04766728	0.04042606	
1253.8	0.04822961	0.04039517	
1254	0.04844076	0.0403643	
1254.2	0.04822187	0.04033346	
1254.4	0.04806628	0.04030264	
1254.6	0.04784327	0.04027185	
1254.8	0.04801257	0.04024108	
1255	0.04820964	0.04021033	
1255.2	0.04824969	0.0401796	
1255.4	0.04824264	0.0401489	
1255.6	0.04838523	0.04011823	
1255.8	0.04850875	0.04008757	
1256	0.04826221	0.04005694	
1256.2	0.04812144	0.04002634	
1256.4	0.04805427	0.03999575	
1256.6	0.0475815	0.03996519	
1256.8	0.04746166	0.03993465	
1257	0.04760931	0.03990414	
1257.2	0.04748408	0.03987365	
1257.4	0.04739616	0.03984318	
1257.6	0.0470413	0.03981274	
1257.8	0.04660781	0.03978232	
1258	0.0464335	0.03975192	
1258.2	0.04621737	0.03972155	
1258.4	0.04580244	0.0396912	
1258.6	0.04602598	0.03966087	
1258.8	0.04670235	0.03963057	
1259	0.04679358	0.03960028	
1259.2	0.04695258	0.03957003	
1259.4	0.04773849	0.03953979	
1259.6	0.04755883	0.03950958	
1259.8	0.04727335	0.03947939	
1260	0.04735322	0.03944923	
1260.2	0.04754031	0.03941908	
1260.4	0.04729618	0.03938896	
1260.6	0.04717295	0.03935887	
1260.8	0.04736013	0.03932879	
1261	0.04764551	0.03929874	
1261.2	0.04699671	0.03926872	
1261.4	0.04673348	0.03923871	
1261.6	0.04612455	0.03920873	
1261.8	0.04619222	0.03917877	
1262	0.04606962	0.03914883	
1262.2	0.04563586	0.03911892	
1262.4	0.04577462	0.03908903	
1262.6	0.04612983	0.03905916	
1262.8	0.0462067	0.03902932	
1263	0.04628487	0.0389995	
1263.2	0.04628179	0.0389697	
1263.4	0.04603472	0.03893992	
1263.6	0.04604391	0.03891017	
1263.8	0.0460854	0.03888044	
1264	0.04639527	0.03885073	
1264.2	0.04665472	0.03882104	
1264.4	0.04664458	0.03879138	
1264.6	0.04667319	0.03876174	
1264.8	0.04645708	0.03873212	
1265	0.04640267	0.03870253	
1265.2	0.04554658	0.03867296	
1265.4	0.04477316	0.03864341	
1265.6	0.04474196	0.03861388	
1265.8	0.04476343	0.03858438	
1266	0.04412358	0.03855489	
1266.2	0.04385046	0.03852544	
1266.4	0.04399241	0.038496	
1266.6	0.04364618	0.03846658	
1266.8	0.04397679	0.03843719	
1267	0.0441063	0.03840782	
1267.2	0.04372835	0.03837848	
1267.4	0.04384023	0.03834915	
1267.6	0.04412499	0.03831985	
1267.8	0.04353416	0.03829057	
1268	0.04378272	0.03826131	
1268.2	0.04380818	0.03823208	
1268.4	0.04382931	0.03820286	
1268.6	0.04349496	0.03817367	
1268.8	0.04327673	0.03814451	
1269	0.0428223	0.03811536	
1269.2	0.04211759	0.03808624	
1269.4	0.04198068	0.03805714	
1269.6	0.04241342	0.03802806	
1269.8	0.04214413	0.037999	
1270	0.04249129	0.03796997	
1270.2	0.04233391	0.03794095	
1270.4	0.04215339	0.03791196	
1270.6	0.04260647	0.037883	
1270.8	0.04315551	0.03785405	
1271	0.04280949	0.03782513	
1271.2	0.0430029	0.03779622	
1271.4	0.04320547	0.03776734	
1271.6	0.04314579	0.03773849	
1271.8	0.04339662	0.03770965	
1272	0.04372219	0.03768084	
1272.2	0.04357838	0.03765205	
1272.4	0.04382211	0.03762328	
1272.6	0.04384794	0.03759453	
1272.8	0.04388067	0.0375658	
1273	0.04389968	0.0375371	
1273.2	0.04390874	0.03750842	
1273.4	0.04386722	0.03747976	
1273.6	0.04369751	0.03745112	
1273.8	0.04343852	0.03742251	
1274	0.04334513	0.03739391	
1274.2	0.04245637	0.03736534	
1274.4	0.04189524	0.03733679	
1274.6	0.04216343	0.03730826	
1274.8	0.04140673	0.03727975	
1275	0.04155466	0.03725127	
1275.2	0.04197808	0.03722281	
1275.4	0.04166713	0.03719436	
1275.6	0.04161635	0.03716594	
1275.8	0.04205021	0.03713755	
1276	0.04154096	0.03710917	
1276.2	0.04200192	0.03708082	
1276.4	0.04241194	0.03705248	
1276.6	0.04269433	0.03702417	
1276.8	0.04266108	0.03699588	
1277	0.04267084	0.03696761	
1277.2	0.04263027	0.03693937	
1277.4	0.04242215	0.03691114	
1277.6	0.04248321	0.03688294	
1277.8	0.04212466	0.03685476	
1278	0.04158332	0.0368266	
1278.2	0.04128141	0.03679846	
1278.4	0.04134736	0.03677034	
1278.6	0.04179715	0.03674225	
1278.8	0.04199468	0.03671417	
1279	0.04262814	0.03668612	
1279.2	0.04193825	0.03665809	
1279.4	0.04150604	0.03663008	
1279.6	0.04103589	0.03660209	
1279.8	0.04093799	0.03657412	
1280	0.04066749	0.03654618	
1280.2	0.04067645	0.03651825	
1280.4	0.0404541	0.03649035	
1280.6	0.04042145	0.03646247	
1280.8	0.04010922	0.03643461	
1281	0.04011714	0.03640677	
1281.2	0.04038259	0.03637895	
1281.4	0.04056073	0.03635115	
1281.6	0.04077574	0.03632338	
1281.8	0.04034138	0.03629562	
1282	0.04086608	0.03626789	
1282.2	0.04124523	0.03624018	
1282.4	0.04182996	0.03621249	
1282.6	0.04207162	0.03618482	
1282.8	0.04186634	0.03615717	
1283	0.0415539	0.03612954	
1283.2	0.0408418	0.03610194	
1283.4	0.04031116	0.03607435	
1283.6	0.03984568	0.03604679	
1283.8	0.04021862	0.03601924	
1284	0.04031189	0.03599172	
1284.2	0.03951663	0.03596422	
1284.4	0.03964751	0.03593674	
1284.6	0.03940311	0.03590928	
1284.8	0.03900197	0.03588184	
1285	0.03935829	0.03585443	
1285.2	0.03965192	0.03582703	
1285.4	0.03967668	0.03579966	
1285.6	0.03954166	0.0357723	
1285.8	0.03943511	0.03574497	
1286	0.03949657	0.03571766	
1286.2	0.03939177	0.03569037	
1286.4	0.03962294	0.0356631	
1286.6	0.03977355	0.03563585	
1286.8	0.03938301	0.03560862	
1287	0.03953569	0.03558141	
1287.2	0.03931509	0.03555422	
1287.4	0.03926986	0.03552706	
1287.6	0.03986869	0.03549991	
1287.8	0.04039698	0.03547278	
1288	0.04010808	0.03544568	
1288.2	0.0400399	0.0354186	
1288.4	0.04036073	0.03539153	
1288.6	0.03988358	0.03536449	
1288.8	0.03985937	0.03533747	
1289	0.0403271	0.03531047	
1289.2	0.03985492	0.03528349	
1289.4	0.03969625	0.03525653	
1289.6	0.03953771	0.03522959	
1289.8	0.03901858	0.03520267	
1290	0.03860839	0.03517577	
1290.2	0.03869418	0.0351489	
1290.4	0.03853588	0.03512204	
1290.6	0.03835333	0.0350952	
1290.8	0.03799137	0.03506839	
1291	0.03797028	0.03504159	
1291.2	0.03749589	0.03501482	
1291.4	0.03816334	0.03498806	
1291.6	0.03839857	0.03496133	
1291.8	0.03867545	0.03493462	
1292	0.03869091	0.03490792	
1292.2	0.03876938	0.03488125	
1292.4	0.03863817	0.0348546	
1292.6	0.03897586	0.03482797	
1292.8	0.03953065	0.03480135	
1293	0.03952365	0.03477476	
1293.2	0.03944702	0.03474819	
1293.4	0.03961313	0.03472164	
1293.6	0.03932665	0.03469511	
1293.8	0.03951518	0.0346686	
1294	0.04015234	0.03464211	
1294.2	0.04048742	0.03461564	
1294.4	0.04047352	0.03458919	
1294.6	0.04059798	0.03456276	
1294.8	0.04029668	0.03453635	
1295	0.03963385	0.03450997	
1295.2	0.03924047	0.0344836	
1295.4	0.03938962	0.03445725	
1295.6	0.03861317	0.03443092	
1295.8	0.03881099	0.03440461	
1296	0.03828108	0.03437832	
1296.2	0.03784005	0.03435206	
1296.4	0.03779612	0.03432581	
1296.6	0.03775372	0.03429958	
1296.8	0.03711558	0.03427337	
1297	0.03662809	0.03424718	
1297.2	0.03653404	0.03422102	
1297.4	0.03587776	0.03419487	
1297.6	0.03562082	0.03416874	
1297.8	0.03628059	0.03414263	
1298	0.0365788	0.03411654	
1298.2	0.03712123	0.03409048	
1298.4	0.03724683	0.03406443	
1298.6	0.03698655	0.0340384	
1298.8	0.03670231	0.03401239	
1299	0.0366094	0.0339864	
1299.2	0.0367867	0.03396044	
1299.4	0.03692824	0.03393449	
1299.6	0.0368786	0.03390856	
1299.8	0.0375857	0.03388265	
1300	0.03688458	0.03385676	
1300.2	0.03662552	0.03383089	
1300.4	0.03620541	0.03380504	
1300.6	0.03574408	0.03377921	
1300.8	0.03523057	0.0337534	
1301	0.03512744	0.03372761	
1301.2	0.03445131	0.03370184	
1301.4	0.03422093	0.03367609	
1301.6	0.03445305	0.03365036	
1301.8	0.03462338	0.03362464	
1302	0.03485213	0.03359895	
1302.2	0.0354541	0.03357328	
1302.4	0.03520617	0.03354763	
1302.6	0.03551193	0.03352199	
1302.8	0.03635125	0.03349638	
1303	0.03667494	0.03347079	
1303.2	0.03686888	0.03344521	
1303.4	0.03717	0.03341966	
1303.6	0.03705239	0.03339412	
1303.8	0.0374631	0.0333686	
1304	0.03704399	0.03334311	
1304.2	0.03692889	0.03331763	
1304.4	0.03635554	0.03329217	
1304.6	0.03618084	0.03326674	
1304.8	0.03637979	0.03324132	
1305	0.03622179	0.03321592	
1305.2	0.03620484	0.03319054	
1305.4	0.03654355	0.03316518	
1305.6	0.03614226	0.03313984	
1305.8	0.03594407	0.03311451	
1306	0.036065	0.03308921	
1306.2	0.03555993	0.03306393	
1306.4	0.03570513	0.03303866	
1306.6	0.03592695	0.03301342	
1306.8	0.03583634	0.0329882	
1307	0.03527668	0.03296299	
1307.2	0.03507279	0.0329378	
1307.4	0.03520521	0.03291264	
1307.6	0.03528226	0.03288749	
1307.8	0.03521539	0.03286236	
1308	0.03517669	0.03283725	
1308.2	0.03470483	0.03281216	
1308.4	0.03468945	0.03278709	
1308.6	0.03481892	0.03276203	
1308.8	0.03477459	0.032737	
1309	0.0345285	0.03271199	
1309.2	0.03482721	0.03268699	
1309.4	0.03465814	0.03266202	
1309.6	0.03450671	0.03263706	
1309.8	0.03461041	0.03261212	
1310	0.03455592	0.0325872	
1310.2	0.03456181	0.03256231	
1310.4	0.03559174	0.03253743	
1310.6	0.03540576	0.03251256	
1310.8	0.03564144	0.03248772	
1311	0.03546467	0.0324629	
1311.2	0.03555645	0.03243809	
1311.4	0.03564947	0.03241331	
1311.6	0.03602266	0.03238854	
1311.8	0.03599352	0.03236379	
1312	0.03597897	0.03233906	
1312.2	0.03567524	0.03231435	
1312.4	0.03549928	0.03228966	
1312.6	0.03480995	0.03226499	
1312.8	0.03427553	0.03224034	
1313	0.03367491	0.0322157	
1313.2	0.03327878	0.03219109	
1313.4	0.03303874	0.03216649	
1313.6	0.03291548	0.03214191	
1313.8	0.03276854	0.03211735	
1314	0.03302195	0.03209281	
1314.2	0.03305606	0.03206829	
1314.4	0.03294634	0.03204379	
1314.6	0.03294687	0.03201931	
1314.8	0.03316952	0.03199484	
1315	0.03287927	0.03197039	
1315.2	0.03303181	0.03194596	
1315.4	0.03342987	0.03192156	
1315.6	0.03400205	0.03189716	
1315.8	0.03380961	0.03187279	
1316	0.03390333	0.03184844	
1316.2	0.03408523	0.0318241	
1316.4	0.03394978	0.03179979	
1316.6	0.03391465	0.03177549	
1316.8	0.03375477	0.03175121	
1317	0.03337023	0.03172695	
1317.2	0.03385403	0.03170271	
1317.4	0.03403231	0.03167848	
1317.6	0.03392957	0.03165428	
1317.8	0.0336806	0.03163009	
1318	0.03344409	0.03160592	
1318.2	0.03275884	0.03158177	
1318.4	0.03310185	0.03155764	
1318.6	0.03362793	0.03153353	
1318.8	0.0334582	0.03150944	
1319	0.0333165	0.03148536	
1319.2	0.03361521	0.0314613	
1319.4	0.03353971	0.03143726	
1319.6	0.03343888	0.03141324	
1319.8	0.03332402	0.03138924	
1320	0.03341052	0.03136526	
1320.2	0.0332153	0.03134129	
1320.4	0.0330307	0.03131734	
1320.6	0.03309498	0.03129341	
1320.8	0.0328411	0.0312695	
1321	0.03287517	0.03124561	
1321.2	0.03286491	0.03122174	
1321.4	0.03236256	0.03119788	
1321.6	0.03169277	0.03117404	
1321.8	0.03118793	0.03115022	
1322	0.03076499	0.03112642	
1322.2	0.03096012	0.03110264	
1322.4	0.03193498	0.03107887	
1322.6	0.0323202	0.03105513	
1322.8	0.03253135	0.0310314	
1323	0.03303352	0.03100769	
1323.2	0.03321491	0.03098399	
1323.4	0.03314921	0.03096032	
1323.6	0.03329997	0.03093666	
1323.8	0.03333543	0.03091302	
1324	0.03319889	0.0308894	
1324.2	0.03345928	0.0308658	
1324.4	0.03340076	0.03084222	
1324.6	0.03322649	0.03081865	
1324.8	0.03278937	0.0307951	
1325	0.03302116	0.03077157	
1325.2	0.03202396	0.03074806	
1325.4	0.03157079	0.03072457	
1325.6	0.03129964	0.03070109	
1325.8	0.03117295	0.03067763	
1326	0.03123011	0.03065419	
1326.2	0.03176341	0.03063077	
1326.4	0.03171105	0.03060736	
1326.6	0.03201066	0.03058398	
1326.8	0.03218957	0.03056061	
1327	0.03224734	0.03053726	
1327.2	0.03222729	0.03051393	
1327.4	0.03231084	0.03049061	
1327.6	0.03226797	0.03046731	
1327.8	0.03227219	0.03044403	
1328	0.0322861	0.03042077	
1328.2	0.03190939	0.03039753	
1328.4	0.03127888	0.0303743	
1328.6	0.03086597	0.03035109	
1328.8	0.0303866	0.0303279	
1329	0.03085064	0.03030473	
1329.2	0.03049611	0.03028157	
1329.4	0.03076748	0.03025843	
1329.6	0.03099464	0.03023531	
1329.8	0.03135118	0.03021221	
1330	0.03150739	0.03018913	
1330.2	0.03128461	0.03016606	
1330.4	0.03112579	0.03014301	
1330.6	0.03154204	0.03011998	
1330.8	0.03149264	0.03009696	
1331	0.03152132	0.03007397	
1331.2	0.03170611	0.03005099	
1331.4	0.03123493	0.03002803	
1331.6	0.03126209	0.03000508	
1331.8	0.03116718	0.02998216	
1332	0.03036015	0.02995925	
1332.2	0.03004286	0.02993636	
1332.4	0.02979418	0.02991348	
1332.6	0.02943019	0.02989063	
1332.8	0.02952341	0.02986779	
1333	0.03040401	0.02984497	
1333.2	0.03044914	0.02982216	
1333.4	0.03090379	0.02979937	
1333.6	0.03126224	0.02977661	
1333.8	0.0314492	0.02975385	
1334	0.03086748	0.02973112	
1334.2	0.03084973	0.0297084	
1334.4	0.03089784	0.0296857	
1334.6	0.03068303	0.02966302	
1334.8	0.03107087	0.02964035	
1335	0.03113279	0.02961771	
1335.2	0.03116297	0.02959508	
1335.4	0.03095384	0.02957246	
1335.6	0.03103864	0.02954987	
1335.8	0.03087982	0.02952729	
1336	0.03053054	0.02950473	
1336.2	0.03070202	0.02948218	
1336.4	0.03025565	0.02945966	
1336.6	0.03021332	0.02943715	
1336.8	0.03066864	0.02941465	
1337	0.03105523	0.02939218	
1337.2	0.03120499	0.02936972	
1337.4	0.0315837	0.02934728	
1337.6	0.03143826	0.02932486	
1337.8	0.03158761	0.02930245	
1338	0.03140899	0.02928006	
1338.2	0.0313152	0.02925769	
1338.4	0.0311784	0.02923533	
1338.6	0.03144028	0.02921299	
1338.8	0.03172306	0.02919067	
1339	0.03117364	0.02916837	
1339.2	0.03138417	0.02914608	
1339.4	0.0312094	0.02912381	
1339.6	0.03055403	0.02910156	
1339.8	0.03066693	0.02907932	
1340	0.03056949	0.0290571	
1340.2	0.03005503	0.0290349	
1340.4	0.02948009	0.02901271	
1340.6	0.02957937	0.02899055	
1340.8	0.02955527	0.02896839	
1341	0.02951174	0.02894626	
1341.2	0.02955598	0.02892414	
1341.4	0.02909138	0.02890204	
1341.6	0.02947096	0.02887996	
1341.8	0.02952624	0.02885789	
1342	0.0289735	0.02883584	
1342.2	0.02870636	0.02881381	
1342.4	0.02894906	0.02879179	
1342.6	0.02851679	0.02876979	
1342.8	0.02815236	0.02874781	
1343	0.02788989	0.02872584	
1343.2	0.02830379	0.0287039	
1343.4	0.02796865	0.02868196	
1343.6	0.02757528	0.02866005	
1343.8	0.0283009	0.02863815	
1344	0.02774236	0.02861627	
1344.2	0.02752257	0.0285944	
1344.4	0.02741271	0.02857255	
1344.6	0.02768257	0.02855072	
1344.8	0.02784116	0.02852891	
1345	0.0283443	0.02850711	
1345.2	0.02843958	0.02848533	
1345.4	0.0285555	0.02846356	
1345.6	0.0292252	0.02844181	
1345.8	0.02893938	0.02842008	
1346	0.0286677	0.02839836	
1346.2	0.02909953	0.02837667	
1346.4	0.02867104	0.02835498	
1346.6	0.02843259	0.02833332	
1346.8	0.02827089	0.02831167	
1347	0.02821399	0.02829004	
1347.2	0.02805405	0.02826842	
1347.4	0.02801214	0.02824682	
1347.6	0.02790048	0.02822524	
1347.8	0.02798221	0.02820367	
1348	0.02734524	0.02818212	
1348.2	0.02764813	0.02816059	
1348.4	0.0275305	0.02813907	
1348.6	0.02752627	0.02811757	
1348.8	0.02763786	0.02809608	
1349	0.02761975	0.02807462	
1349.2	0.02754377	0.02805317	
1349.4	0.02797256	0.02803173	
1349.6	0.02792456	0.02801031	
1349.8	0.02841314	0.02798891	
1350	0.02849777	0.02796752	
1350.2	0.02846273	0.02794615	
1350.4	0.02852554	0.0279248	
1350.6	0.028953	0.02790346	
1350.8	0.02864519	0.02788214	
1351	0.02859214	0.02786084	
1351.2	0.02818985	0.02783955	
1351.4	0.02814341	0.02781828	
1351.6	0.02770185	0.02779702	
1351.8	0.02763916	0.02777578	
1352	0.02701973	0.02775456	
1352.2	0.0267527	0.02773335	
1352.4	0.02659159	0.02771216	
1352.6	0.02647773	0.02769099	
1352.8	0.02638053	0.02766983	
1353	0.02657181	0.02764869	
1353.2	0.02698365	0.02762756	
1353.4	0.02696951	0.02760645	
1353.6	0.02718471	0.02758536	
1353.8	0.02770408	0.02756428	
1354	0.02757779	0.02754322	
1354.2	0.0281724	0.02752217	
1354.4	0.02908247	0.02750114	
1354.6	0.02913922	0.02748013	
1354.8	0.0289359	0.02745913	
1355	0.0288334	0.02743815	
1355.2	0.02834461	0.02741719	
1355.4	0.0284724	0.02739624	
1355.6	0.02847006	0.02737531	
1355.8	0.02838198	0.02735439	
1356	0.02776832	0.02733349	
1356.2	0.027717	0.0273126	
1356.4	0.02730279	0.02729173	
1356.6	0.02718645	0.02727088	
1356.8	0.02678307	0.02725004	
1357	0.02678422	0.02722922	
1357.2	0.0264697	0.02720842	
1357.4	0.02650007	0.02718763	
1357.6	0.02672788	0.02716685	
1357.8	0.02605724	0.02714609	
1358	0.02604186	0.02712535	
1358.2	0.02647505	0.02710463	
1358.4	0.02649741	0.02708392	
1358.6	0.02647139	0.02706322	
1358.8	0.02665543	0.02704254	
1359	0.0261607	0.02702188	
1359.2	0.02613816	0.02700123	
1359.4	0.02640803	0.0269806	
1359.6	0.02572874	0.02695999	
1359.8	0.02519741	0.02693939	
1360	0.02511296	0.0269188	
1360.2	0.02522143	0.02689823	
1360.4	0.02468167	0.02687768	
1360.6	0.02514926	0.02685714	
1360.8	0.02498228	0.02683662	
1361	0.02521484	0.02681612	
1361.2	0.02528777	0.02679563	
1361.4	0.02563726	0.02677515	
1361.6	0.02515475	0.0267547	
1361.8	0.02495371	0.02673425	
1362	0.02547318	0.02671383	
1362.2	0.02548209	0.02669341	
1362.4	0.02535055	0.02667302	
1362.6	0.02544517	0.02665264	
1362.8	0.02528428	0.02663227	
1363	0.02488751	0.02661192	
1363.2	0.02563769	0.02659159	
1363.4	0.02515908	0.02657127	
1363.6	0.025173	0.02655097	
1363.8	0.0251988	0.02653068	
1364	0.02550212	0.02651041	
1364.2	0.02545645	0.02649015	
1364.4	0.0252244	0.02646991	
1364.6	0.02523758	0.02644969	
1364.8	0.02513346	0.02642948	
1365	0.02518659	0.02640928	
1365.2	0.0254326	0.0263891	
1365.4	0.0254113	0.02636894	
1365.6	0.0253246	0.02634879	
1365.8	0.02514664	0.02632866	
1366	0.02464066	0.02630854	
1366.2	0.02439962	0.02628844	
1366.4	0.02408292	0.02626835	
1366.6	0.02410202	0.02624828	
1366.8	0.0239699	0.02622823	
1367	0.02442784	0.02620819	
1367.2	0.02439401	0.02618816	
1367.4	0.02428699	0.02616815	
1367.6	0.02429266	0.02614815	
1367.8	0.02362626	0.02612818	
1368	0.02351683	0.02610821	
1368.2	0.02333534	0.02608826	
1368.4	0.02295565	0.02606833	
1368.6	0.02277468	0.02604841	
1368.8	0.02309907	0.02602851	
1369	0.02298953	0.02600862	
1369.2	0.02293311	0.02598875	
1369.4	0.02316715	0.02596889	
1369.6	0.02339049	0.02594905	
1369.8	0.02301021	0.02592922	
1370	0.02325759	0.02590941	
1370.2	0.02335044	0.02588961	
1370.4	0.02351192	0.02586983	
1370.6	0.02408514	0.02585006	
1370.8	0.02466219	0.02583031	
1371	0.02495859	0.02581057	
1371.2	0.02497111	0.02579085	
1371.4	0.02529441	0.02577114	
1371.6	0.02467451	0.02575145	
1371.8	0.02456334	0.02573178	
1372	0.02448653	0.02571212	
1372.2	0.02376392	0.02569247	
1372.4	0.02357071	0.02567284	
1372.6	0.02353246	0.02565322	
1372.8	0.02307601	0.02563362	
1373	0.02267728	0.02561403	
1373.2	0.02272609	0.02559446	
1373.4	0.02291907	0.02557491	
1373.6	0.02262993	0.02555536	
1373.8	0.02247894	0.02553584	
1374	0.0226962	0.02551633	
1374.2	0.02263752	0.02549683	
1374.4	0.02260687	0.02547735	
1374.6	0.02267559	0.02545788	
1374.8	0.02266925	0.02543843	
1375	0.02243529	0.02541899	
1375.2	0.02272355	0.02539957	
1375.4	0.02226621	0.02538016	
1375.6	0.02215965	0.02536077	
1375.8	0.02274409	0.02534139	
1376	0.02281006	0.02532203	
1376.2	0.0226572	0.02530268	
1376.4	0.02304271	0.02528335	
1376.6	0.02245965	0.02526403	
1376.8	0.02236919	0.02524472	
1377	0.02265624	0.02522544	
1377.2	0.02256056	0.02520616	
1377.4	0.02231437	0.0251869	
1377.6	0.02211665	0.02516766	
1377.8	0.02200359	0.02514843	
1378	0.02189679	0.02512921	
1378.2	0.0219643	0.02511001	
1378.4	0.02170689	0.02509082	
1378.6	0.02168718	0.02507165	
1378.8	0.02200321	0.02505249	
1379	0.02221436	0.02503335	
1379.2	0.02250432	0.02501422	
1379.4	0.0226906	0.02499511	
1379.6	0.02309648	0.02497601	
1379.8	0.02352793	0.02495693	
1380	0.02338922	0.02493786	
1380.2	0.02344074	0.02491881	
1380.4	0.02320575	0.02489977	
1380.6	0.02304164	0.02488074	
1380.8	0.02301434	0.02486173	
1381	0.02264838	0.02484273	
1381.2	0.02221399	0.02482375	
1381.4	0.02224487	0.02480478	
1381.6	0.02209604	0.02478583	
1381.8	0.02236282	0.02476689	
1382	0.02285748	0.02474797	
1382.2	0.02282432	0.02472906	
1382.4	0.02261401	0.02471016	
1382.6	0.02271968	0.02469128	
1382.8	0.02287587	0.02467242	
1383	0.02293752	0.02465356	
1383.2	0.02281894	0.02463473	
1383.4	0.02300516	0.0246159	
1383.6	0.02258664	0.02459709	
1383.8	0.02293475	0.0245783	
1384	0.02275249	0.02455952	
1384.2	0.02307269	0.02454075	
1384.4	0.02301617	0.024522	
1384.6	0.02310766	0.02450327	
1384.8	0.02251031	0.02448454	
1385	0.02250358	0.02446584	
1385.2	0.02280482	0.02444714	
1385.4	0.02264142	0.02442846	
1385.6	0.02259696	0.0244098	
1385.8	0.0225493	0.02439115	
1386	0.02210033	0.02437251	
1386.2	0.0214331	0.02435389	
1386.4	0.02157004	0.02433528	
1386.6	0.02164223	0.02431668	
1386.8	0.02122743	0.0242981	
1387	0.0213482	0.02427954	
1387.2	0.02124042	0.02426099	
1387.4	0.02145761	0.02424245	
1387.6	0.02138291	0.02422392	
1387.8	0.02156497	0.02420542	
1388	0.02137619	0.02418692	
1388.2	0.0216143	0.02416844	
1388.4	0.02179033	0.02414997	
1388.6	0.02144425	0.02413152	
1388.8	0.02119683	0.02411308	
1389	0.02146501	0.02409466	
1389.2	0.02122034	0.02407625	
1389.4	0.02088981	0.02405785	
1389.6	0.02108198	0.02403947	
1389.8	0.0207322	0.0240211	
1390	0.02038725	0.02400275	
1390.2	0.02064351	0.02398441	
1390.4	0.02058388	0.02396608	
1390.6	0.02070517	0.02394777	
1390.8	0.02061505	0.02392947	
1391	0.02061078	0.02391118	
1391.2	0.02093459	0.02389291	
1391.4	0.02077721	0.02387466	
1391.6	0.02080788	0.02385642	
1391.8	0.02046379	0.02383819	
1392	0.02048561	0.02381997	
1392.2	0.0204833	0.02380177	
1392.4	0.02049451	0.02378359	
1392.6	0.02012128	0.02376541	
1392.8	0.01993773	0.02374725	
1393	0.01982564	0.02372911	
1393.2	0.02009228	0.02371098	
1393.4	0.02043097	0.02369286	
1393.6	0.02038589	0.02367476	
1393.8	0.02009425	0.02365667	
1394	0.01997595	0.02363859	
1394.2	0.02031889	0.02362053	
1394.4	0.02017167	0.02360248	
1394.6	0.02077421	0.02358445	
1394.8	0.02043909	0.02356643	
1395	0.0204922	0.02354842	
1395.2	0.02088545	0.02353043	
1395.4	0.02072513	0.02351245	
1395.6	0.02070932	0.02349448	
1395.8	0.02067707	0.02347653	
1396	0.02087069	0.02345859	
1396.2	0.02070183	0.02344067	
1396.4	0.02053527	0.02342276	
1396.6	0.02038907	0.02340486	
1396.8	0.0200532	0.02338698	
1397	0.02020369	0.02336911	
1397.2	0.02074135	0.02335125	
1397.4	0.01993439	0.02333341	
1397.6	0.01987025	0.02331558	
1397.8	0.0197421	0.02329777	
1398	0.0194588	0.02327996	
1398.2	0.0195665	0.02326218	
1398.4	0.01944081	0.0232444	
1398.6	0.0191446	0.02322664	
1398.8	0.01937549	0.02320889	
1399	0.02003826	0.02319116	
1399.2	0.02022231	0.02317344	
1399.4	0.02030846	0.02315573	
1399.6	0.02082175	0.02313804	
1399.8	0.02123655	0.02312036	
1400	0.02100314	0.02310269	
1400.2	0.02097681	0.02308504	
1400.4	0.02118864	0.0230674	
1400.6	0.02113288	0.02304978	
1400.8	0.02093939	0.02303217	
1401	0.02065622	0.02301457	
1401.2	0.02026968	0.02299698	
1401.4	0.01968106	0.02297941	
1401.6	0.02005717	0.02296185	
1401.8	0.01942535	0.02294431	
1402	0.01911923	0.02292678	
1402.2	0.01880466	0.02290926	
1402.4	0.01822477	0.02289175	
1402.6	0.01791478	0.02287426	
1402.8	0.0185579	0.02285678	
1403	0.01821349	0.02283932	
1403.2	0.01792319	0.02282187	
1403.4	0.01820116	0.02280443	
1403.6	0.01872121	0.02278701	
1403.8	0.01857789	0.02276959	
1404	0.01878323	0.0227522	
1404.2	0.01951102	0.02273481	
1404.4	0.01986402	0.02271744	
1404.6	0.01985418	0.02270008	
1404.8	0.0197044	0.02268274	
1405	0.01971374	0.02266541	
1405.2	0.01975606	0.02264809	
1405.4	0.02027245	0.02263078	
1405.6	0.02018166	0.02261349	
1405.8	0.02025564	0.02259621	
1406	0.02013516	0.02257895	
1406.2	0.01953694	0.02256169	
1406.4	0.01923566	0.02254446	
1406.6	0.01910867	0.02252723	
1406.8	0.0186734	0.02251002	
1407	0.01808324	0.02249282	
1407.2	0.01787229	0.02247563	
1407.4	0.01783135	0.02245846	
1407.6	0.01783512	0.0224413	
1407.8	0.01751198	0.02242415	
1408	0.0173078	0.02240702	
1408.2	0.01722449	0.02238989	
1408.4	0.01670753	0.02237279	
1408.6	0.01677961	0.02235569	
1408.8	0.01666041	0.02233861	
1409	0.01713726	0.02232154	
1409.2	0.01716077	0.02230449	
1409.4	0.01757293	0.02228744	
1409.6	0.01775685	0.02227041	
1409.8	0.01833804	0.0222534	
1410	0.01789521	0.02223639	
1410.2	0.01841148	0.0222194	
1410.4	0.01907612	0.02220243	
1410.6	0.01917445	0.02218546	
1410.8	0.0192792	0.02216851	
1411	0.01934862	0.02215157	
1411.2	0.01906618	0.02213465	
1411.4	0.01907619	0.02211773	
1411.6	0.01915635	0.02210083	
1411.8	0.01871455	0.02208395	
1412	0.01827872	0.02206707	
1412.2	0.01808758	0.02205021	
1412.4	0.01758124	0.02203336	
1412.6	0.01765604	0.02201653	
1412.8	0.01770035	0.0219997	
1413	0.01809254	0.02198289	
1413.2	0.01749351	0.0219661	
1413.4	0.01771479	0.02194931	
1413.6	0.01742888	0.02193254	
1413.8	0.0169787	0.02191578	
1414	0.01688759	0.02189904	
1414.2	0.01749743	0.02188231	
1414.4	0.01771655	0.02186559	
1414.6	0.01748154	0.02184888	
1414.8	0.01749084	0.02183218	
1415	0.01726374	0.0218155	
1415.2	0.01726365	0.02179883	
1415.4	0.01758957	0.02178218	
1415.6	0.01733617	0.02176553	
1415.8	0.01711507	0.0217489	
1416	0.01710515	0.02173229	
1416.2	0.01673356	0.02171568	
1416.4	0.01666648	0.02169909	
1416.6	0.01700073	0.02168251	
1416.8	0.01741502	0.02166594	
1417	0.01720613	0.02164939	
1417.2	0.01690504	0.02163284	
1417.4	0.01707133	0.02161631	
1417.6	0.01648787	0.0215998	
1417.8	0.01652541	0.02158329	
1418	0.0165026	0.0215668	
1418.2	0.01605943	0.02155032	
1418.4	0.01636017	0.02153386	
1418.6	0.0164019	0.0215174	
1418.8	0.01607616	0.02150096	
1419	0.01634908	0.02148453	
1419.2	0.01592595	0.02146812	
1419.4	0.01584002	0.02145171	
1419.6	0.01554198	0.02143532	
1419.8	0.01560642	0.02141894	
1420	0.01563966	0.02140258	
1420.2	0.01559195	0.02138622	
1420.4	0.01592223	0.02136988	
1420.6	0.01582345	0.02135356	
1420.8	0.01574762	0.02133724	
1421	0.01567221	0.02132094	
1421.2	0.01562338	0.02130464	
1421.4	0.01591722	0.02128837	
1421.6	0.016006	0.0212721	
1421.8	0.01615277	0.02125585	
1422	0.01544925	0.02123961	
1422.2	0.01571216	0.02122338	
1422.4	0.01624223	0.02120716	
1422.6	0.01586478	0.02119096	
1422.8	0.01607582	0.02117476	
1423	0.01662834	0.02115858	
1423.2	0.0161827	0.02114242	
1423.4	0.01663978	0.02112626	
1423.6	0.01655096	0.02111012	
1423.8	0.0164178	0.02109399	
1424	0.01656025	0.02107787	
1424.2	0.01648352	0.02106177	
1424.4	0.01618711	0.02104567	
1424.6	0.01627048	0.02102959	
1424.8	0.01663386	0.02101353	
1425	0.01620082	0.02099747	
1425.2	0.01603548	0.02098143	
1425.4	0.01653781	0.02096539	
1425.6	0.01640528	0.02094937	
1425.8	0.01576686	0.02093337	
1426	0.01558101	0.02091737	
1426.2	0.01610622	0.02090139	
1426.4	0.01562625	0.02088542	
1426.6	0.0154922	0.02086946	
1426.8	0.01600026	0.02085351	
1427	0.01541051	0.02083758	
1427.2	0.01528066	0.02082166	
1427.4	0.01528579	0.02080575	
1427.6	0.01480307	0.02078985	
1427.8	0.01467031	0.02077397	
1428	0.01469615	0.02075809	
1428.2	0.01448182	0.02074223	
1428.4	0.01493532	0.02072638	
1428.6	0.01532727	0.02071055	
1428.8	0.01515558	0.02069472	
1429	0.01477356	0.02067891	
1429.2	0.01563453	0.02066311	
1429.4	0.01585802	0.02064732	
1429.6	0.01542017	0.02063154	
1429.8	0.01522325	0.02061578	
1430	0.01572194	0.02060003	
1430.2	0.0156874	0.02058429	
1430.4	0.01546405	0.02056856	
1430.6	0.0152463	0.02055284	
1430.8	0.01477577	0.02053714	
1431	0.01479816	0.02052145	
1431.2	0.01511144	0.02050577	
1431.4	0.01476135	0.0204901	
1431.6	0.01451213	0.02047444	
1431.8	0.01430554	0.0204588	
1432	0.01396312	0.02044317	
1432.2	0.01427288	0.02042755	
1432.4	0.0149243	0.02041194	
1432.6	0.01504632	0.02039634	
1432.8	0.01506089	0.02038076	
1433	0.01565	0.02036518	
1433.2	0.01551365	0.02034962	
1433.4	0.01530675	0.02033407	
1433.6	0.01500054	0.02031854	
1433.8	0.01480953	0.02030301	
1434	0.01488393	0.0202875	
1434.2	0.01480914	0.020272	
1434.4	0.01461089	0.02025651	
1434.6	0.01410738	0.02024103	
1434.8	0.01394717	0.02022556	
1435	0.01376921	0.02021011	
1435.2	0.0132024	0.02019467	
1435.4	0.01281994	0.02017924	
1435.6	0.01306349	0.02016382	
1435.8	0.01256758	0.02014841	
1436	0.01301517	0.02013302	
1436.2	0.01375702	0.02011763	
1436.4	0.01392353	0.02010226	
1436.6	0.0144762	0.0200869	
1436.8	0.01455551	0.02007155	
1437	0.01472659	0.02005622	
1437.2	0.01428283	0.02004089	
1437.4	0.01488854	0.02002558	
1437.6	0.01426128	0.02001028	
1437.8	0.01406681	0.01999499	
1438	0.01429431	0.01997971	
1438.2	0.01428517	0.01996444	
1438.4	0.01399007	0.01994919	
1438.6	0.01374093	0.01993395	
1438.8	0.01352518	0.01991872	
1439	0.01310852	0.0199035	
1439.2	0.01326565	0.01988829	
1439.4	0.01341762	0.01987309	
1439.6	0.01357383	0.01985791	
1439.8	0.01328205	0.01984273	
