Conc1	2.5E-08	
Start1	1020	
Stop1	1439.8	
Kobs	0.0038218939319968	
Error Kobs	4.14361889801998E-05	
Koff	0	
Error Koff	0	
Time1	Data1	Fit1	
1020	-0.00206715	0	
1020.2	-0.00177807	0.00089277	
1020.4	-0.00160115	0.00177551	
1020.6	-0.00106587	0.00264832	
1020.8	-0.0008174	0.00351132	
1021	-0.00056663	0.00436461	
1021.2	0.00009779	0.00520832	
1021.4	0.00034166	0.00604253	
1021.6	0.00103859	0.00686737	
1021.8	0.00171409	0.00768293	
1022	0.00224162	0.00848932	
1022.2	0.00261047	0.00928665	
1022.4	0.00328244	0.01007501	
1022.6	0.00425426	0.01085451	
1022.8	0.00466264	0.01162525	
1023	0.00474809	0.01238732	
1023.2	0.00510494	0.01314082	
1023.4	0.00563619	0.01388585	
1023.6	0.00641204	0.0146225	
1023.8	0.00716181	0.01535087	
1024	0.00825634	0.01607105	
1024.2	0.00894708	0.01678314	
1024.4	0.00993006	0.01748722	
1024.6	0.01111844	0.01818338	
1024.8	0.01208978	0.01887171	
1025	0.0128256	0.01955231	
1025.2	0.01391086	0.02022526	
1025.4	0.01486874	0.02089063	
1025.6	0.01602757	0.02154853	
1025.8	0.01710282	0.02219903	
1026	0.0181026	0.02284222	
1026.2	0.01892489	0.02347817	
1026.4	0.02022665	0.02410698	
1026.6	0.02082553	0.02472872	
1026.8	0.02137528	0.02534346	
1027	0.02196098	0.0259513	
1027.2	0.0227436	0.0265523	
1027.4	0.02383286	0.02714654	
1027.6	0.02455556	0.0277341	
1027.8	0.02529175	0.02831506	
1028	0.02570908	0.02888948	
1028.2	0.02588801	0.02945744	
1028.4	0.0268111	0.03001902	
1028.6	0.02737321	0.03057429	
1028.8	0.0280116	0.03112331	
1029	0.02833213	0.03166616	
1029.2	0.02921091	0.03220291	
1029.4	0.02987773	0.03273362	
1029.6	0.03057911	0.03325837	
1029.8	0.03116974	0.03377721	
1030	0.03168015	0.03429023	
1030.2	0.03217323	0.03479747	
1030.4	0.03303116	0.03529901	
1030.6	0.03312418	0.03579491	
1030.8	0.03359105	0.03628524	
1031	0.03393917	0.03677005	
1031.2	0.03420079	0.03724942	
1031.4	0.03486081	0.03772339	
1031.6	0.0353784	0.03819204	
1031.8	0.03584119	0.03865541	
1032	0.03674424	0.03911358	
1032.2	0.0374078	0.03956659	
1032.4	0.0383096	0.04001451	
1032.6	0.03918076	0.0404574	
1032.8	0.04013249	0.0408953	
1033	0.04135617	0.04132829	
1033.2	0.04188972	0.0417564	
1033.4	0.04231838	0.0421797	
1033.6	0.04317125	0.04259824	
1033.8	0.0438091	0.04301208	
1034	0.04451291	0.04342126	
1034.2	0.04486618	0.04382585	
1034.4	0.04529866	0.04422588	
1034.6	0.04550205	0.04462142	
1034.8	0.0464289	0.04501251	
1035	0.04675265	0.0453992	
1035.2	0.04699777	0.04578154	
1035.4	0.04740418	0.04615959	
1035.6	0.04777221	0.04653338	
1035.8	0.04801562	0.04690298	
1036	0.04836271	0.04726841	
1036.2	0.04871737	0.04762974	
1036.4	0.04910568	0.04798701	
1036.6	0.04946334	0.04834026	
1036.8	0.04956988	0.04868954	
1037	0.05008364	0.04903489	
1037.2	0.05025203	0.04937636	
1037.4	0.05103957	0.04971399	
1037.6	0.05189561	0.05004782	
1037.8	0.05251898	0.0503779	
1038	0.05284868	0.05070427	
1038.2	0.05300235	0.05102697	
1038.4	0.05359935	0.05134604	
1038.6	0.05411146	0.05166152	
1038.8	0.05466895	0.05197346	
1039	0.05461358	0.05228189	
1039.2	0.05468857	0.05258685	
1039.4	0.05499604	0.05288838	
1039.6	0.05524888	0.05318652	
1039.8	0.05538853	0.05348131	
1040	0.05579751	0.05377279	
1040.2	0.05634093	0.05406099	
1040.4	0.05620248	0.05434595	
1040.6	0.05628464	0.0546277	
1040.8	0.05670508	0.05490629	
1041	0.05755495	0.05518175	
1041.2	0.05813525	0.05545411	
1041.4	0.05896247	0.0557234	
1041.6	0.05930549	0.05598967	
1041.8	0.05986028	0.05625294	
1042	0.06016291	0.05651326	
1042.2	0.06012247	0.05677065	
1042.4	0.06095451	0.05702514	
1042.6	0.06125385	0.05727677	
1042.8	0.06173003	0.05752558	
1043	0.06188002	0.05777158	
1043.2	0.06208024	0.05801482	
1043.4	0.0626145	0.05825533	
1043.6	0.06281123	0.05849313	
1043.8	0.06323182	0.05872826	
1044	0.06349689	0.05896074	
1044.2	0.06340342	0.05919061	
1044.4	0.06322871	0.0594179	
1044.6	0.06334899	0.05964263	
1044.8	0.06349547	0.05986483	
1045	0.06363118	0.06008454	
1045.2	0.06406957	0.06030178	
1045.4	0.06480729	0.06051657	
1045.6	0.06479448	0.06072895	
1045.8	0.06536571	0.06093894	
1046	0.06591237	0.06114657	
1046.2	0.06616094	0.06135186	
1046.4	0.06684184	0.06155485	
1046.6	0.06714338	0.06175555	
1046.8	0.06735472	0.061954	
1047	0.06762631	0.06215022	
1047.2	0.06841084	0.06234423	
1047.4	0.06885757	0.06253606	
1047.6	0.06890886	0.06272573	
1047.8	0.06939435	0.06291327	
1048	0.06932075	0.0630987	
1048.2	0.06883868	0.06328205	
1048.4	0.06915967	0.06346334	
1048.6	0.06909571	0.06364258	
1048.8	0.06908075	0.06381982	
1049	0.06903003	0.06399505	
1049.2	0.06904469	0.06416832	
1049.4	0.06936934	0.06433964	
1049.6	0.06961566	0.06450904	
1049.8	0.07025004	0.06467653	
1050	0.07026339	0.06484214	
1050.2	0.07006089	0.06500588	
1050.4	0.06997082	0.06516779	
1050.6	0.070122	0.06532787	
1050.8	0.06990852	0.06548615	
1051	0.07032488	0.06564266	
1051.2	0.07066339	0.0657974	
1051.4	0.07032188	0.06595041	
1051.6	0.07072012	0.06610169	
1051.8	0.07094988	0.06625128	
1052	0.07080735	0.06639918	
1052.2	0.07098254	0.06654542	
1052.4	0.07110548	0.06669001	
1052.6	0.07088223	0.06683298	
1052.8	0.07126308	0.06697435	
1053	0.07130395	0.06711412	
1053.2	0.07177081	0.06725232	
1053.4	0.07283293	0.06738897	
1053.6	0.0733835	0.06752408	
1053.8	0.07366441	0.06765767	
1054	0.07375869	0.06778976	
1054.2	0.07384804	0.06792036	
1054.4	0.07377766	0.0680495	
1054.6	0.07420401	0.06817718	
1054.8	0.07425823	0.06830343	
1055	0.0745677	0.06842826	
1055.2	0.07497742	0.06855169	
1055.4	0.07515201	0.06867373	
1055.6	0.07507883	0.06879439	
1055.8	0.07449971	0.0689137	
1056	0.07445694	0.06903167	
1056.2	0.07417202	0.06914831	
1056.4	0.07365514	0.06926364	
1056.6	0.07379497	0.06937768	
1056.8	0.0739727	0.06949043	
1057	0.07393174	0.06960191	
1057.2	0.07454451	0.06971214	
1057.4	0.07516072	0.06982113	
1057.6	0.07548427	0.0699289	
1057.8	0.07554715	0.07003545	
1058	0.07578457	0.07014081	
1058.2	0.07581274	0.07024498	
1058.4	0.07627282	0.07034798	
1058.6	0.0767655	0.07044983	
1058.8	0.07702727	0.07055052	
1059	0.07726807	0.07065009	
1059.2	0.0774523	0.07074853	
1059.4	0.07727584	0.07084587	
1059.6	0.07703164	0.07094212	
1059.8	0.07704692	0.07103728	
1060	0.07676706	0.07113137	
1060.2	0.07658901	0.07122441	
1060.4	0.07668537	0.0713164	
1060.6	0.0764041	0.07140735	
1060.8	0.07619108	0.07149728	
1061	0.07643804	0.0715862	
1061.2	0.07686036	0.07167412	
1061.4	0.07678335	0.07176106	
1061.6	0.07686337	0.07184701	
1061.8	0.07698612	0.071932	
1062	0.07747419	0.07201603	
1062.2	0.07754104	0.07209912	
1062.4	0.07798867	0.07218127	
1062.6	0.07806264	0.0722625	
1062.8	0.07801026	0.07234282	
1063	0.07804392	0.07242224	
1063.2	0.07826802	0.07250076	
1063.4	0.07846364	0.0725784	
1063.6	0.0786346	0.07265516	
1063.8	0.07828309	0.07273106	
1064	0.07805309	0.07280611	
1064.2	0.07806506	0.07288032	
1064.4	0.07776726	0.07295369	
1064.6	0.07689807	0.07302624	
1064.8	0.07649552	0.07309797	
1065	0.07639205	0.07316889	
1065.2	0.07620456	0.07323902	
1065.4	0.07614639	0.07330835	
1065.6	0.07680474	0.07337691	
1065.8	0.07708723	0.0734447	
1066	0.07738103	0.07351173	
1066.2	0.07709108	0.073578	
1066.4	0.07744952	0.07364352	
1066.6	0.0774201	0.07370831	
1066.8	0.07810164	0.07377238	
1067	0.07864466	0.07383572	
1067.2	0.07911759	0.07389835	
1067.4	0.07925709	0.07396027	
1067.6	0.07908232	0.0740215	
1067.8	0.0791476	0.07408204	
1068	0.07921253	0.0741419	
1068.2	0.07896164	0.07420109	
1068.4	0.07864683	0.07425961	
1068.6	0.07825422	0.07431747	
1068.8	0.07853952	0.07437469	
1069	0.07853276	0.07443126	
1069.2	0.0786568	0.07448719	
1069.4	0.07885733	0.07454249	
1069.6	0.07854659	0.07459718	
1069.8	0.07827664	0.07465125	
1070	0.07840105	0.07470471	
1070.2	0.07837276	0.07475756	
1070.4	0.07854085	0.07480983	
1070.6	0.07862552	0.07486151	
1070.8	0.0787756	0.0749126	
1071	0.07887885	0.07496313	
1071.2	0.0789681	0.07501308	
1071.4	0.07911243	0.07506247	
1071.6	0.07903587	0.07511131	
1071.8	0.07938315	0.0751596	
1072	0.07909652	0.07520734	
1072.2	0.07859602	0.07525455	
1072.4	0.07855039	0.07530123	
1072.6	0.07875635	0.07534738	
1072.8	0.07877093	0.07539301	
1073	0.07865312	0.07543813	
1073.2	0.0787434	0.07548274	
1073.4	0.07869642	0.07552686	
1073.6	0.07869437	0.07557047	
1073.8	0.07910999	0.0756136	
1074	0.07951877	0.07565624	
1074.2	0.07975412	0.0756984	
1074.4	0.07935519	0.07574009	
1074.6	0.07916574	0.0757813	
1074.8	0.07906911	0.07582206	
1075	0.0795056	0.07586236	
1075.2	0.07975632	0.0759022	
1075.4	0.07997588	0.07594159	
1075.6	0.07958602	0.07598055	
1075.8	0.07945237	0.07601906	
1076	0.07891708	0.07605714	
1076.2	0.07878804	0.0760948	
1076.4	0.07891098	0.07613203	
1076.6	0.07882604	0.07616884	
1076.8	0.07887284	0.07620524	
1077	0.07906877	0.07624123	
1077.2	0.07882979	0.07627681	
1077.4	0.07879725	0.07631199	
1077.6	0.07882164	0.07634678	
1077.8	0.07854353	0.07638118	
1078	0.07866167	0.07641519	
1078.2	0.07866035	0.07644882	
1078.4	0.07818247	0.07648207	
1078.6	0.07841319	0.07651494	
1078.8	0.07845089	0.07654745	
1079	0.07885983	0.07657959	
1079.2	0.07922402	0.07661137	
1079.4	0.07906743	0.07664279	
1079.6	0.07896727	0.07667386	
1079.8	0.07918326	0.07670458	
1080	0.07917885	0.07673496	
1080.2	0.07928417	0.07676499	
1080.4	0.07911066	0.07679468	
1080.6	0.07907296	0.07682404	
1080.8	0.0791604	0.07685308	
1081	0.07890383	0.07688178	
1081.2	0.07855595	0.07691016	
1081.4	0.07859157	0.07693823	
1081.6	0.07838304	0.07696597	
1081.8	0.07813616	0.07699341	
1082	0.07818875	0.07702054	
1082.2	0.0781991	0.07704736	
1082.4	0.07837139	0.07707388	
1082.6	0.07831496	0.0771001	
1082.8	0.0780407	0.07712603	
1083	0.07839771	0.07715166	
1083.2	0.07845204	0.07717701	
1083.4	0.07812786	0.07720207	
1083.6	0.07793828	0.07722685	
1083.8	0.07799027	0.07725136	
1084	0.07754813	0.07727558	
1084.2	0.07732282	0.07729954	
1084.4	0.07700575	0.07732322	
1084.6	0.07687242	0.07734664	
1084.8	0.07667768	0.0773698	
1085	0.07648808	0.07739269	
1085.2	0.07634767	0.07741533	
1085.4	0.07621243	0.07743771	
1085.6	0.07617521	0.07745985	
1085.8	0.0763015	0.07748173	
1086	0.07647544	0.07750337	
1086.2	0.07687084	0.07752476	
1086.4	0.07745615	0.07754591	
1086.6	0.07725352	0.07756683	
1086.8	0.07758539	0.07758751	
1087	0.07772035	0.07760795	
1087.2	0.0777466	0.07762817	
1087.4	0.07727816	0.07764816	
1087.6	0.07755805	0.07766793	
1087.8	0.07786796	0.07768747	
1088	0.07776948	0.07770679	
1088.2	0.07792149	0.0777259	
1088.4	0.07780347	0.07774479	
1088.6	0.07769603	0.07776347	
1088.8	0.07742124	0.07778194	
1089	0.07721592	0.0778002	
1089.2	0.07699326	0.07781826	
1089.4	0.07660038	0.07783611	
1089.6	0.07671512	0.07785376	
1089.8	0.07648372	0.07787122	
1090	0.07662237	0.07788848	
1090.2	0.0767998	0.07790554	
1090.4	0.07630346	0.07792241	
1090.6	0.07634766	0.07793909	
1090.8	0.07625801	0.07795559	
1091	0.07572334	0.0779719	
1091.2	0.07559992	0.07798802	
1091.4	0.07544226	0.07800397	
1091.6	0.07584517	0.07801973	
1091.8	0.07629087	0.07803532	
1092	0.07600599	0.07805073	
1092.2	0.0759951	0.07806597	
1092.4	0.07612255	0.07808104	
1092.6	0.07618719	0.07809594	
1092.8	0.07630456	0.07811067	
1093	0.07597406	0.07812524	
1093.2	0.07569228	0.07813964	
1093.4	0.07598019	0.07815388	
1093.6	0.07610467	0.07816796	
1093.8	0.07632297	0.07818188	
1094	0.07692542	0.07819564	
1094.2	0.0768348	0.07820925	
1094.4	0.07700407	0.07822271	
1094.6	0.07737121	0.07823602	
1094.8	0.07659077	0.07824917	
1095	0.07640836	0.07826218	
1095.2	0.07587233	0.07827504	
1095.4	0.07566736	0.07828776	
1095.6	0.0754009	0.07830033	
1095.8	0.07570876	0.07831277	
1096	0.07537554	0.07832506	
1096.2	0.0752907	0.07833722	
1096.4	0.07543435	0.07834923	
1096.6	0.07514824	0.07836112	
1096.8	0.07437857	0.07837287	
1097	0.07341442	0.07838448	
1097.2	0.07345092	0.07839597	
1097.4	0.07376948	0.07840733	
1097.6	0.07401356	0.07841856	
1097.8	0.07449732	0.07842966	
1098	0.07454701	0.07844064	
1098.2	0.07438952	0.0784515	
1098.4	0.07470205	0.07846223	
1098.6	0.07465537	0.07847284	
1098.8	0.0746068	0.07848334	
1099	0.07481385	0.07849371	
1099.2	0.07471723	0.07850397	
1099.4	0.07536961	0.07851412	
1099.6	0.07564786	0.07852415	
1099.8	0.07624927	0.07853406	
1100	0.07638546	0.07854387	
1100.2	0.07627753	0.07855356	
1100.4	0.07635775	0.07856315	
1100.6	0.07594606	0.07857263	
1100.8	0.07555374	0.078582	
1101	0.07546236	0.07859126	
1101.2	0.07585442	0.07860043	
1101.4	0.0758097	0.07860949	
1101.6	0.0755924	0.07861844	
1101.8	0.07504621	0.0786273	
1102	0.07476174	0.07863606	
1102.2	0.07471336	0.07864472	
1102.4	0.0749733	0.07865328	
1102.6	0.07472524	0.07866174	
1102.8	0.07462155	0.07867011	
1103	0.07475667	0.07867839	
1103.2	0.07491904	0.07868657	
1103.4	0.0749318	0.07869466	
1103.6	0.07495643	0.07870266	
1103.8	0.07529699	0.07871057	
1104	0.07534001	0.07871839	
1104.2	0.07527653	0.07872612	
1104.4	0.07536294	0.07873377	
1104.6	0.07521077	0.07874133	
1104.8	0.07511039	0.0787488	
1105	0.07523206	0.07875619	
1105.2	0.07566148	0.0787635	
1105.4	0.07548621	0.07877073	
1105.6	0.07518014	0.07877787	
1105.8	0.0751074	0.07878494	
1106	0.07505214	0.07879192	
1106.2	0.07521875	0.07879883	
1106.4	0.07508891	0.07880566	
1106.6	0.07503922	0.07881241	
1106.8	0.07556817	0.07881908	
1107	0.07570697	0.07882568	
1107.2	0.07583846	0.07883221	
1107.4	0.07611664	0.07883866	
1107.6	0.07641643	0.07884504	
1107.8	0.07627503	0.07885135	
1108	0.07600158	0.07885759	
1108.2	0.07580781	0.07886376	
1108.4	0.07564902	0.07886986	
1108.6	0.07532682	0.07887589	
1108.8	0.07501633	0.07888185	
1109	0.07490909	0.07888774	
1109.2	0.07508398	0.07889357	
1109.4	0.07460981	0.07889934	
1109.6	0.07415598	0.07890503	
1109.8	0.07400859	0.07891067	
1110	0.0742086	0.07891624	
1110.2	0.07443846	0.07892175	
1110.4	0.07434316	0.07892719	
1110.6	0.07453736	0.07893258	
1110.8	0.07507285	0.0789379	
1111	0.0749326	0.07894317	
1111.2	0.07499113	0.07894837	
1111.4	0.07486275	0.07895352	
1111.6	0.07471146	0.07895861	
1111.8	0.07423855	0.07896364	
1112	0.07402519	0.07896862	
1112.2	0.0737457	0.07897354	
1112.4	0.07350523	0.0789784	
1112.6	0.07299849	0.07898321	
1112.8	0.07287627	0.07898797	
1113	0.07289941	0.07899267	
1113.2	0.07298643	0.07899732	
1113.4	0.07272383	0.07900191	
1113.6	0.07264245	0.07900646	
1113.8	0.07302538	0.07901095	
1114	0.07365969	0.0790154	
1114.2	0.07395611	0.07901979	
1114.4	0.0743924	0.07902413	
1114.6	0.07449989	0.07902843	
1114.8	0.0750815	0.07903268	
1115	0.07457222	0.07903688	
1115.2	0.07450177	0.07904103	
1115.4	0.07439498	0.07904513	
1115.6	0.07415183	0.07904919	
1115.8	0.07412054	0.07905321	
1116	0.07428756	0.07905717	
1116.2	0.07434363	0.0790611	
1116.4	0.07438125	0.07906498	
1116.6	0.0742254	0.07906881	
1116.8	0.0743714	0.07907261	
1117	0.07392344	0.07907636	
1117.2	0.07363483	0.07908007	
1117.4	0.07340379	0.07908373	
1117.6	0.07321149	0.07908736	
1117.8	0.07336447	0.07909094	
1118	0.07365604	0.07909449	
1118.2	0.07365887	0.07909799	
1118.4	0.07354632	0.07910146	
1118.6	0.07329456	0.07910488	
1118.8	0.07313553	0.07910827	
1119	0.07241487	0.07911162	
1119.2	0.07277594	0.07911493	
1119.4	0.07259374	0.0791182	
1119.6	0.07269923	0.07912144	
1119.8	0.07295003	0.07912464	
1120	0.07281797	0.07912781	
1120.2	0.07290159	0.07913094	
1120.4	0.07262138	0.07913403	
1120.6	0.07254601	0.07913709	
1120.8	0.07229529	0.07914012	
1121	0.07214229	0.07914311	
1121.2	0.07229453	0.07914607	
1121.4	0.07218666	0.07914899	
1121.6	0.07249843	0.07915188	
1121.8	0.07270764	0.07915474	
1122	0.07250752	0.07915757	
1122.2	0.07187455	0.07916036	
1122.4	0.07201276	0.07916313	
1122.6	0.07218942	0.07916586	
1122.8	0.07236142	0.07916856	
1123	0.07238356	0.07917123	
1123.2	0.07266935	0.07917387	
1123.4	0.07230941	0.07917649	
1123.6	0.07227628	0.07917907	
1123.8	0.07178463	0.07918162	
1124	0.07145822	0.07918415	
1124.2	0.07148047	0.07918664	
1124.4	0.07087116	0.07918911	
1124.6	0.07080506	0.07919155	
1124.8	0.07061395	0.07919396	
1125	0.07086201	0.07919635	
1125.2	0.07081312	0.07919871	
1125.4	0.07099518	0.07920104	
1125.6	0.07124707	0.07920335	
1125.8	0.07100447	0.07920563	
1126	0.07096907	0.07920788	
1126.2	0.07117251	0.07921011	
1126.4	0.07189988	0.07921232	
1126.6	0.07219186	0.0792145	
1126.8	0.07212809	0.07921665	
1127	0.07180092	0.07921878	
1127.2	0.07153176	0.07922089	
1127.4	0.07118506	0.07922297	
1127.6	0.07082986	0.07922503	
1127.8	0.07012499	0.07922707	
1128	0.07006936	0.07922908	
1128.2	0.06987423	0.07923107	
1128.4	0.06959449	0.07923304	
1128.6	0.06928451	0.07923499	
1128.8	0.06930312	0.07923691	
1129	0.06948111	0.07923882	
1129.2	0.0696592	0.0792407	
1129.4	0.07038628	0.07924256	
1129.6	0.07056558	0.0792444	
1129.8	0.07070994	0.07924622	
1130	0.0713624	0.07924802	
1130.2	0.07141628	0.07924979	
1130.4	0.07156005	0.07925155	
1130.6	0.0714791	0.07925329	
1130.8	0.07139441	0.07925501	
1131	0.07105707	0.07925671	
1131.2	0.07110219	0.07925839	
1131.4	0.07087049	0.07926005	
1131.6	0.07081986	0.07926169	
1131.8	0.07070935	0.07926332	
1132	0.07075197	0.07926492	
1132.2	0.07061548	0.07926651	
1132.4	0.07024505	0.07926808	
1132.6	0.07013589	0.07926963	
1132.8	0.07025303	0.07927117	
1133	0.0703144	0.07927269	
1133.2	0.07049639	0.07927419	
1133.4	0.07055361	0.07927567	
1133.6	0.07023288	0.07927714	
1133.8	0.07035453	0.07927859	
1134	0.07072578	0.07928002	
1134.2	0.07052635	0.07928144	
1134.4	0.07037372	0.07928285	
1134.6	0.06987245	0.07928423	
1134.8	0.0699544	0.0792856	
1135	0.06968215	0.07928696	
1135.2	0.07002177	0.0792883	
1135.4	0.06961993	0.07928962	
1135.6	0.06982613	0.07929093	
1135.8	0.06983133	0.07929223	
1136	0.06978508	0.07929351	
1136.2	0.06955888	0.07929478	
1136.4	0.06926822	0.07929603	
1136.6	0.06977359	0.07929727	
1136.8	0.06953121	0.07929849	
1137	0.06962159	0.0792997	
1137.2	0.0694655	0.0793009	
1137.4	0.06959043	0.07930208	
1137.6	0.06949425	0.07930325	
1137.8	0.06965008	0.07930441	
1138	0.06955937	0.07930556	
1138.2	0.06926023	0.07930669	
1138.4	0.06896166	0.07930781	
1138.6	0.06881701	0.07930891	
1138.8	0.06897054	0.07931001	
1139	0.06886785	0.07931109	
1139.2	0.06890595	0.07931216	
1139.4	0.06883848	0.07931321	
1139.6	0.06914375	0.07931426	
1139.8	0.06921653	0.07931529	
1140	0.08345421	0.07931632	
1140.2	0.08253314	0.07925571	
1140.4	0.08173177	0.07919515	
1140.6	0.08081823	0.07913464	
1140.8	0.08011039	0.07907418	
1141	0.07957204	0.07901376	
1141.2	0.07897968	0.07895338	
1141.4	0.07859091	0.07889306	
1141.6	0.07829338	0.07883278	
1141.8	0.07790288	0.07877254	
1142	0.07787312	0.07871235	
1142.2	0.07808817	0.07865221	
1142.4	0.0780537	0.07859211	
1142.6	0.0783099	0.07853206	
1142.8	0.07820589	0.07847206	
1143	0.07849312	0.0784121	
1143.2	0.07828313	0.07835218	
1143.4	0.07832988	0.07829231	
1143.6	0.07839754	0.07823249	
1143.8	0.07819201	0.07817272	
1144	0.0783514	0.07811298	
1144.2	0.07871586	0.0780533	
1144.4	0.07892613	0.07799366	
1144.6	0.07884978	0.07793407	
1144.8	0.07945454	0.07787452	
1145	0.07999191	0.07781502	
1145.2	0.07980868	0.07775556	
1145.4	0.08002413	0.07769615	
1145.6	0.08000301	0.07763678	
1145.8	0.07997788	0.07757746	
1146	0.07996078	0.07751818	
1146.2	0.08013443	0.07745895	
1146.4	0.07994931	0.07739977	
1146.6	0.07994053	0.07734063	
1146.8	0.07973406	0.07728153	
1147	0.07945063	0.07722248	
1147.2	0.0793151	0.07716348	
1147.4	0.07903581	0.07710452	
1147.6	0.0788336	0.0770456	
1147.8	0.07897163	0.07698673	
1148	0.07940906	0.07692791	
1148.2	0.0790556	0.07686913	
1148.4	0.07903498	0.07681039	
1148.6	0.07903146	0.0767517	
1148.8	0.07914561	0.07669306	
1149	0.07895926	0.07663446	
1149.2	0.07858904	0.0765759	
1149.4	0.07874576	0.07651739	
1149.6	0.07868279	0.07645893	
1149.8	0.07890241	0.07640051	
1150	0.07865805	0.07634213	
1150.2	0.07876797	0.0762838	
1150.4	0.07864317	0.07622551	
1150.6	0.07871476	0.07616727	
1150.8	0.07917879	0.07610907	
1151	0.07934127	0.07605091	
1151.2	0.0795638	0.07599281	
1151.4	0.07976776	0.07593474	
1151.6	0.07990165	0.07587672	
1151.8	0.08059437	0.07581874	
1152	0.08066036	0.07576081	
1152.2	0.08039543	0.07570292	
1152.4	0.08043821	0.07564508	
1152.6	0.0801742	0.07558728	
1152.8	0.08002472	0.07552952	
1153	0.07979066	0.07547181	
1153.2	0.07948451	0.07541415	
1153.4	0.07921164	0.07535652	
1153.6	0.07896961	0.07529894	
1153.8	0.07890718	0.07524141	
1154	0.07836862	0.07518392	
1154.2	0.07846345	0.07512647	
1154.4	0.07848925	0.07506907	
1154.6	0.07855442	0.07501171	
1154.8	0.07899804	0.07495439	
1155	0.07879114	0.07489712	
1155.2	0.07880607	0.07483989	
1155.4	0.07925806	0.07478271	
1155.6	0.0794828	0.07472557	
1155.8	0.07977895	0.07466847	
1156	0.07970773	0.07461142	
1156.2	0.07932798	0.07455441	
1156.4	0.07941713	0.07449744	
1156.6	0.07930807	0.07444052	
1156.8	0.07934426	0.07438364	
1157	0.07908614	0.07432681	
1157.2	0.07890457	0.07427001	
1157.4	0.07866711	0.07421327	
1157.6	0.07832352	0.07415656	
1157.8	0.07779494	0.0740999	
1158	0.0775108	0.07404328	
1158.2	0.07751769	0.0739867	
1158.4	0.07732275	0.07393017	
1158.6	0.07740619	0.07387368	
1158.8	0.07752533	0.07381724	
1159	0.07725979	0.07376083	
1159.2	0.07763589	0.07370447	
1159.4	0.07790773	0.07364816	
1159.6	0.07759043	0.07359188	
1159.8	0.07739323	0.07353565	
1160	0.07717011	0.07347947	
1160.2	0.07716318	0.07342332	
1160.4	0.07754963	0.07336722	
1160.6	0.0774743	0.07331116	
1160.8	0.07758903	0.07325515	
1161	0.07749428	0.07319917	
1161.2	0.07717715	0.07314324	
1161.4	0.07702483	0.07308735	
1161.6	0.0766609	0.07303151	
1161.8	0.07654603	0.07297571	
1162	0.07686953	0.07291995	
1162.2	0.07684245	0.07286423	
1162.4	0.07718905	0.07280855	
1162.6	0.0778079	0.07275292	
1162.8	0.0780689	0.07269733	
1163	0.0785	0.07264179	
1163.2	0.07847843	0.07258628	
1163.4	0.07791725	0.07253082	
1163.6	0.07706558	0.0724754	
1163.8	0.07701761	0.07242002	
1164	0.07660872	0.07236469	
1164.2	0.07698102	0.07230939	
1164.4	0.07664981	0.07225414	
1164.6	0.07646932	0.07219893	
1164.8	0.07640865	0.07214377	
1165	0.07622983	0.07208864	
1165.2	0.07632559	0.07203356	
1165.4	0.07637232	0.07197852	
1165.6	0.07626019	0.07192352	
1165.8	0.07623735	0.07186857	
1166	0.07646831	0.07181365	
1166.2	0.07673258	0.07175878	
1166.4	0.07727289	0.07170395	
1166.6	0.0778621	0.07164917	
1166.8	0.07807851	0.07159442	
1167	0.0779935	0.07153971	
1167.2	0.07717027	0.07148505	
1167.4	0.07687285	0.07143043	
1167.6	0.0761764	0.07137585	
1167.8	0.07617505	0.07132131	
1168	0.0760019	0.07126682	
1168.2	0.07629604	0.07121237	
1168.4	0.07586007	0.07115795	
1168.6	0.07598575	0.07110358	
1168.8	0.07554159	0.07104925	
1169	0.07532947	0.07099496	
1169.2	0.07558576	0.07094072	
1169.4	0.07534297	0.07088651	
1169.6	0.07492517	0.07083235	
1169.8	0.07483227	0.07077823	
1170	0.07517014	0.07072415	
1170.2	0.07513847	0.07067011	
1170.4	0.07533146	0.07061611	
1170.6	0.075547	0.07056215	
1170.8	0.07552366	0.07050824	
1171	0.07546435	0.07045436	
1171.2	0.07586136	0.07040053	
1171.4	0.07613599	0.07034674	
1171.6	0.07594526	0.07029299	
1171.8	0.07628575	0.07023928	
1172	0.07652818	0.07018561	
1172.2	0.07719832	0.07013198	
1172.4	0.07733785	0.07007839	
1172.6	0.07715804	0.07002485	
1172.8	0.07719246	0.06997134	
1173	0.0775429	0.06991788	
1173.2	0.07787862	0.06986445	
1173.4	0.07742897	0.06981107	
1173.6	0.07719884	0.06975773	
1173.8	0.07725869	0.06970443	
1174	0.07724871	0.06965117	
1174.2	0.0769075	0.06959795	
1174.4	0.07643358	0.06954477	
1174.6	0.07606175	0.06949163	
1174.8	0.07553066	0.06943853	
1175	0.07527893	0.06938548	
1175.2	0.07510333	0.06933246	
1175.4	0.07472012	0.06927949	
1175.6	0.07486659	0.06922655	
1175.8	0.07495955	0.06917365	
1176	0.07464481	0.0691208	
1176.2	0.07522631	0.06906799	
1176.4	0.0754134	0.06901521	
1176.6	0.07518538	0.06896248	
1176.8	0.07538184	0.06890978	
1177	0.07526948	0.06885713	
1177.2	0.07516955	0.06880452	
1177.4	0.07459693	0.06875195	
1177.6	0.07499526	0.06869941	
1177.8	0.07495827	0.06864692	
1178	0.07506345	0.06859447	
1178.2	0.07459982	0.06854206	
1178.4	0.07415418	0.06848969	
1178.6	0.07369971	0.06843735	
1178.8	0.07340355	0.06838506	
1179	0.07339739	0.06833281	
1179.2	0.07331006	0.0682806	
1179.4	0.07343709	0.06822842	
1179.6	0.07341472	0.06817629	
1179.8	0.07274695	0.0681242	
1180	0.07252104	0.06807215	
1180.2	0.07307378	0.06802013	
1180.4	0.07297352	0.06796816	
1180.6	0.07287085	0.06791623	
1180.8	0.07277405	0.06786433	
1181	0.07276856	0.06781248	
1181.2	0.0728755	0.06776066	
1181.4	0.07311277	0.06770889	
1181.6	0.07392658	0.06765715	
1181.8	0.07363713	0.06760546	
1182	0.07352767	0.0675538	
1182.2	0.07344387	0.06750218	
1182.4	0.07325518	0.06745061	
1182.6	0.0731882	0.06739907	
1182.8	0.07346774	0.06734757	
1183	0.07338842	0.06729611	
1183.2	0.07357523	0.06724469	
1183.4	0.07353719	0.06719331	
1183.6	0.07316993	0.06714197	
1183.8	0.07320706	0.06709067	
1184	0.0732399	0.0670394	
1184.2	0.07310106	0.06698818	
1184.4	0.07286066	0.06693699	
1184.6	0.07295586	0.06688585	
1184.8	0.07268569	0.06683474	
1185	0.07288306	0.06678367	
1185.2	0.0729428	0.06673265	
1185.4	0.07287021	0.06668166	
1185.6	0.07299421	0.06663071	
1185.8	0.07254937	0.06657979	
1186	0.07225796	0.06652892	
1186.2	0.07224087	0.06647809	
1186.4	0.07175033	0.06642729	
1186.6	0.07204591	0.06637654	
1186.8	0.07181059	0.06632582	
1187	0.07178955	0.06627514	
1187.2	0.07183688	0.0662245	
1187.4	0.07132159	0.0661739	
1187.6	0.07117656	0.06612334	
1187.8	0.07096677	0.06607281	
1188	0.07057488	0.06602233	
1188.2	0.07055972	0.06597188	
1188.4	0.07029833	0.06592147	
1188.6	0.06998074	0.0658711	
1188.8	0.069999	0.06582077	
1189	0.06987613	0.06577048	
1189.2	0.06979465	0.06572022	
1189.4	0.07009433	0.06567001	
1189.6	0.07021015	0.06561983	
1189.8	0.0701544	0.06556969	
1190	0.07022297	0.06551959	
1190.2	0.07075227	0.06546953	
1190.4	0.07102969	0.0654195	
1190.6	0.07142208	0.06536952	
1190.8	0.07145737	0.06531957	
1191	0.07185841	0.06526966	
1191.2	0.07183539	0.06521979	
1191.4	0.07143203	0.06516995	
1191.6	0.07184361	0.06512016	
1191.8	0.07166024	0.0650704	
1192	0.07171587	0.06502068	
1192.2	0.07140316	0.064971	
1192.4	0.07065313	0.06492136	
1192.6	0.07051738	0.06487175	
1192.8	0.07014698	0.06482218	
1193	0.06968964	0.06477265	
1193.2	0.0695171	0.06472316	
1193.4	0.06929737	0.06467371	
1193.6	0.06914834	0.06462429	
1193.8	0.06937543	0.06457491	
1194	0.06958752	0.06452557	
1194.2	0.06990307	0.06447627	
1194.4	0.06968861	0.064427	
1194.6	0.06960637	0.06437778	
1194.8	0.0701152	0.06432859	
1195	0.07020029	0.06427943	
1195.2	0.07010436	0.06423032	
1195.4	0.06968472	0.06418124	
1195.6	0.07008534	0.0641322	
1195.8	0.06983121	0.0640832	
1196	0.06956831	0.06403423	
1196.2	0.06949477	0.0639853	
1196.4	0.06959208	0.06393641	
1196.6	0.06973746	0.06388756	
1196.8	0.06947961	0.06383875	
1197	0.06951046	0.06378997	
1197.2	0.06918373	0.06374123	
1197.4	0.06953487	0.06369252	
1197.6	0.07000839	0.06364386	
1197.8	0.06986627	0.06359523	
1198	0.06966772	0.06354663	
1198.2	0.06953651	0.06349808	
1198.4	0.06927046	0.06344956	
1198.6	0.06947321	0.06340108	
1198.8	0.06968729	0.06335264	
1199	0.06937198	0.06330423	
1199.2	0.06930724	0.06325586	
1199.4	0.06885247	0.06320753	
1199.6	0.06906512	0.06315923	
1199.8	0.06895169	0.06311097	
1200	0.06907848	0.06306275	
1200.2	0.06908917	0.06301456	
1200.4	0.06885385	0.06296641	
1200.6	0.06876357	0.0629183	
1200.8	0.06850094	0.06287023	
1201	0.06808093	0.06282219	
1201.2	0.06819888	0.06277419	
1201.4	0.06833752	0.06272622	
1201.6	0.06803688	0.06267829	
1201.8	0.06737766	0.0626304	
1202	0.06739963	0.06258255	
1202.2	0.06707783	0.06253473	
1202.4	0.06678194	0.06248695	
1202.6	0.06686876	0.0624392	
1202.8	0.06692955	0.06239149	
1203	0.06691453	0.06234382	
1203.2	0.0668991	0.06229618	
1203.4	0.06699789	0.06224858	
1203.6	0.06682842	0.06220102	
1203.8	0.06714975	0.06215349	
1204	0.06728777	0.062106	
1204.2	0.06694077	0.06205855	
1204.4	0.06703899	0.06201113	
1204.6	0.06720334	0.06196375	
1204.8	0.06707702	0.0619164	
1205	0.06718362	0.06186909	
1205.2	0.0674603	0.06182182	
1205.4	0.06736593	0.06177458	
1205.6	0.06713597	0.06172738	
1205.8	0.06734627	0.06168022	
1206	0.06722517	0.06163309	
1206.2	0.06677499	0.061586	
1206.4	0.06674274	0.06153894	
1206.6	0.06668519	0.06149192	
1206.8	0.06685991	0.06144493	
1207	0.06645932	0.06139798	
1207.2	0.06617698	0.06135107	
1207.4	0.06625968	0.06130419	
1207.6	0.06575516	0.06125735	
1207.8	0.06610086	0.06121054	
1208	0.06570722	0.06116377	
1208.2	0.06533817	0.06111704	
1208.4	0.06564631	0.06107034	
1208.6	0.06541405	0.06102368	
1208.8	0.06525096	0.06097705	
1209	0.06535671	0.06093046	
1209.2	0.06537409	0.0608839	
1209.4	0.06536273	0.06083738	
1209.6	0.06531866	0.0607909	
1209.8	0.06532712	0.06074445	
1210	0.06526659	0.06069803	
1210.2	0.06526891	0.06065166	
1210.4	0.06560448	0.06060531	
1210.6	0.06572199	0.060559	
1210.8	0.06623033	0.06051273	
1211	0.06595375	0.0604665	
1211.2	0.06595339	0.06042029	
1211.4	0.06631555	0.06037413	
1211.6	0.06632168	0.060328	
1211.8	0.06650495	0.0602819	
1212	0.06648121	0.06023584	
1212.2	0.06627649	0.06018981	
1212.4	0.06614405	0.06014382	
1212.6	0.06558197	0.06009787	
1212.8	0.06529455	0.06005195	
1213	0.06503823	0.06000606	
1213.2	0.06461129	0.05996021	
1213.4	0.06451043	0.0599144	
1213.6	0.0643595	0.05986862	
1213.8	0.06404102	0.05982287	
1214	0.0642834	0.05977716	
1214.2	0.06394573	0.05973149	
1214.4	0.06420409	0.05968585	
1214.6	0.06393838	0.05964024	
1214.8	0.0641543	0.05959467	
1215	0.0637964	0.05954914	
1215.2	0.0638441	0.05950364	
1215.4	0.06405765	0.05945817	
1215.6	0.06378797	0.05941274	
1215.8	0.06375135	0.05936734	
1216	0.06387318	0.05932198	
1216.2	0.06318572	0.05927666	
1216.4	0.06322282	0.05923136	
1216.6	0.06316015	0.05918611	
1216.8	0.06317698	0.05914088	
1217	0.06316002	0.05909569	
1217.2	0.06354799	0.05905054	
1217.4	0.0637867	0.05900542	
1217.6	0.06389292	0.05896033	
1217.8	0.06369015	0.05891528	
1218	0.06367921	0.05887027	
1218.2	0.0634696	0.05882528	
1218.4	0.06353324	0.05878034	
1218.6	0.0634671	0.05873542	
1218.8	0.06337296	0.05869054	
1219	0.06284224	0.0586457	
1219.2	0.06270693	0.05860089	
1219.4	0.06206041	0.05855611	
1219.6	0.06161212	0.05851137	
1219.8	0.06123696	0.05846666	
1220	0.06105019	0.05842199	
1220.2	0.06049384	0.05837735	
1220.4	0.06094813	0.05833275	
1220.6	0.06071037	0.05828817	
1220.8	0.06080176	0.05824364	
1221	0.06112568	0.05819913	
1221.2	0.06132072	0.05815466	
1221.4	0.06115094	0.05811023	
1221.6	0.06121451	0.05806583	
1221.8	0.06104397	0.05802146	
1222	0.06144127	0.05797713	
1222.2	0.06193084	0.05793283	
1222.4	0.06171204	0.05788856	
1222.6	0.06161035	0.05784433	
1222.8	0.06156405	0.05780013	
1223	0.06131393	0.05775597	
1223.2	0.06100422	0.05771184	
1223.4	0.0610009	0.05766774	
1223.6	0.06098968	0.05762368	
1223.8	0.06065022	0.05757965	
1224	0.06091323	0.05753565	
1224.2	0.06128079	0.05749169	
1224.4	0.06136002	0.05744776	
1224.6	0.06181154	0.05740387	
1224.8	0.0616966	0.05736	
1225	0.06161968	0.05731618	
1225.2	0.0615355	0.05727238	
1225.4	0.06168887	0.05722862	
1225.6	0.06180726	0.05718489	
1225.8	0.06207149	0.0571412	
1226	0.06233057	0.05709754	
1226.2	0.06180057	0.05705391	
1226.4	0.06090516	0.05701032	
1226.6	0.06077317	0.05696676	
1226.8	0.06074363	0.05692323	
1227	0.06003808	0.05687973	
1227.2	0.05990785	0.05683627	
1227.4	0.0603142	0.05679285	
1227.6	0.05993247	0.05674945	
1227.8	0.05992902	0.05670609	
1228	0.06013858	0.05666276	
1228.2	0.05997323	0.05661947	
1228.4	0.05980719	0.0565762	
1228.6	0.06026858	0.05653297	
1228.8	0.05968039	0.05648978	
1229	0.05951768	0.05644661	
1229.2	0.05986252	0.05640348	
1229.4	0.05960332	0.05636039	
1229.6	0.0595028	0.05631732	
1229.8	0.05968092	0.05627429	
1230	0.05918171	0.05623129	
1230.2	0.05841809	0.05618833	
1230.4	0.05832085	0.0561454	
1230.6	0.05811783	0.0561025	
1230.8	0.05801029	0.05605963	
1231	0.05795567	0.05601679	
1231.2	0.05810362	0.05597399	
1231.4	0.05859583	0.05593122	
1231.6	0.05866003	0.05588849	
1231.8	0.0588271	0.05584578	
1232	0.05868453	0.05580311	
1232.2	0.05852294	0.05576047	
1232.4	0.058476	0.05571787	
1232.6	0.05808261	0.05567529	
1232.8	0.05789019	0.05563275	
1233	0.05782635	0.05559025	
1233.2	0.05783141	0.05554777	
1233.4	0.05797841	0.05550533	
1233.6	0.0578415	0.05546292	
1233.8	0.05775502	0.05542054	
1234	0.05744555	0.05537819	
1234.2	0.05750653	0.05533588	
1234.4	0.05752336	0.0552936	
1234.6	0.0573208	0.05525135	
1234.8	0.05773147	0.05520913	
1235	0.0579882	0.05516695	
1235.2	0.05791286	0.05512479	
1235.4	0.05823527	0.05508267	
1235.6	0.05847777	0.05504058	
1235.8	0.05846198	0.05499853	
1236	0.0581992	0.05495651	
1236.2	0.05828962	0.05491451	
1236.4	0.05778487	0.05487255	
1236.6	0.05743396	0.05483063	
1236.8	0.05757771	0.05478873	
1237	0.05721025	0.05474687	
1237.2	0.05717009	0.05470504	
1237.4	0.05713675	0.05466324	
1237.6	0.05648131	0.05462147	
1237.8	0.05644363	0.05457973	
1238	0.05614899	0.05453803	
1238.2	0.05601838	0.05449636	
1238.4	0.05605306	0.05445472	
1238.6	0.05575741	0.05441311	
1238.8	0.05602258	0.05437153	
1239	0.05593223	0.05432999	
1239.2	0.05592907	0.05428848	
1239.4	0.05621889	0.054247	
1239.6	0.05648477	0.05420555	
1239.8	0.05648367	0.05416413	
1240	0.05657004	0.05412274	
1240.2	0.05672194	0.05408139	
1240.4	0.05643963	0.05404007	
1240.6	0.0565388	0.05399877	
1240.8	0.05650048	0.05395751	
1241	0.05645242	0.05391629	
1241.2	0.05650831	0.05387509	
1241.4	0.05632495	0.05383392	
1241.6	0.05638343	0.05379279	
1241.8	0.05628776	0.05375169	
1242	0.05593225	0.05371062	
1242.2	0.05602517	0.05366958	
1242.4	0.05633772	0.05362857	
1242.6	0.05602875	0.05358759	
1242.8	0.05604519	0.05354665	
1243	0.05593217	0.05350573	
1243.2	0.05575135	0.05346485	
1243.4	0.0559448	0.053424	
1243.6	0.05583155	0.05338318	
1243.8	0.05630881	0.05334239	
1244	0.05639821	0.05330163	
1244.2	0.05638111	0.0532609	
1244.4	0.05670881	0.05322021	
1244.6	0.05659548	0.05317954	
1244.8	0.05667823	0.05313891	
1245	0.05686838	0.05309831	
1245.2	0.05652773	0.05305773	
1245.4	0.05663215	0.05301719	
1245.6	0.05656505	0.05297668	
1245.8	0.05592564	0.0529362	
1246	0.05580644	0.05289576	
1246.2	0.05612293	0.05285534	
1246.4	0.05620406	0.05281495	
1246.6	0.05593987	0.0527746	
1246.8	0.05586173	0.05273427	
1247	0.05587141	0.05269398	
1247.2	0.05591503	0.05265372	
1247.4	0.05612348	0.05261349	
1247.6	0.05592794	0.05257328	
1247.8	0.05594595	0.05253311	
1248	0.05559702	0.05249297	
1248.2	0.05552189	0.05245286	
1248.4	0.05563489	0.05241279	
1248.6	0.0556137	0.05237274	
1248.8	0.05589259	0.05233272	
1249	0.05570218	0.05229273	
1249.2	0.05531436	0.05225278	
1249.4	0.05522892	0.05221285	
1249.6	0.05481389	0.05217296	
1249.8	0.05461109	0.05213309	
1250	0.05474006	0.05209326	
1250.2	0.05467207	0.05205345	
1250.4	0.0543797	0.05201368	
1250.6	0.05424662	0.05197394	
1250.8	0.05407063	0.05193423	
1251	0.05393481	0.05189454	
1251.2	0.05367042	0.05185489	
1251.4	0.05328079	0.05181527	
1251.6	0.05282736	0.05177568	
1251.8	0.05269797	0.05173612	
1252	0.05317368	0.05169659	
1252.2	0.0533629	0.05165709	
1252.4	0.05371412	0.05161762	
1252.6	0.05366126	0.05157818	
1252.8	0.05362522	0.05153877	
1253	0.05371728	0.05149938	
1253.2	0.05374593	0.05146003	
1253.4	0.05379531	0.05142072	
1253.6	0.05378697	0.05138143	
1253.8	0.05379866	0.05134217	
1254	0.05356767	0.05130294	
1254.2	0.05348039	0.05126374	
1254.4	0.05337536	0.05122457	
1254.6	0.05330279	0.05118543	
1254.8	0.05305987	0.05114632	
1255	0.05292455	0.05110724	
1255.2	0.05269601	0.05106818	
1255.4	0.05272927	0.05102916	
1255.6	0.05293879	0.05099017	
1255.8	0.05284029	0.05095121	
1256	0.05321966	0.05091228	
1256.2	0.05271841	0.05087338	
1256.4	0.0524998	0.05083451	
1256.6	0.05238972	0.05079567	
1256.8	0.05230789	0.05075685	
1257	0.05220905	0.05071807	
1257.2	0.05236598	0.05067932	
1257.4	0.0520827	0.0506406	
1257.6	0.05190595	0.0506019	
1257.8	0.05171836	0.05056324	
1258	0.05171265	0.0505246	
1258.2	0.05159258	0.050486	
1258.4	0.05142878	0.05044742	
1258.6	0.05145523	0.05040888	
1258.8	0.05175796	0.05037036	
1259	0.05172167	0.05033187	
1259.2	0.05198401	0.05029341	
1259.4	0.05230165	0.05025498	
1259.6	0.05256093	0.05021659	
1259.8	0.05224166	0.05017822	
1260	0.05269703	0.05013988	
1260.2	0.05272127	0.05010156	
1260.4	0.05305038	0.05006328	
1260.6	0.05323785	0.05002503	
1260.8	0.05306323	0.04998681	
1261	0.05319119	0.04994861	
1261.2	0.05340294	0.04991045	
1261.4	0.05321487	0.04987231	
1261.6	0.05348644	0.0498342	
1261.8	0.05357701	0.04979613	
1262	0.05352096	0.04975808	
1262.2	0.05317642	0.04972006	
1262.4	0.0530134	0.04968207	
1262.6	0.05324876	0.04964411	
1262.8	0.05314691	0.04960617	
1263	0.05291919	0.04956827	
1263.2	0.05295955	0.0495304	
1263.4	0.05305277	0.04949255	
1263.6	0.05287825	0.04945473	
1263.8	0.05251313	0.04941695	
1264	0.05259808	0.04937919	
1264.2	0.05228804	0.04934146	
1264.4	0.05170275	0.04930376	
1264.6	0.05152415	0.04926608	
1264.8	0.05127989	0.04922844	
1265	0.05121246	0.04919083	
1265.2	0.05095832	0.04915324	
1265.4	0.05124458	0.04911568	
1265.6	0.05114856	0.04907815	
1265.8	0.05072033	0.04904065	
1266	0.05035785	0.04900318	
1266.2	0.05003544	0.04896574	
1266.4	0.04999983	0.04892833	
1266.6	0.04965963	0.04889094	
1266.8	0.04963329	0.04885358	
1267	0.05005213	0.04881625	
1267.2	0.05008177	0.04877896	
1267.4	0.05049351	0.04874168	
1267.6	0.05079538	0.04870444	
1267.8	0.05068559	0.04866723	
1268	0.0504625	0.04863004	
1268.2	0.05041459	0.04859288	
1268.4	0.05047028	0.04855575	
1268.6	0.05082383	0.04851865	
1268.8	0.05069879	0.04848158	
1269	0.05034968	0.04844454	
1269.2	0.0503062	0.04840752	
1269.4	0.05033654	0.04837053	
1269.6	0.04961543	0.04833357	
1269.8	0.04911809	0.04829664	
1270	0.04875244	0.04825974	
1270.2	0.04845098	0.04822287	
1270.4	0.04846483	0.04818602	
1270.6	0.04832285	0.0481492	
1270.8	0.04857366	0.04811241	
1271	0.04863138	0.04807565	
1271.2	0.04852658	0.04803891	
1271.4	0.0489575	0.04800221	
1271.6	0.0490027	0.04796553	
1271.8	0.04883943	0.04792888	
1272	0.04911448	0.04789226	
1272.2	0.04942972	0.04785566	
1272.4	0.04938757	0.0478191	
1272.6	0.04942151	0.04778256	
1272.8	0.04934742	0.04774605	
1273	0.04917973	0.04770957	
1273.2	0.04930784	0.04767311	
1273.4	0.04926218	0.04763669	
1273.6	0.04897781	0.04760029	
1273.8	0.04893521	0.04756392	
1274	0.0488945	0.04752758	
1274.2	0.04896918	0.04749126	
1274.4	0.04891907	0.04745497	
1274.6	0.04910658	0.04741871	
1274.8	0.04894721	0.04738248	
1275	0.04894955	0.04734628	
1275.2	0.0489208	0.0473101	
1275.4	0.04900049	0.04727395	
1275.6	0.04893649	0.04723783	
1275.8	0.04918337	0.04720174	
1276	0.04909832	0.04716567	
1276.2	0.04905418	0.04712963	
1276.4	0.0490646	0.04709362	
1276.6	0.04876662	0.04705764	
1276.8	0.04889894	0.04702168	
1277	0.04846036	0.04698575	
1277.2	0.0483791	0.04694985	
1277.4	0.04822752	0.04691398	
1277.6	0.04787618	0.04687813	
1277.8	0.04786092	0.04684231	
1278	0.04789574	0.04680652	
1278.2	0.0481331	0.04677076	
1278.4	0.04785556	0.04673502	
1278.6	0.04839137	0.04669931	
1278.8	0.04836373	0.04666363	
1279	0.04848746	0.04662797	
1279.2	0.04803958	0.04659234	
1279.4	0.04809731	0.04655674	
1279.6	0.04799116	0.04652117	
1279.8	0.04828322	0.04648562	
1280	0.04825934	0.04645011	
1280.2	0.04817912	0.04641461	
1280.4	0.04762063	0.04637915	
1280.6	0.04683498	0.04634371	
1280.8	0.04683859	0.0463083	
1281	0.04647189	0.04627292	
1281.2	0.046417	0.04623756	
1281.4	0.0459485	0.04620223	
1281.6	0.04593893	0.04616693	
1281.8	0.04599658	0.04613165	
1282	0.04599003	0.0460964	
1282.2	0.04608435	0.04606118	
1282.4	0.04605709	0.04602599	
1282.6	0.04636975	0.04599082	
1282.8	0.04622262	0.04595568	
1283	0.04596524	0.04592056	
1283.2	0.04583585	0.04588548	
1283.4	0.04588861	0.04585042	
1283.6	0.04626916	0.04581538	
1283.8	0.04664637	0.04578038	
1284	0.04674932	0.0457454	
1284.2	0.04644157	0.04571044	
1284.4	0.04630836	0.04567552	
1284.6	0.04659944	0.04564062	
1284.8	0.04707397	0.04560574	
1285	0.04744369	0.0455709	
1285.2	0.04726878	0.04553608	
1285.4	0.04745075	0.04550128	
1285.6	0.04750778	0.04546652	
1285.8	0.04743996	0.04543177	
1286	0.04753498	0.04539706	
1286.2	0.04729609	0.04536237	
1286.4	0.04706241	0.04532771	
1286.6	0.04666451	0.04529308	
1286.8	0.04660205	0.04525847	
1287	0.04622922	0.04522389	
1287.2	0.04613208	0.04518933	
1287.4	0.04539433	0.04515481	
1287.6	0.04563783	0.0451203	
1287.8	0.04521293	0.04508583	
1288	0.04450352	0.04505138	
1288.2	0.04405992	0.04501696	
1288.4	0.04368609	0.04498256	
1288.6	0.04371649	0.04494819	
1288.8	0.04372226	0.04491384	
1289	0.04385577	0.04487953	
1289.2	0.04357374	0.04484523	
1289.4	0.043681	0.04481097	
1289.6	0.04396157	0.04477673	
1289.8	0.04441044	0.04474252	
1290	0.04487587	0.04470833	
1290.2	0.04496758	0.04467417	
1290.4	0.04507887	0.04464003	
1290.6	0.04573776	0.04460592	
1290.8	0.04597987	0.04457184	
1291	0.04599892	0.04453778	
1291.2	0.04615069	0.04450375	
1291.4	0.04573163	0.04446975	
1291.6	0.04594484	0.04443577	
1291.8	0.04548819	0.04440182	
1292	0.04496293	0.04436789	
1292.2	0.04504462	0.04433399	
1292.4	0.04467311	0.04430011	
1292.6	0.04488302	0.04426626	
1292.8	0.04463797	0.04423244	
1293	0.04433127	0.04419864	
1293.2	0.0438927	0.04416487	
1293.4	0.04381694	0.04413113	
1293.6	0.04400932	0.04409741	
1293.8	0.04391729	0.04406371	
1294	0.04379303	0.04403004	
1294.2	0.04334047	0.0439964	
1294.4	0.04353443	0.04396278	
1294.6	0.04370253	0.04392919	
1294.8	0.04350768	0.04389563	
1295	0.04361791	0.04386209	
1295.2	0.04347217	0.04382857	
1295.4	0.04337478	0.04379508	
1295.6	0.04349511	0.04376162	
1295.8	0.04366797	0.04372818	
1296	0.04378705	0.04369477	
1296.2	0.0436901	0.04366138	
1296.4	0.0437114	0.04362802	
1296.6	0.043493	0.04359469	
1296.8	0.04313806	0.04356138	
1297	0.04328899	0.04352809	
1297.2	0.04347259	0.04349483	
1297.4	0.04332594	0.0434616	
1297.6	0.04339222	0.04342839	
1297.8	0.04326171	0.04339521	
1298	0.04303756	0.04336205	
1298.2	0.042679	0.04332892	
1298.4	0.04278555	0.04329581	
1298.6	0.04201084	0.04326273	
1298.8	0.04182133	0.04322967	
1299	0.0417071	0.04319664	
1299.2	0.04149558	0.04316364	
1299.4	0.04153352	0.04313065	
1299.6	0.04146081	0.0430977	
1299.8	0.04170552	0.04306477	
1300	0.04152774	0.04303186	
1300.2	0.04160798	0.04299898	
1300.4	0.04182626	0.04296613	
1300.6	0.0417085	0.0429333	
1300.8	0.04193096	0.04290049	
1301	0.04241337	0.04286771	
1301.2	0.04233759	0.04283496	
1301.4	0.04197687	0.04280223	
1301.6	0.04208947	0.04276953	
1301.8	0.04173844	0.04273685	
1302	0.04149302	0.04270419	
1302.2	0.04125207	0.04267156	
1302.4	0.04075846	0.04263896	
1302.6	0.03999791	0.04260638	
1302.8	0.03960594	0.04257382	
1303	0.03940625	0.04254129	
1303.2	0.03917366	0.04250879	
1303.4	0.0392461	0.04247631	
1303.6	0.03935201	0.04244385	
1303.8	0.03965478	0.04241142	
1304	0.03938544	0.04237901	
1304.2	0.0392489	0.04234663	
1304.4	0.0391254	0.04231428	
1304.6	0.03875683	0.04228194	
1304.8	0.03869297	0.04224964	
1305	0.03885965	0.04221735	
1305.2	0.03920824	0.0421851	
1305.4	0.03950132	0.04215286	
1305.6	0.04011244	0.04212066	
1305.8	0.04033315	0.04208847	
1306	0.0404586	0.04205631	
1306.2	0.04074356	0.04202418	
1306.4	0.04061815	0.04199207	
1306.6	0.04034871	0.04195998	
1306.8	0.04055903	0.04192792	
1307	0.04074619	0.04189588	
1307.2	0.04104446	0.04186387	
1307.4	0.04152503	0.04183188	
1307.6	0.04172537	0.04179992	
1307.8	0.04172607	0.04176798	
1308	0.04145089	0.04173607	
1308.2	0.04151364	0.04170418	
1308.4	0.04150627	0.04167231	
1308.6	0.04127558	0.04164047	
1308.8	0.04149679	0.04160865	
1309	0.04191419	0.04157686	
1309.2	0.04207054	0.04154509	
1309.4	0.041853	0.04151335	
1309.6	0.04175567	0.04148163	
1309.8	0.04199423	0.04144993	
1310	0.04183109	0.04141826	
1310.2	0.0418585	0.04138662	
1310.4	0.0420961	0.04135499	
1310.6	0.04171442	0.04132339	
1310.8	0.04166715	0.04129182	
1311	0.04179118	0.04126027	
1311.2	0.04135401	0.04122874	
1311.4	0.0409697	0.04119724	
1311.6	0.04029892	0.04116576	
1311.8	0.04016036	0.04113431	
1312	0.03994451	0.04110288	
1312.2	0.0393874	0.04107147	
1312.4	0.03876176	0.04104009	
1312.6	0.0387364	0.04100873	
1312.8	0.03863369	0.0409774	
1313	0.0383568	0.04094609	
1313.2	0.0381181	0.0409148	
1313.4	0.03797023	0.04088354	
1313.6	0.03791615	0.0408523	
1313.8	0.03823356	0.04082108	
1314	0.03805818	0.04078989	
1314.2	0.03841418	0.04075873	
1314.4	0.0390202	0.04072758	
1314.6	0.03908903	0.04069646	
1314.8	0.0391587	0.04066537	
1315	0.03943987	0.0406343	
1315.2	0.03928851	0.04060325	
1315.4	0.03919461	0.04057222	
1315.6	0.03923595	0.04054122	
1315.8	0.03938871	0.04051025	
1316	0.03893944	0.04047929	
1316.2	0.03858117	0.04044836	
1316.4	0.03867884	0.04041746	
1316.6	0.03864911	0.04038657	
1316.8	0.03862821	0.04035572	
1317	0.0384942	0.04032488	
1317.2	0.03859584	0.04029407	
1317.4	0.03823651	0.04026328	
1317.6	0.03811658	0.04023252	
1317.8	0.0381562	0.04020177	
1318	0.03782227	0.04017106	
1318.2	0.03799925	0.04014036	
1318.4	0.03799606	0.04010969	
1318.6	0.0379887	0.04007904	
1318.8	0.03757063	0.04004842	
1319	0.03738089	0.04001782	
1319.2	0.03747514	0.03998724	
1319.4	0.03712474	0.03995669	
1319.6	0.03724076	0.03992616	
1319.8	0.03699855	0.03989565	
1320	0.03659862	0.03986517	
1320.2	0.03661406	0.03983471	
1320.4	0.03668421	0.03980427	
1320.6	0.03669345	0.03977386	
1320.8	0.03698711	0.03974347	
1321	0.03680646	0.0397131	
1321.2	0.03694857	0.03968275	
1321.4	0.03710877	0.03965243	
1321.6	0.0374142	0.03962214	
1321.8	0.03744071	0.03959186	
1322	0.03721962	0.03956161	
1322.2	0.03756313	0.03953138	
1322.4	0.03751915	0.03950118	
1322.6	0.03752311	0.03947099	
1322.8	0.03739949	0.03944083	
1323	0.03717183	0.0394107	
1323.2	0.0374433	0.03938058	
1323.4	0.03718418	0.03935049	
1323.6	0.0369814	0.03932043	
1323.8	0.03695851	0.03929038	
1324	0.036667	0.03926036	
1324.2	0.03668283	0.03923036	
1324.4	0.03682288	0.03920039	
1324.6	0.03667735	0.03917044	
1324.8	0.03654943	0.03914051	
1325	0.03656865	0.0391106	
1325.2	0.03641628	0.03908072	
1325.4	0.03659766	0.03905085	
1325.6	0.03622239	0.03902102	
1325.8	0.03633191	0.0389912	
1326	0.03667789	0.03896141	
1326.2	0.03687618	0.03893164	
1326.4	0.03662186	0.03890189	
1326.6	0.03642242	0.03887217	
1326.8	0.03643	0.03884246	
1327	0.03640036	0.03881279	
1327.2	0.03660083	0.03878313	
1327.4	0.0367054	0.0387535	
1327.6	0.03670395	0.03872388	
1327.8	0.03697828	0.0386943	
1328	0.03677483	0.03866473	
1328.2	0.03702495	0.03863519	
1328.4	0.03677692	0.03860567	
1328.6	0.03654315	0.03857617	
1328.8	0.03652084	0.03854669	
1329	0.03630552	0.03851724	
1329.2	0.03564508	0.03848781	
1329.4	0.03572066	0.0384584	
1329.6	0.03527378	0.03842902	
1329.8	0.03554567	0.03839965	
1330	0.03534508	0.03837031	
1330.2	0.03487393	0.03834099	
1330.4	0.03467913	0.0383117	
1330.6	0.0345782	0.03828242	
1330.8	0.03477013	0.03825317	
1331	0.03508025	0.03822394	
1331.2	0.03528291	0.03819474	
1331.4	0.03537992	0.03816555	
1331.6	0.03538451	0.03813639	
1331.8	0.03567586	0.03810725	
1332	0.03570742	0.03807814	
1332.2	0.03598156	0.03804904	
1332.4	0.0358583	0.03801997	
1332.6	0.03595972	0.03799092	
1332.8	0.03595792	0.03796189	
1333	0.03603568	0.03793288	
1333.2	0.0358673	0.0379039	
1333.4	0.0356983	0.03787494	
1333.6	0.0357865	0.037846	
1333.8	0.03567531	0.03781708	
1334	0.03544517	0.03778818	
1334.2	0.03518267	0.03775931	
1334.4	0.03523647	0.03773046	
1334.6	0.03484087	0.03770163	
1334.8	0.03482823	0.03767282	
1335	0.03472887	0.03764404	
1335.2	0.03412698	0.03761527	
1335.4	0.0341121	0.03758653	
1335.6	0.03398426	0.03755781	
1335.8	0.03398198	0.03752912	
1336	0.03407194	0.03750044	
1336.2	0.0340612	0.03747179	
1336.4	0.03389623	0.03744315	
1336.6	0.03388817	0.03741454	
1336.8	0.03424591	0.03738596	
1337	0.034524	0.03735739	
1337.2	0.03440333	0.03732885	
1337.4	0.03417271	0.03730032	
1337.6	0.03463647	0.03727182	
1337.8	0.03461264	0.03724334	
1338	0.03453712	0.03721489	
1338.2	0.0343279	0.03718645	
1338.4	0.03443507	0.03715804	
1338.6	0.03433165	0.03712965	
1338.8	0.03439901	0.03710128	
1339	0.03384866	0.03707293	
1339.2	0.03367084	0.0370446	
1339.4	0.0336487	0.0370163	
1339.6	0.03336288	0.03698801	
1339.8	0.03393156	0.03695975	
1340	0.0341005	0.03693151	
1340.2	0.03438767	0.03690329	
1340.4	0.03488078	0.03687509	
1340.6	0.03525402	0.03684692	
1340.8	0.03518188	0.03681876	
1341	0.0352019	0.03679063	
1341.2	0.03498739	0.03676252	
1341.4	0.03490432	0.03673443	
1341.6	0.03482484	0.03670636	
1341.8	0.03474774	0.03667831	
1342	0.03448014	0.03665029	
1342.2	0.0341251	0.03662228	
1342.4	0.03419333	0.0365943	
1342.6	0.03436126	0.03656634	
1342.8	0.03423258	0.0365384	
1343	0.03401463	0.03651048	
1343.2	0.03397171	0.03648259	
1343.4	0.03343393	0.03645471	
1343.6	0.03353175	0.03642685	
1343.8	0.03377234	0.03639902	
1344	0.03366717	0.03637121	
1344.2	0.03377271	0.03634342	
1344.4	0.03311338	0.03631565	
1344.6	0.03311603	0.0362879	
1344.8	0.03266595	0.03626017	
1345	0.03285411	0.03623247	
1345.2	0.03278354	0.03620478	
1345.4	0.03256542	0.03617712	
1345.6	0.03210946	0.03614948	
1345.8	0.03226595	0.03612186	
1346	0.03206892	0.03609426	
1346.2	0.03165297	0.03606668	
1346.4	0.0318382	0.03603912	
1346.6	0.03207713	0.03601158	
1346.8	0.03231641	0.03598407	
1347	0.03219471	0.03595657	
1347.2	0.03188004	0.0359291	
1347.4	0.03171351	0.03590164	
1347.6	0.03171786	0.03587421	
1347.8	0.03196725	0.0358468	
1348	0.0321019	0.03581941	
1348.2	0.03214009	0.03579204	
1348.4	0.03206796	0.03576469	
1348.6	0.03292466	0.03573737	
1348.8	0.03299572	0.03571006	
1349	0.0329802	0.03568277	
1349.2	0.03303769	0.03565551	
1349.4	0.03274907	0.03562827	
1349.6	0.03245184	0.03560104	
1349.8	0.03234246	0.03557384	
1350	0.03184214	0.03554666	
1350.2	0.03176599	0.0355195	
1350.4	0.03190179	0.03549236	
1350.6	0.03204923	0.03546524	
1350.8	0.03219888	0.03543814	
1351	0.03208809	0.03541106	
1351.2	0.03214321	0.035384	
1351.4	0.03199469	0.03535697	
1351.6	0.03208403	0.03532995	
1351.8	0.03232656	0.03530296	
1352	0.03217821	0.03527598	
1352.2	0.03221974	0.03524903	
1352.4	0.0321802	0.0352221	
1352.6	0.03234852	0.03519518	
1352.8	0.03209698	0.03516829	
1353	0.03183663	0.03514142	
1353.2	0.03178624	0.03511457	
1353.4	0.03124972	0.03508774	
1353.6	0.0307866	0.03506093	
1353.8	0.03055282	0.03503414	
1354	0.03047148	0.03500737	
1354.2	0.03057452	0.03498062	
1354.4	0.0301145	0.03495389	
1354.6	0.03002218	0.03492718	
1354.8	0.02972425	0.0349005	
1355	0.02965668	0.03487383	
1355.2	0.02943544	0.03484718	
1355.4	0.02918706	0.03482056	
1355.6	0.02933968	0.03479395	
1355.8	0.02931322	0.03476737	
1356	0.02948553	0.0347408	
1356.2	0.02971298	0.03471426	
1356.4	0.02960022	0.03468773	
1356.6	0.02995287	0.03466123	
1356.8	0.03021369	0.03463474	
1357	0.03000859	0.03460828	
1357.2	0.02981699	0.03458183	
1357.4	0.02952629	0.03455541	
1357.6	0.02956518	0.03452901	
1357.8	0.02969521	0.03450262	
1358	0.02966891	0.03447626	
1358.2	0.02929549	0.03444992	
1358.4	0.02905289	0.0344236	
1358.6	0.02909889	0.03439729	
1358.8	0.02870033	0.03437101	
1359	0.02866092	0.03434475	
1359.2	0.02870177	0.03431851	
1359.4	0.02868369	0.03429228	
1359.6	0.02859636	0.03426608	
1359.8	0.02851687	0.0342399	
1360	0.02845745	0.03421374	
1360.2	0.02864256	0.03418759	
1360.4	0.02873583	0.03416147	
1360.6	0.02907596	0.03413537	
1360.8	0.02875563	0.03410929	
1361	0.02838372	0.03408322	
1361.2	0.02866053	0.03405718	
1361.4	0.02872111	0.03403116	
1361.6	0.02898375	0.03400516	
1361.8	0.02869399	0.03397917	
1362	0.0285418	0.03395321	
1362.2	0.02831859	0.03392727	
1362.4	0.02856926	0.03390134	
1362.6	0.02827388	0.03387544	
1362.8	0.02837147	0.03384956	
1363	0.02889705	0.03382369	
1363.2	0.02901499	0.03379785	
1363.4	0.02905989	0.03377202	
1363.6	0.02877889	0.03374622	
1363.8	0.02874554	0.03372043	
1364	0.02869659	0.03369467	
1364.2	0.02894293	0.03366892	
1364.4	0.02880382	0.0336432	
1364.6	0.0284445	0.03361749	
1364.8	0.02833829	0.0335918	
1365	0.02837626	0.03356614	
1365.2	0.02843355	0.03354049	
1365.4	0.02816158	0.03351486	
1365.6	0.02785257	0.03348925	
1365.8	0.02765279	0.03346367	
1366	0.02775839	0.0334381	
1366.2	0.02814558	0.03341255	
1366.4	0.02819884	0.03338702	
1366.6	0.02816372	0.03336151	
1366.8	0.02921206	0.03333601	
1367	0.02926122	0.03331054	
1367.2	0.02922693	0.03328509	
1367.4	0.02933005	0.03325966	
1367.6	0.02904988	0.03323425	
1367.8	0.02904957	0.03320885	
1368	0.02919244	0.03318348	
1368.2	0.02914743	0.03315812	
1368.4	0.02901378	0.03313279	
1368.6	0.02904093	0.03310747	
1368.8	0.02928185	0.03308217	
1369	0.02898387	0.0330569	
1369.2	0.02926391	0.03303164	
1369.4	0.02869115	0.0330064	
1369.6	0.02877633	0.03298118	
1369.8	0.02918713	0.03295598	
1370	0.02888704	0.0329308	
1370.2	0.02899752	0.03290563	
1370.4	0.02861846	0.03288049	
1370.6	0.02858459	0.03285537	
1370.8	0.02862136	0.03283026	
1371	0.02806014	0.03280518	
1371.2	0.02805348	0.03278011	
1371.4	0.02752789	0.03275507	
1371.6	0.02692351	0.03273004	
1371.8	0.02728963	0.03270503	
1372	0.02759209	0.03268004	
1372.2	0.0274621	0.03265507	
1372.4	0.02777136	0.03263012	
1372.6	0.02772412	0.03260519	
1372.8	0.02750069	0.03258027	
1373	0.0272321	0.03255538	
1373.2	0.02727135	0.0325305	
1373.4	0.02693229	0.03250565	
1373.6	0.02719766	0.03248081	
1373.8	0.02708371	0.03245599	
1374	0.02646029	0.03243119	
1374.2	0.02635262	0.03240641	
1374.4	0.02591412	0.03238165	
1374.6	0.02547747	0.03235691	
1374.8	0.02476022	0.03233219	
1375	0.02460761	0.03230748	
1375.2	0.02455653	0.0322828	
1375.4	0.0243629	0.03225813	
1375.6	0.02423276	0.03223348	
1375.8	0.02488174	0.03220885	
1376	0.02498552	0.03218424	
1376.2	0.02489349	0.03215965	
1376.4	0.0251252	0.03213508	
1376.6	0.0247779	0.03211052	
1376.8	0.02493072	0.03208599	
1377	0.02538716	0.03206147	
1377.2	0.02567074	0.03203697	
1377.4	0.02609413	0.03201249	
1377.6	0.02651092	0.03198803	
1377.8	0.02647273	0.03196359	
1378	0.02649449	0.03193917	
1378.2	0.02666648	0.03191476	
1378.4	0.02659709	0.03189038	
1378.6	0.02651882	0.03186601	
1378.8	0.02631119	0.03184166	
1379	0.02680092	0.03181733	
1379.2	0.02653447	0.03179302	
1379.4	0.0261759	0.03176873	
1379.6	0.02575252	0.03174446	
1379.8	0.0255888	0.0317202	
1380	0.02508089	0.03169596	
1380.2	0.02474078	0.03167174	
1380.4	0.02466563	0.03164754	
1380.6	0.02485515	0.03162336	
1380.8	0.02501641	0.0315992	
1381	0.02513115	0.03157506	
1381.2	0.02526373	0.03155093	
1381.4	0.02535651	0.03152682	
1381.6	0.02610775	0.03150273	
1381.8	0.02591412	0.03147866	
1382	0.02619743	0.03145461	
1382.2	0.02640309	0.03143058	
1382.4	0.02640572	0.03140656	
1382.6	0.02659257	0.03138256	
1382.8	0.0266544	0.03135858	
1383	0.02670866	0.03133462	
1383.2	0.02644395	0.03131068	
1383.4	0.02634578	0.03128676	
1383.6	0.02607002	0.03126285	
1383.8	0.02533434	0.03123896	
1384	0.02487033	0.03121509	
1384.2	0.02476413	0.03119124	
1384.4	0.02448525	0.03116741	
1384.6	0.02446317	0.0311436	
1384.8	0.02365824	0.0311198	
1385	0.02345654	0.03109602	
1385.2	0.02346939	0.03107226	
1385.4	0.02355696	0.03104852	
1385.6	0.02395481	0.0310248	
1385.8	0.02352098	0.03100109	
1386	0.02359928	0.0309774	
1386.2	0.0235266	0.03095373	
1386.4	0.02370156	0.03093008	
1386.6	0.02394834	0.03090645	
1386.8	0.02391077	0.03088283	
1387	0.02424808	0.03085924	
1387.2	0.02469663	0.03083566	
1387.4	0.02486825	0.0308121	
1387.6	0.02514373	0.03078855	
1387.8	0.02472713	0.03076503	
1388	0.02504732	0.03074152	
1388.2	0.02518699	0.03071803	
1388.4	0.02505569	0.03069456	
1388.6	0.02524197	0.03067111	
1388.8	0.02494426	0.03064767	
1389	0.02539206	0.03062425	
1389.2	0.02542913	0.03060085	
1389.4	0.02550164	0.03057747	
1389.6	0.02502237	0.03055411	
1389.8	0.02469006	0.03053076	
1390	0.02416844	0.03050743	
1390.2	0.0240121	0.03048412	
1390.4	0.02399954	0.03046083	
1390.6	0.02364523	0.03043756	
1390.8	0.0233992	0.0304143	
1391	0.02343111	0.03039106	
1391.2	0.02351838	0.03036784	
1391.4	0.02347574	0.03034464	
1391.6	0.02346039	0.03032145	
1391.8	0.023314	0.03029828	
1392	0.02344902	0.03027513	
1392.2	0.02358689	0.030252	
1392.4	0.02390275	0.03022888	
1392.6	0.02402579	0.03020579	
1392.8	0.02397865	0.03018271	
1393	0.02392781	0.03015964	
1393.2	0.02377414	0.0301366	
1393.4	0.02367809	0.03011357	
1393.6	0.02337482	0.03009056	
1393.8	0.02344103	0.03006757	
1394	0.02312891	0.0300446	
1394.2	0.02343514	0.03002164	
1394.4	0.02336579	0.0299987	
1394.6	0.02325577	0.02997578	
1394.8	0.02305814	0.02995287	
1395	0.0231289	0.02992999	
1395.2	0.02319063	0.02990712	
1395.4	0.02296817	0.02988427	
1395.6	0.02271603	0.02986143	
1395.8	0.02261466	0.02983862	
1396	0.02250351	0.02981582	
1396.2	0.0224897	0.02979304	
1396.4	0.02258236	0.02977027	
1396.6	0.02248153	0.02974752	
1396.8	0.0224282	0.02972479	
1397	0.02225813	0.02970208	
1397.2	0.0224038	0.02967939	
1397.4	0.02229302	0.02965671	
1397.6	0.0223294	0.02963405	
1397.8	0.02245047	0.02961141	
1398	0.02261858	0.02958878	
1398.2	0.02278797	0.02956617	
1398.4	0.02294463	0.02954358	
1398.6	0.02293346	0.02952101	
1398.8	0.02277223	0.02949845	
1399	0.02280446	0.02947591	
1399.2	0.02234722	0.02945339	
1399.4	0.02217649	0.02943088	
1399.6	0.02224425	0.0294084	
1399.8	0.02217967	0.02938593	
1400	0.02184968	0.02936347	
1400.2	0.02161253	0.02934104	
1400.4	0.02184485	0.02931862	
1400.6	0.02173305	0.02929621	
1400.8	0.02176905	0.02927383	
1401	0.02168557	0.02925146	
1401.2	0.0217545	0.02922911	
1401.4	0.02177755	0.02920678	
1401.6	0.02189409	0.02918446	
1401.8	0.0218949	0.02916216	
1402	0.0218409	0.02913988	
1402.2	0.02175926	0.02911761	
1402.4	0.02148388	0.02909537	
1402.6	0.02112932	0.02907313	
1402.8	0.02116267	0.02905092	
1403	0.02120236	0.02902872	
1403.2	0.0210177	0.02900654	
1403.4	0.02095189	0.02898438	
1403.6	0.0212302	0.02896223	
1403.8	0.02066671	0.0289401	
1404	0.02030615	0.02891799	
1404.2	0.02047892	0.02889589	
1404.4	0.02050255	0.02887381	
1404.6	0.0202398	0.02885175	
1404.8	0.02055614	0.02882971	
1405	0.02068083	0.02880768	
1405.2	0.0208882	0.02878567	
1405.4	0.02089156	0.02876367	
1405.6	0.02087584	0.02874169	
1405.8	0.02078138	0.02871973	
1406	0.02115296	0.02869779	
1406.2	0.02140404	0.02867586	
1406.4	0.02138924	0.02865395	
1406.6	0.02173026	0.02863206	
1406.8	0.02201997	0.02861018	
1407	0.02203475	0.02858832	
1407.2	0.02177825	0.02856647	
1407.4	0.02190018	0.02854465	
1407.6	0.0219203	0.02852284	
1407.8	0.02116451	0.02850104	
1408	0.02106882	0.02847927	
1408.2	0.02101132	0.02845751	
1408.4	0.02066816	0.02843576	
1408.6	0.02057476	0.02841403	
1408.8	0.02063507	0.02839232	
1409	0.02050825	0.02837063	
1409.2	0.02030906	0.02834895	
1409.4	0.0200223	0.02832729	
1409.6	0.01997519	0.02830565	
1409.8	0.019792	0.02828402	
1410	0.01985789	0.02826241	
1410.2	0.01990151	0.02824081	
1410.4	0.0200588	0.02821923	
1410.6	0.01999194	0.02819767	
1410.8	0.02001453	0.02817613	
1411	0.02022299	0.0281546	
1411.2	0.02019066	0.02813308	
1411.4	0.02023026	0.02811159	
1411.6	0.01992687	0.02809011	
1411.8	0.01962445	0.02806864	
1412	0.01982344	0.0280472	
1412.2	0.01947058	0.02802577	
1412.4	0.0190293	0.02800435	
1412.6	0.01941416	0.02798296	
1412.8	0.01929529	0.02796157	
1413	0.0192754	0.02794021	
1413.2	0.01947823	0.02791886	
1413.4	0.01920884	0.02789753	
1413.6	0.01888577	0.02787621	
1413.8	0.01859185	0.02785491	
1414	0.01890323	0.02783363	
1414.2	0.01934341	0.02781236	
1414.4	0.01975349	0.02779111	
1414.6	0.02000761	0.02776988	
1414.8	0.02057624	0.02774866	
1415	0.02070071	0.02772745	
1415.2	0.0201716	0.02770627	
1415.4	0.02006813	0.0276851	
1415.6	0.02026974	0.02766394	
1415.8	0.02021281	0.02764281	
1416	0.0199822	0.02762169	
1416.2	0.01906986	0.02760058	
1416.4	0.01881727	0.02757949	
1416.6	0.01882959	0.02755842	
1416.8	0.01832114	0.02753736	
1417	0.01862534	0.02751632	
1417.2	0.01866857	0.02749529	
1417.4	0.01830363	0.02747429	
1417.6	0.01847706	0.02745329	
1417.8	0.0186043	0.02743232	
1418	0.0193261	0.02741136	
1418.2	0.01952779	0.02739041	
1418.4	0.01978635	0.02736948	
1418.6	0.02006442	0.02734857	
1418.8	0.02033083	0.02732767	
1419	0.01978704	0.02730679	
1419.2	0.01937454	0.02728593	
1419.4	0.01969522	0.02726508	
1419.6	0.01996392	0.02724425	
1419.8	0.01950908	0.02722343	
1420	0.01891957	0.02720263	
1420.2	0.01836689	0.02718184	
1420.4	0.01829647	0.02716107	
1420.6	0.01800157	0.02714032	
1420.8	0.017857	0.02711958	
1421	0.01775207	0.02709886	
1421.2	0.01765609	0.02707815	
1421.4	0.01743378	0.02705746	
1421.6	0.01792343	0.02703679	
1421.8	0.01776229	0.02701613	
1422	0.01787151	0.02699549	
1422.2	0.01735735	0.02697486	
1422.4	0.01776919	0.02695425	
1422.6	0.01790268	0.02693366	
1422.8	0.01761889	0.02691308	
1423	0.01703707	0.02689251	
1423.2	0.01685117	0.02687196	
1423.4	0.0168624	0.02685143	
1423.6	0.01667004	0.02683091	
1423.8	0.01642718	0.02681041	
1424	0.01649762	0.02678993	
1424.2	0.01642448	0.02676946	
1424.4	0.01673519	0.026749	
1424.6	0.01685105	0.02672857	
1424.8	0.01689246	0.02670814	
1425	0.01735824	0.02668774	
1425.2	0.01788884	0.02666734	
1425.4	0.01822782	0.02664697	
1425.6	0.01906372	0.02662661	
1425.8	0.01887145	0.02660626	
1426	0.01898115	0.02658593	
1426.2	0.01894688	0.02656562	
1426.4	0.01929073	0.02654532	
1426.6	0.01901502	0.02652504	
1426.8	0.01889917	0.02650477	
1427	0.01860409	0.02648452	
1427.2	0.018345	0.02646428	
1427.4	0.01797605	0.02644406	
1427.6	0.01776057	0.02642385	
1427.8	0.01764915	0.02640366	
1428	0.01755303	0.02638349	
1428.2	0.0177177	0.02636333	
1428.4	0.0181274	0.02634319	
1428.6	0.01788783	0.02632306	
1428.8	0.01775184	0.02630295	
1429	0.01790249	0.02628285	
1429.2	0.01768079	0.02626276	
1429.4	0.01764223	0.0262427	
1429.6	0.01747478	0.02622265	
1429.8	0.0171943	0.02620261	
1430	0.01727769	0.02618259	
1430.2	0.01722401	0.02616258	
1430.4	0.01744182	0.02614259	
1430.6	0.01738041	0.02612262	
1430.8	0.01745448	0.02610266	
1431	0.01755703	0.02608271	
1431.2	0.01760172	0.02606278	
1431.4	0.01767273	0.02604287	
1431.6	0.01804961	0.02602297	
1431.8	0.01826598	0.02600309	
1432	0.01832455	0.02598322	
1432.2	0.01858176	0.02596336	
1432.4	0.01838261	0.02594353	
1432.6	0.01795986	0.0259237	
1432.8	0.0176195	0.02590389	
1433	0.01715355	0.0258841	
1433.2	0.01688841	0.02586432	
1433.4	0.01657197	0.02584456	
1433.6	0.01642519	0.02582481	
1433.8	0.01651892	0.02580508	
1434	0.01636358	0.02578536	
1434.2	0.01628591	0.02576566	
1434.4	0.01620991	0.02574598	
1434.6	0.01602784	0.0257263	
1434.8	0.01658986	0.02570665	
1435	0.01627752	0.025687	
1435.2	0.01615549	0.02566738	
1435.4	0.01611125	0.02564776	
1435.6	0.01633583	0.02562817	
1435.8	0.01612011	0.02560859	
1436	0.01587559	0.02558902	
1436.2	0.0158825	0.02556947	
1436.4	0.01578438	0.02554993	
1436.6	0.0162598	0.02553041	
1436.8	0.01590563	0.0255109	
1437	0.01601577	0.02549141	
1437.2	0.0161047	0.02547193	
1437.4	0.01593066	0.02545247	
1437.6	0.0162061	0.02543302	
1437.8	0.01619341	0.02541358	
1438	0.0160851	0.02539417	
1438.2	0.01628753	0.02537476	
1438.4	0.01645902	0.02535537	
1438.6	0.01662454	0.025336	
1438.8	0.01681368	0.02531664	
1439	0.01643474	0.0252973	
1439.2	0.01677113	0.02527797	
1439.4	0.01686908	0.02525865	
1439.6	0.01713423	0.02523935	
1439.8	0.01717884	0.02522007	
