Conc1	5E-08	
Start1	1020	
Stop1	1439.8	
Kobs	0.0038218939319968	
Error Kobs	4.14361889801998E-05	
Koff	0	
Error Koff	0	
Time1	Data1	Fit1	
1020	-0.00153606	0	
1020.2	-0.00087248	0.00143742	
1020.4	0.00002039	0.00284378	
1020.6	0.00093515	0.00421975	
1020.8	0.00170653	0.00556597	
1021	0.00263492	0.0068831	
1021.2	0.0036256	0.00817177	
1021.4	0.00476079	0.00943258	
1021.6	0.00606336	0.01066615	
1021.8	0.00746403	0.01187305	
1022	0.0085701	0.01305387	
1022.2	0.00981079	0.01420917	
1022.4	0.01128389	0.01533951	
1022.6	0.01264472	0.01644541	
1022.8	0.01389217	0.01752741	
1023	0.01537046	0.01858603	
1023.2	0.01706344	0.01962177	
1023.4	0.01832251	0.02063512	
1023.6	0.02003149	0.02162657	
1023.8	0.0218355	0.0225966	
1024	0.02327656	0.02354566	
1024.2	0.02463889	0.02447421	
1024.4	0.02639151	0.02538269	
1024.6	0.0276747	0.02627153	
1024.8	0.02883497	0.02714117	
1025	0.02974811	0.02799201	
1025.2	0.03054753	0.02882447	
1025.4	0.03190167	0.02963893	
1025.6	0.03288686	0.03043579	
1025.8	0.03382265	0.03121543	
1026	0.03452089	0.03197822	
1026.2	0.03573544	0.03272452	
1026.4	0.0367103	0.03345469	
1026.6	0.03740945	0.03416908	
1026.8	0.03846489	0.03486804	
1027	0.03957121	0.03555188	
1027.2	0.04064358	0.03622095	
1027.4	0.04140057	0.03687556	
1027.6	0.04244095	0.03751602	
1027.8	0.04335446	0.03814264	
1028	0.0443243	0.03875571	
1028.2	0.04561665	0.03935554	
1028.4	0.04699089	0.0399424	
1028.6	0.04794545	0.04051658	
1028.8	0.04890302	0.04107835	
1029	0.0494836	0.04162798	
1029.2	0.0507703	0.04216572	
1029.4	0.05222741	0.04269185	
1029.6	0.05327397	0.04320661	
1029.8	0.05394606	0.04371024	
1030	0.05471075	0.04420299	
1030.2	0.05535808	0.04468508	
1030.4	0.05608008	0.04515676	
1030.6	0.05666421	0.04561825	
1030.8	0.05758409	0.04606976	
1031	0.05827815	0.04651151	
1031.2	0.05880766	0.04694372	
1031.4	0.0592635	0.04736658	
1031.6	0.05974247	0.0477803	
1031.8	0.06012949	0.04818509	
1032	0.06042286	0.04858112	
1032.2	0.06052442	0.0489686	
1032.4	0.06092655	0.0493477	
1032.6	0.06133781	0.04971861	
1032.8	0.06202139	0.0500815	
1033	0.06247493	0.05043655	
1033.2	0.06340938	0.05078393	
1033.4	0.06385683	0.0511238	
1033.6	0.06444601	0.05145632	
1033.8	0.06475653	0.05178166	
1034	0.06527789	0.05209996	
1034.2	0.06579217	0.05241139	
1034.4	0.06677882	0.05271608	
1034.6	0.06757588	0.05301419	
1034.8	0.06798804	0.05330586	
1035	0.06865765	0.05359122	
1035.2	0.06873374	0.05387042	
1035.4	0.06913124	0.05414358	
1035.6	0.06931534	0.05441084	
1035.8	0.0693023	0.05467232	
1036	0.06921667	0.05492816	
1036.2	0.06963814	0.05517846	
1036.4	0.07024399	0.05542335	
1036.6	0.07066179	0.05566295	
1036.8	0.07097654	0.05589737	
1037	0.0709802	0.05612673	
1037.2	0.07124053	0.05635113	
1037.4	0.07118676	0.05657068	
1037.6	0.07159423	0.05678548	
1037.8	0.07176855	0.05699564	
1038	0.07183387	0.05720126	
1038.2	0.07205795	0.05740243	
1038.4	0.07225741	0.05759926	
1038.6	0.07182032	0.05779184	
1038.8	0.07160362	0.05798025	
1039	0.07212414	0.05816459	
1039.2	0.07182461	0.05834494	
1039.4	0.07205425	0.0585214	
1039.6	0.0722193	0.05869405	
1039.8	0.07233424	0.05886296	
1040	0.07272105	0.05902822	
1040.2	0.0732548	0.05918991	
1040.4	0.07325544	0.05934811	
1040.6	0.0735237	0.05950288	
1040.8	0.07397331	0.05965432	
1041	0.07438509	0.05980248	
1041.2	0.07493088	0.05994743	
1041.4	0.07492542	0.06008926	
1041.6	0.07525166	0.06022802	
1041.8	0.07506664	0.06036378	
1042	0.07508513	0.0604966	
1042.2	0.07501401	0.06062656	
1042.4	0.07506522	0.06075371	
1042.6	0.07478434	0.0608781	
1042.8	0.07515733	0.06099981	
1043	0.0753347	0.06111889	
1043.2	0.07502146	0.0612354	
1043.4	0.07526018	0.06134939	
1043.6	0.0755852	0.06146091	
1043.8	0.07566189	0.06157003	
1044	0.07595791	0.06167679	
1044.2	0.07632147	0.06178123	
1044.4	0.07658121	0.06188343	
1044.6	0.07676218	0.06198341	
1044.8	0.07738066	0.06208123	
1045	0.07723973	0.06217694	
1045.2	0.07712568	0.06227058	
1045.4	0.07670033	0.0623622	
1045.6	0.07659192	0.06245183	
1045.8	0.07601658	0.06253953	
1046	0.0760015	0.06262533	
1046.2	0.07564236	0.06270928	
1046.4	0.07547847	0.06279142	
1046.6	0.07535968	0.06287178	
1046.8	0.07557492	0.0629504	
1047	0.07579238	0.06302732	
1047.2	0.07584228	0.06310258	
1047.4	0.07613923	0.06317622	
1047.6	0.07625388	0.06324826	
1047.8	0.0765586	0.06331875	
1048	0.07687715	0.06338771	
1048.2	0.07704462	0.06345518	
1048.4	0.07687759	0.06352119	
1048.6	0.07697294	0.06358578	
1048.8	0.07710773	0.06364897	
1049	0.07665968	0.0637108	
1049.2	0.07646101	0.06377129	
1049.4	0.07649976	0.06383047	
1049.6	0.07629087	0.06388837	
1049.8	0.0759068	0.06394503	
1050	0.07606234	0.06400045	
1050.2	0.07562488	0.06405468	
1050.4	0.07551051	0.06410774	
1050.6	0.07548796	0.06415965	
1050.8	0.0754309	0.06421044	
1051	0.07539106	0.06426013	
1051.2	0.07559306	0.06430875	
1051.4	0.07556297	0.06435631	
1051.6	0.0754823	0.06440285	
1051.8	0.07583692	0.06444838	
1052	0.0756501	0.06449293	
1052.2	0.07564637	0.06453652	
1052.4	0.07546811	0.06457916	
1052.6	0.0756814	0.06462089	
1052.8	0.07559523	0.06466171	
1053	0.07577386	0.06470164	
1053.2	0.0759752	0.06474072	
1053.4	0.07590146	0.06477895	
1053.6	0.07569199	0.06481635	
1053.8	0.07568617	0.06485295	
1054	0.07540333	0.06488875	
1054.2	0.07492385	0.06492379	
1054.4	0.07480239	0.06495806	
1054.6	0.07492283	0.06499159	
1054.8	0.07482782	0.0650244	
1055	0.07494616	0.0650565	
1055.2	0.07507264	0.06508791	
1055.4	0.07501223	0.06511863	
1055.6	0.07511048	0.0651487	
1055.8	0.07529493	0.06517811	
1056	0.07538862	0.06520689	
1056.2	0.07550917	0.06523504	
1056.4	0.07542667	0.06526259	
1056.6	0.07581196	0.06528954	
1056.8	0.07611591	0.06531591	
1057	0.07615897	0.06534171	
1057.2	0.07587948	0.06536695	
1057.4	0.07543737	0.06539165	
1057.6	0.07521099	0.06541581	
1057.8	0.07511997	0.06543945	
1058	0.07452367	0.06546258	
1058.2	0.07451499	0.06548521	
1058.4	0.07419591	0.06550735	
1058.6	0.07419563	0.06552901	
1058.8	0.07358509	0.06555021	
1059	0.07367747	0.06557094	
1059.2	0.07385798	0.06559123	
1059.4	0.07411209	0.06561108	
1059.6	0.07438577	0.0656305	
1059.8	0.07444868	0.0656495	
1060	0.0747611	0.06566809	
1060.2	0.07480618	0.06568628	
1060.4	0.0747607	0.06570407	
1060.6	0.07493199	0.06572148	
1060.8	0.07517783	0.06573852	
1061	0.07508497	0.06575518	
1061.2	0.07437579	0.06577149	
1061.4	0.07417406	0.06578744	
1061.6	0.07398963	0.06580305	
1061.8	0.07386332	0.06581832	
1062	0.07356822	0.06583326	
1062.2	0.07368775	0.06584788	
1062.4	0.07331491	0.06586218	
1062.6	0.07332193	0.06587618	
1062.8	0.07313485	0.06588987	
1063	0.07357411	0.06590326	
1063.2	0.07388981	0.06591637	
1063.4	0.07382383	0.06592919	
1063.6	0.07364946	0.06594173	
1063.8	0.07328823	0.06595401	
1064	0.07302582	0.06596602	
1064.2	0.07286178	0.06597777	
1064.4	0.07243766	0.06598926	
1064.6	0.07228165	0.06600051	
1064.8	0.07206354	0.06601151	
1065	0.07172906	0.06602228	
1065.2	0.07148675	0.06603281	
1065.4	0.07186723	0.06604312	
1065.6	0.07213543	0.0660532	
1065.8	0.072494	0.06606306	
1066	0.0727063	0.06607272	
1066.2	0.07327855	0.06608216	
1066.4	0.07341436	0.0660914	
1066.6	0.07370679	0.06610044	
1066.8	0.07378539	0.06610928	
1067	0.07360274	0.06611793	
1067.2	0.07349505	0.0661264	
1067.4	0.07292546	0.06613468	
1067.6	0.07245512	0.06614279	
1067.8	0.07204891	0.06615071	
1068	0.07137019	0.06615847	
1068.2	0.07122582	0.06616606	
1068.4	0.07062837	0.06617349	
1068.6	0.07049549	0.06618075	
1068.8	0.07051611	0.06618786	
1069	0.07032705	0.06619482	
1069.2	0.07023068	0.06620162	
1069.4	0.07044049	0.06620828	
1069.6	0.07075859	0.06621479	
1069.8	0.07105168	0.06622116	
1070	0.071009	0.0662274	
1070.2	0.07135687	0.0662335	
1070.4	0.07114112	0.06623947	
1070.6	0.07081415	0.06624531	
1070.8	0.07069663	0.06625102	
1071	0.07026429	0.06625661	
1071.2	0.07019748	0.06626208	
1071.4	0.06985846	0.06626743	
1071.6	0.06997307	0.06627266	
1071.8	0.06993653	0.06627778	
1072	0.06973897	0.06628279	
1072.2	0.07002703	0.0662877	
1072.4	0.06977599	0.06629249	
1072.6	0.06961472	0.06629719	
1072.8	0.06956572	0.06630178	
1073	0.06951788	0.06630627	
1073.2	0.06947506	0.06631067	
1073.4	0.06955213	0.06631497	
1073.6	0.06952239	0.06631918	
1073.8	0.0694697	0.06632329	
1074	0.06967693	0.06632732	
1074.2	0.06959288	0.06633126	
1074.4	0.06954905	0.06633512	
1074.6	0.06986995	0.06633889	
1074.8	0.07012026	0.06634258	
1075	0.06998417	0.06634619	
1075.2	0.07011989	0.06634972	
1075.4	0.07041073	0.06635318	
1075.6	0.07058725	0.06635656	
1075.8	0.0707459	0.06635987	
1076	0.07069137	0.0663631	
1076.2	0.0708927	0.06636627	
1076.4	0.07065408	0.06636937	
1076.6	0.07053265	0.0663724	
1076.8	0.07058681	0.06637537	
1077	0.07054746	0.06637827	
1077.2	0.07025173	0.06638111	
1077.4	0.07005091	0.06638389	
1077.6	0.07007479	0.06638661	
1077.8	0.07015035	0.06638927	
1078	0.06991594	0.06639187	
1078.2	0.06926175	0.06639441	
1078.4	0.06923545	0.0663969	
1078.6	0.06932242	0.06639934	
1078.8	0.06879529	0.06640172	
1079	0.06844648	0.06640406	
1079.2	0.0683684	0.06640634	
1079.4	0.0682751	0.06640857	
1079.6	0.06816628	0.06641076	
1079.8	0.06857146	0.06641289	
1080	0.06823409	0.06641498	
1080.2	0.0684348	0.06641703	
1080.4	0.06811165	0.06641903	
1080.6	0.06833839	0.06642099	
1080.8	0.06863895	0.06642291	
1081	0.06851405	0.06642478	
1081.2	0.06843086	0.06642661	
1081.4	0.06801497	0.06642841	
1081.6	0.06843671	0.06643017	
1081.8	0.06801715	0.06643188	
1082	0.06743476	0.06643356	
1082.2	0.06726117	0.06643521	
1082.4	0.06693693	0.06643682	
1082.6	0.06642346	0.06643839	
1082.8	0.06589098	0.06643993	
1083	0.06573209	0.06644144	
1083.2	0.06547553	0.06644291	
1083.4	0.06522446	0.06644435	
1083.6	0.0655659	0.06644577	
1083.8	0.06535688	0.06644715	
1084	0.06500534	0.0664485	
1084.2	0.06521305	0.06644982	
1084.4	0.0654648	0.06645111	
1084.6	0.06579045	0.06645238	
1084.8	0.06593746	0.06645361	
1085	0.06573559	0.06645483	
1085.2	0.06614037	0.06645601	
1085.4	0.06643157	0.06645717	
1085.6	0.06689545	0.0664583	
1085.8	0.06643212	0.06645941	
1086	0.06679925	0.0664605	
1086.2	0.06652869	0.06646156	
1086.4	0.06613686	0.0664626	
1086.6	0.06598147	0.06646362	
1086.8	0.06574475	0.06646461	
1087	0.06556976	0.06646559	
1087.2	0.06528923	0.06646654	
1087.4	0.0659174	0.06646747	
1087.6	0.06589607	0.06646838	
1087.8	0.06534667	0.06646927	
1088	0.06573265	0.06647015	
1088.2	0.06586689	0.066471	
1088.4	0.06598087	0.06647183	
1088.6	0.06588823	0.06647265	
1088.8	0.06598496	0.06647345	
1089	0.06596305	0.06647423	
1089.2	0.065724	0.066475	
1089.4	0.06544229	0.06647575	
1089.6	0.06497827	0.06647648	
1089.8	0.0648458	0.0664772	
1090	0.06473256	0.0664779	
1090.2	0.06387138	0.06647858	
1090.4	0.06388219	0.06647926	
1090.6	0.06392815	0.06647991	
1090.8	0.06391031	0.06648056	
1091	0.06418258	0.06648118	
1091.2	0.06415996	0.0664818	
1091.4	0.06452131	0.0664824	
1091.6	0.06430336	0.06648299	
1091.8	0.06445807	0.06648357	
1092	0.0645618	0.06648413	
1092.2	0.06450979	0.06648468	
1092.4	0.06396015	0.06648522	
1092.6	0.06391521	0.06648575	
1092.8	0.06385199	0.06648627	
1093	0.06361821	0.06648677	
1093.2	0.06341637	0.06648727	
1093.4	0.06336387	0.06648775	
1093.6	0.06336753	0.06648822	
1093.8	0.06376281	0.06648869	
1094	0.06347845	0.06648914	
1094.2	0.06330754	0.06648958	
1094.4	0.06369725	0.06649002	
1094.6	0.06390432	0.06649044	
1094.8	0.06430846	0.06649085	
1095	0.06446666	0.06649126	
1095.2	0.06449097	0.06649166	
1095.4	0.06485613	0.06649205	
1095.6	0.06502503	0.06649243	
1095.8	0.06488725	0.0664928	
1096	0.06450612	0.06649316	
1096.2	0.06432646	0.06649352	
1096.4	0.06402781	0.06649387	
1096.6	0.06410748	0.06649421	
1096.8	0.06430098	0.06649454	
1097	0.06373185	0.06649487	
1097.2	0.06339236	0.06649519	
1097.4	0.0632061	0.0664955	
1097.6	0.06320546	0.06649581	
1097.8	0.06330884	0.06649611	
1098	0.06267589	0.0664964	
1098.2	0.0623331	0.06649669	
1098.4	0.06232672	0.06649697	
1098.6	0.06223397	0.06649724	
1098.8	0.06221682	0.06649751	
1099	0.06222895	0.06649777	
1099.2	0.06237407	0.06649803	
1099.4	0.06212566	0.06649828	
1099.6	0.06189172	0.06649852	
1099.8	0.06182431	0.06649876	
1100	0.06168376	0.066499	
1100.2	0.06173951	0.06649923	
1100.4	0.06193474	0.06649945	
1100.6	0.0617641	0.06649967	
1100.8	0.0619278	0.06649989	
1101	0.06166822	0.0665001	
1101.2	0.0616413	0.06650031	
1101.4	0.06174935	0.06650051	
1101.6	0.06162228	0.06650071	
1101.8	0.06170975	0.0665009	
1102	0.06149224	0.06650109	
1102.2	0.06153893	0.06650127	
1102.4	0.0616827	0.06650146	
1102.6	0.06172411	0.06650163	
1102.8	0.06177935	0.06650181	
1103	0.06189122	0.06650197	
1103.2	0.06158272	0.06650214	
1103.4	0.06080665	0.0665023	
1103.6	0.06069248	0.06650246	
1103.8	0.06042365	0.06650262	
1104	0.06041301	0.06650277	
1104.2	0.06048798	0.06650292	
1104.4	0.06050702	0.06650306	
1104.6	0.06053273	0.06650321	
1104.8	0.06079254	0.06650334	
1105	0.0608678	0.06650348	
1105.2	0.06044148	0.06650361	
1105.4	0.06036423	0.06650374	
1105.6	0.06052394	0.06650387	
1105.8	0.0606461	0.066504	
1106	0.06075732	0.06650412	
1106.2	0.06157765	0.06650424	
1106.4	0.06204098	0.06650436	
1106.6	0.06261225	0.06650447	
1106.8	0.06289179	0.06650458	
1107	0.06240984	0.06650469	
1107.2	0.06201391	0.0665048	
1107.4	0.06134192	0.0665049	
1107.6	0.06150997	0.06650501	
1107.8	0.06111727	0.06650511	
1108	0.06115746	0.0665052	
1108.2	0.0611	0.0665053	
1108.4	0.06108424	0.06650539	
1108.6	0.06124846	0.06650549	
1108.8	0.06093567	0.06650558	
1109	0.06055614	0.06650566	
1109.2	0.06036693	0.06650575	
1109.4	0.06022713	0.06650583	
1109.6	0.06024643	0.06650592	
1109.8	0.05988756	0.066506	
1110	0.06013283	0.06650608	
1110.2	0.06076857	0.06650615	
1110.4	0.06097355	0.06650623	
1110.6	0.0610782	0.0665063	
1110.8	0.0604778	0.06650638	
1111	0.06007502	0.06650645	
1111.2	0.06013158	0.06650652	
1111.4	0.05957503	0.06650658	
1111.6	0.05941004	0.06650665	
1111.8	0.05915481	0.06650671	
1112	0.0593984	0.06650678	
1112.2	0.05903653	0.06650684	
1112.4	0.05880956	0.0665069	
1112.6	0.05877315	0.06650696	
1112.8	0.05824994	0.06650702	
1113	0.05853214	0.06650707	
1113.2	0.0588028	0.06650713	
1113.4	0.05876498	0.06650718	
1113.6	0.05863433	0.06650724	
1113.8	0.0583327	0.06650729	
1114	0.05869069	0.06650734	
1114.2	0.05876102	0.06650739	
1114.4	0.05865999	0.06650744	
1114.6	0.05830111	0.06650749	
1114.8	0.05803905	0.06650753	
1115	0.05848236	0.06650758	
1115.2	0.05818284	0.06650762	
1115.4	0.05810602	0.06650767	
1115.6	0.05819709	0.06650771	
1115.8	0.05847047	0.06650775	
1116	0.05859166	0.06650779	
1116.2	0.05834478	0.06650783	
1116.4	0.05849556	0.06650787	
1116.6	0.05868478	0.06650791	
1116.8	0.05890013	0.06650795	
1117	0.05932459	0.06650799	
1117.2	0.05929849	0.06650802	
1117.4	0.05911365	0.06650806	
1117.6	0.05854445	0.06650809	
1117.8	0.0582304	0.06650812	
1118	0.05810586	0.06650816	
1118.2	0.05800891	0.06650819	
1118.4	0.05758248	0.06650822	
1118.6	0.05739237	0.06650825	
1118.8	0.05716423	0.06650828	
1119	0.0574893	0.06650831	
1119.2	0.05699941	0.06650834	
1119.4	0.05711603	0.06650837	
1119.6	0.0572415	0.0665084	
1119.8	0.0570351	0.06650842	
1120	0.05737453	0.06650845	
1120.2	0.05743208	0.06650848	
1120.4	0.05726031	0.0665085	
1120.6	0.05732347	0.06650853	
1120.8	0.05734569	0.06650855	
1121	0.05726847	0.06650857	
1121.2	0.05722525	0.0665086	
1121.4	0.05708672	0.06650862	
1121.6	0.05662373	0.06650864	
1121.8	0.05633334	0.06650866	
1122	0.05641582	0.06650868	
1122.2	0.05658237	0.06650871	
1122.4	0.05608784	0.06650873	
1122.6	0.05573905	0.06650875	
1122.8	0.05572388	0.06650877	
1123	0.0555992	0.06650878	
1123.2	0.05495421	0.0665088	
1123.4	0.05541045	0.06650882	
1123.6	0.05526211	0.06650884	
1123.8	0.0549861	0.06650886	
1124	0.05553602	0.06650887	
1124.2	0.05551069	0.06650889	
1124.4	0.05562109	0.06650891	
1124.6	0.05612246	0.06650892	
1124.8	0.05644711	0.06650894	
1125	0.05677842	0.06650895	
1125.2	0.05714456	0.06650897	
1125.4	0.05718504	0.06650898	
1125.6	0.05681278	0.066509	
1125.8	0.05648858	0.06650901	
1126	0.05668302	0.06650903	
1126.2	0.05637621	0.06650904	
1126.4	0.05635963	0.06650905	
1126.6	0.05602711	0.06650907	
1126.8	0.05591926	0.06650908	
1127	0.05532365	0.06650909	
1127.2	0.05482971	0.0665091	
1127.4	0.05519544	0.06650911	
1127.6	0.05480169	0.06650913	
1127.8	0.05503174	0.06650914	
1128	0.05487578	0.06650915	
1128.2	0.05465426	0.06650916	
1128.4	0.05497564	0.06650917	
1128.6	0.05506325	0.06650918	
1128.8	0.05512254	0.06650919	
1129	0.05525939	0.0665092	
1129.2	0.0554498	0.06650921	
1129.4	0.05519256	0.06650922	
1129.6	0.05490325	0.06650923	
1129.8	0.0550105	0.06650924	
1130	0.05533152	0.06650925	
1130.2	0.05538076	0.06650925	
1130.4	0.05564665	0.06650926	
1130.6	0.05503054	0.06650927	
1130.8	0.05486329	0.06650928	
1131	0.05433878	0.06650929	
1131.2	0.05441244	0.0665093	
1131.4	0.05523668	0.0665093	
1131.6	0.05522951	0.06650931	
1131.8	0.05494083	0.06650932	
1132	0.05446197	0.06650932	
1132.2	0.05422542	0.06650933	
1132.4	0.05411521	0.06650934	
1132.6	0.05367265	0.06650935	
1132.8	0.05382731	0.06650935	
1133	0.053702	0.06650936	
1133.2	0.05382284	0.06650936	
1133.4	0.0535377	0.06650937	
1133.6	0.0536196	0.06650938	
1133.8	0.05409097	0.06650938	
1134	0.05406012	0.06650939	
1134.2	0.05391827	0.06650939	
1134.4	0.05415982	0.0665094	
1134.6	0.05406945	0.0665094	
1134.8	0.05442452	0.06650941	
1135	0.05441119	0.06650942	
1135.2	0.05502456	0.06650942	
1135.4	0.05517118	0.06650942	
1135.6	0.05496198	0.06650943	
1135.8	0.05449024	0.06650943	
1136	0.0543289	0.06650944	
1136.2	0.05375819	0.06650944	
1136.4	0.05326856	0.06650945	
1136.6	0.05272077	0.06650945	
1136.8	0.05291087	0.06650946	
1137	0.05286686	0.06650946	
1137.2	0.05262999	0.06650946	
1137.4	0.05238847	0.06650947	
1137.6	0.05230434	0.06650947	
1137.8	0.05253239	0.06650948	
1138	0.05235175	0.06650948	
1138.2	0.05251678	0.06650948	
1138.4	0.05290365	0.06650949	
1138.6	0.05286169	0.06650949	
1138.8	0.05292372	0.06650949	
1139	0.05283419	0.0665095	
1139.2	0.05288739	0.0665095	
1139.4	0.05265027	0.0665095	
1139.6	0.05265528	0.06650951	
1139.8	0.05241367	0.06650951	
1140	0.06358775	0.06650951	
1140.2	0.06373694	0.06645869	
1140.4	0.06383679	0.06640791	
1140.6	0.06373446	0.06635717	
1140.8	0.06378255	0.06630647	
1141	0.06376915	0.06625581	
1141.2	0.06345891	0.06620518	
1141.4	0.06335197	0.06615459	
1141.6	0.06324662	0.06610405	
1141.8	0.0634801	0.06605354	
1142	0.06347532	0.06600307	
1142.2	0.06330579	0.06595263	
1142.4	0.06364414	0.06590224	
1142.6	0.06424684	0.06585189	
1142.8	0.06437886	0.06580157	
1143	0.06441092	0.06575129	
1143.2	0.06444987	0.06570105	
1143.4	0.06499148	0.06565085	
1143.6	0.06567201	0.06560069	
1143.8	0.06596281	0.06555056	
1144	0.06633839	0.06550048	
1144.2	0.06643597	0.06545043	
1144.4	0.06654015	0.06540042	
1144.6	0.0663074	0.06535045	
1144.8	0.06648019	0.06530051	
1145	0.06613564	0.06525062	
1145.2	0.06539497	0.06520076	
1145.4	0.06548959	0.06515094	
1145.6	0.06528299	0.06510116	
1145.8	0.06546441	0.06505142	
1146	0.06506092	0.06500171	
1146.2	0.06516301	0.06495205	
1146.4	0.0650929	0.06490242	
1146.6	0.06526529	0.06485283	
1146.8	0.06547712	0.06480327	
1147	0.06561469	0.06475376	
1147.2	0.06601704	0.06470428	
1147.4	0.06694916	0.06465484	
1147.6	0.06716113	0.06460544	
1147.8	0.0670154	0.06455607	
1148	0.06703174	0.06450675	
1148.2	0.06700548	0.06445746	
1148.4	0.06722208	0.06440821	
1148.6	0.0670195	0.06435899	
1148.8	0.06719092	0.06430982	
1149	0.06681845	0.06426068	
1149.2	0.06701787	0.06421158	
1149.4	0.06715401	0.06416252	
1149.6	0.06697441	0.06411349	
1149.8	0.06712405	0.0640645	
1150	0.0668927	0.06401555	
1150.2	0.0672171	0.06396664	
1150.4	0.06697621	0.06391776	
1150.6	0.06702713	0.06386892	
1150.8	0.06697506	0.06382012	
1151	0.06660418	0.06377136	
1151.2	0.06669377	0.06372263	
1151.4	0.06617796	0.06367394	
1151.6	0.06586026	0.06362529	
1151.8	0.06582894	0.06357667	
1152	0.06575496	0.0635281	
1152.2	0.06559795	0.06347955	
1152.4	0.06530662	0.06343105	
1152.6	0.06526875	0.06338258	
1152.8	0.06534101	0.06333415	
1153	0.06526671	0.06328576	
1153.2	0.0653601	0.06323741	
1153.4	0.06509567	0.06318909	
1153.6	0.06550066	0.0631408	
1153.8	0.06595337	0.06309256	
1154	0.06570277	0.06304435	
1154.2	0.0663372	0.06299618	
1154.4	0.06655968	0.06294805	
1154.6	0.06679327	0.06289995	
1154.8	0.06703444	0.06285189	
1155	0.06720946	0.06280386	
1155.2	0.06775197	0.06275588	
1155.4	0.06780932	0.06270792	
1155.6	0.06840115	0.06266001	
1155.8	0.0689662	0.06261213	
1156	0.06873863	0.06256429	
1156.2	0.06851031	0.06251649	
1156.4	0.06833861	0.06246872	
1156.6	0.06808923	0.06242099	
1156.8	0.0677327	0.06237329	
1157	0.06734619	0.06232563	
1157.2	0.06715213	0.06227801	
1157.4	0.06699106	0.06223043	
1157.6	0.06708543	0.06218288	
1157.8	0.06662457	0.06213536	
1158	0.0663064	0.06208789	
1158.2	0.06681172	0.06204045	
1158.4	0.06662288	0.06199304	
1158.6	0.06648603	0.06194567	
1158.8	0.06638038	0.06189834	
1159	0.06661767	0.06185105	
1159.2	0.0667238	0.06180379	
1159.4	0.0668693	0.06175656	
1159.6	0.06693759	0.06170938	
1159.8	0.06703333	0.06166222	
1160	0.06697336	0.06161511	
1160.2	0.06729154	0.06156803	
1160.4	0.06693608	0.06152099	
1160.6	0.06672549	0.06147398	
1160.8	0.06684063	0.06142701	
1161	0.06702075	0.06138007	
1161.2	0.06677434	0.06133317	
1161.4	0.06631834	0.06128631	
1161.6	0.06630472	0.06123948	
1161.8	0.06603805	0.06119269	
1162	0.06663266	0.06114593	
1162.2	0.06680611	0.06109921	
1162.4	0.06689648	0.06105253	
1162.6	0.06692531	0.06100588	
1162.8	0.06699181	0.06095926	
1163	0.06703836	0.06091268	
1163.2	0.0669333	0.06086614	
1163.4	0.06704973	0.06081963	
1163.6	0.0668106	0.06077316	
1163.8	0.06719215	0.06072673	
1164	0.06723703	0.06068033	
1164.2	0.06722606	0.06063396	
1164.4	0.06672259	0.06058763	
1164.6	0.06662409	0.06054134	
1164.8	0.06670274	0.06049508	
1165	0.06675112	0.06044886	
1165.2	0.06618032	0.06040267	
1165.4	0.06596152	0.06035651	
1165.6	0.06622425	0.0603104	
1165.8	0.06660661	0.06026431	
1166	0.06692118	0.06021827	
1166.2	0.06707247	0.06017226	
1166.4	0.0674474	0.06012628	
1166.6	0.0671138	0.06008034	
1166.8	0.06675217	0.06003443	
1167	0.06652921	0.05998856	
1167.2	0.06612849	0.05994272	
1167.4	0.06579671	0.05989692	
1167.6	0.065645	0.05985115	
1167.8	0.06589858	0.05980542	
1168	0.06521101	0.05975973	
1168.2	0.06527826	0.05971406	
1168.4	0.06521164	0.05966844	
1168.6	0.06513678	0.05962285	
1168.8	0.06554333	0.05957729	
1169	0.06548029	0.05953177	
1169.2	0.06564326	0.05948628	
1169.4	0.06574854	0.05944083	
1169.6	0.06617161	0.05939541	
1169.8	0.06647951	0.05935003	
1170	0.06634656	0.05930468	
1170.2	0.06657968	0.05925936	
1170.4	0.06629942	0.05921408	
1170.6	0.06603812	0.05916884	
1170.8	0.06578729	0.05912363	
1171	0.06560786	0.05907845	
1171.2	0.06559911	0.05903331	
1171.4	0.06578949	0.05898821	
1171.6	0.06582727	0.05894313	
1171.8	0.06584331	0.0588981	
1172	0.06555251	0.05885309	
1172.2	0.06589105	0.05880812	
1172.4	0.06585548	0.05876319	
1172.6	0.06565174	0.05871829	
1172.8	0.06526137	0.05867342	
1173	0.06528593	0.05862859	
1173.2	0.06528156	0.05858379	
1173.4	0.06489991	0.05853903	
1173.6	0.06454018	0.0584943	
1173.8	0.06440634	0.05844961	
1174	0.06403305	0.05840495	
1174.2	0.06384178	0.05836032	
1174.4	0.06357254	0.05831573	
1174.6	0.06371452	0.05827117	
1174.8	0.06358231	0.05822665	
1175	0.06385622	0.05818216	
1175.2	0.0640863	0.0581377	
1175.4	0.06439679	0.05809328	
1175.6	0.06461089	0.05804889	
1175.8	0.06475966	0.05800453	
1176	0.06506205	0.05796021	
1176.2	0.06526956	0.05791593	
1176.4	0.065149	0.05787167	
1176.6	0.06537216	0.05782746	
1176.8	0.06524358	0.05778327	
1177	0.06555777	0.05773912	
1177.2	0.06518768	0.057695	
1177.4	0.06504094	0.05765092	
1177.6	0.06490456	0.05760687	
1177.8	0.06495858	0.05756285	
1178	0.06455918	0.05751887	
1178.2	0.06442384	0.05747492	
1178.4	0.064429	0.057431	
1178.6	0.06380825	0.05738712	
1178.8	0.06355002	0.05734327	
1179	0.06360282	0.05729946	
1179.2	0.06344899	0.05725567	
1179.4	0.06361418	0.05721193	
1179.6	0.06373622	0.05716821	
1179.8	0.06352377	0.05712453	
1180	0.06424399	0.05708088	
1180.2	0.06422269	0.05703727	
1180.4	0.0645178	0.05699369	
1180.6	0.06494309	0.05695014	
1180.8	0.06469728	0.05690662	
1181	0.06466125	0.05686314	
1181.2	0.06478423	0.05681969	
1181.4	0.06480365	0.05677628	
1181.6	0.06474303	0.0567329	
1181.8	0.06483732	0.05668955	
1182	0.06482588	0.05664623	
1182.2	0.06486836	0.05660295	
1182.4	0.06445425	0.0565597	
1182.6	0.0637184	0.05651648	
1182.8	0.06354941	0.0564733	
1183	0.06350217	0.05643015	
1183.2	0.06335874	0.05638703	
1183.4	0.06294637	0.05634395	
1183.6	0.06275131	0.05630089	
1183.8	0.06250636	0.05625788	
1184	0.06263883	0.05621489	
1184.2	0.06221974	0.05617194	
1184.4	0.06242395	0.05612902	
1184.6	0.06268777	0.05608613	
1184.8	0.06275441	0.05604327	
1185	0.06271579	0.05600045	
1185.2	0.06305773	0.05595766	
1185.4	0.06310271	0.05591491	
1185.6	0.0633709	0.05587218	
1185.8	0.06344495	0.05582949	
1186	0.06338054	0.05578683	
1186.2	0.06313094	0.05574421	
1186.4	0.06266537	0.05570161	
1186.6	0.06247686	0.05565905	
1186.8	0.06214701	0.05561652	
1187	0.06200349	0.05557403	
1187.2	0.06158706	0.05553156	
1187.4	0.06117017	0.05548913	
1187.6	0.06090717	0.05544674	
1187.8	0.06115506	0.05540437	
1188	0.06102874	0.05536204	
1188.2	0.06125481	0.05531973	
1188.4	0.06108921	0.05527747	
1188.6	0.06107056	0.05523523	
1188.8	0.06082512	0.05519302	
1189	0.06072883	0.05515085	
1189.2	0.06113998	0.05510871	
1189.4	0.06071719	0.0550666	
1189.6	0.06092313	0.05502453	
1189.8	0.06068379	0.05498248	
1190	0.06077476	0.05494047	
1190.2	0.06055601	0.05489849	
1190.4	0.06040084	0.05485655	
1190.6	0.06037422	0.05481463	
1190.8	0.06038489	0.05477275	
1191	0.06054147	0.0547309	
1191.2	0.06067144	0.05468908	
1191.4	0.0609045	0.05464729	
1191.6	0.06082226	0.05460554	
1191.8	0.06111195	0.05456381	
1192	0.06063983	0.05452212	
1192.2	0.06094126	0.05448046	
1192.4	0.0608884	0.05443883	
1192.6	0.0609277	0.05439724	
1192.8	0.0612156	0.05435567	
1193	0.06156637	0.05431414	
1193.2	0.0612453	0.05427264	
1193.4	0.06110219	0.05423117	
1193.6	0.06142737	0.05418973	
1193.8	0.0613526	0.05414833	
1194	0.06172799	0.05410695	
1194.2	0.06137612	0.05406561	
1194.4	0.06165256	0.0540243	
1194.6	0.06179402	0.05398302	
1194.8	0.06162826	0.05394177	
1195	0.06156137	0.05390056	
1195.2	0.06108795	0.05385937	
1195.4	0.06064773	0.05381822	
1195.6	0.05988511	0.0537771	
1195.8	0.0593963	0.05373601	
1196	0.05900893	0.05369495	
1196.2	0.05938006	0.05365392	
1196.4	0.05909504	0.05361292	
1196.6	0.05898331	0.05357196	
1196.8	0.05894624	0.05353103	
1197	0.05887076	0.05349012	
1197.2	0.05828627	0.05344925	
1197.4	0.05863611	0.05340841	
1197.6	0.05861744	0.0533676	
1197.8	0.05876077	0.05332683	
1198	0.05869665	0.05328608	
1198.2	0.05869637	0.05324537	
1198.4	0.05932731	0.05320468	
1198.6	0.05920782	0.05316403	
1198.8	0.05900287	0.05312341	
1199	0.05922884	0.05308282	
1199.2	0.05890388	0.05304226	
1199.4	0.05859144	0.05300173	
1199.6	0.05823294	0.05296123	
1199.8	0.0578952	0.05292076	
1200	0.05827588	0.05288033	
1200.2	0.05816105	0.05283992	
1200.4	0.05818833	0.05279955	
1200.6	0.05824242	0.0527592	
1200.8	0.0583114	0.05271889	
1201	0.0581301	0.05267861	
1201.2	0.05772833	0.05263836	
1201.4	0.0579311	0.05259814	
1201.6	0.05753028	0.05255795	
1201.8	0.0576957	0.05251779	
1202	0.05759397	0.05247766	
1202.2	0.05791446	0.05243756	
1202.4	0.05800706	0.0523975	
1202.6	0.0579223	0.05235746	
1202.8	0.05836923	0.05231745	
1203	0.05856316	0.05227748	
1203.2	0.05824734	0.05223753	
1203.4	0.05818542	0.05219762	
1203.6	0.0582077	0.05215774	
1203.8	0.05787668	0.05211788	
1204	0.05779228	0.05207806	
1204.2	0.05715396	0.05203827	
1204.4	0.05734951	0.05199851	
1204.6	0.05703849	0.05195878	
1204.8	0.05745115	0.05191908	
1205	0.05718258	0.0518794	
1205.2	0.05727532	0.05183976	
1205.4	0.05753539	0.05180015	
1205.6	0.05732907	0.05176057	
1205.8	0.0571913	0.05172102	
1206	0.05714732	0.05168151	
1206.2	0.0571669	0.05164202	
1206.4	0.0572156	0.05160256	
1206.6	0.05712324	0.05156313	
1206.8	0.0573935	0.05152373	
1207	0.05743861	0.05148436	
1207.2	0.05733288	0.05144502	
1207.4	0.05750083	0.05140571	
1207.6	0.05742882	0.05136644	
1207.8	0.05719584	0.05132719	
1208	0.05687567	0.05128797	
1208.2	0.05669358	0.05124878	
1208.4	0.05677193	0.05120962	
1208.6	0.05672399	0.05117049	
1208.8	0.05677006	0.05113139	
1209	0.05675549	0.05109233	
1209.2	0.05641658	0.05105329	
1209.4	0.05625577	0.05101428	
1209.6	0.05590135	0.0509753	
1209.8	0.05542125	0.05093635	
1210	0.05566937	0.05089743	
1210.2	0.05569552	0.05085854	
1210.4	0.05598229	0.05081968	
1210.6	0.0558304	0.05078085	
1210.8	0.05567891	0.05074205	
1211	0.05583726	0.05070328	
1211.2	0.05588769	0.05066453	
1211.4	0.05594645	0.05062582	
1211.6	0.05569338	0.05058714	
1211.8	0.05574283	0.05054849	
1212	0.05542687	0.05050986	
1212.2	0.05509052	0.05047127	
1212.4	0.05514016	0.0504327	
1212.6	0.0552389	0.05039417	
1212.8	0.05549765	0.05035566	
1213	0.05584213	0.05031719	
1213.2	0.05555876	0.05027874	
1213.4	0.05564333	0.05024032	
1213.6	0.05563877	0.05020194	
1213.8	0.05546788	0.05016358	
1214	0.05578743	0.05012525	
1214.2	0.05593979	0.05008695	
1214.4	0.0558194	0.05004868	
1214.6	0.05499428	0.05001044	
1214.8	0.05462251	0.04997222	
1215	0.05468752	0.04993404	
1215.2	0.05418726	0.04989589	
1215.4	0.05394152	0.04985776	
1215.6	0.05387031	0.04981967	
1215.8	0.05380831	0.0497816	
1216	0.05350319	0.04974356	
1216.2	0.05316253	0.04970555	
1216.4	0.05337959	0.04966757	
1216.6	0.05360933	0.04962962	
1216.8	0.05384026	0.0495917	
1217	0.05378719	0.04955381	
1217.2	0.05404403	0.04951595	
1217.4	0.05366333	0.04947811	
1217.6	0.05370901	0.04944031	
1217.8	0.05374718	0.04940253	
1218	0.05388734	0.04936478	
1218.2	0.05379457	0.04932706	
1218.4	0.05407288	0.04928937	
1218.6	0.0542147	0.04925171	
1218.8	0.05432971	0.04921408	
1219	0.05433971	0.04917648	
1219.2	0.05412373	0.0491389	
1219.4	0.05390664	0.04910135	
1219.6	0.05372533	0.04906384	
1219.8	0.05338102	0.04902635	
1220	0.0533562	0.04898889	
1220.2	0.05296196	0.04895146	
1220.4	0.0530115	0.04891405	
1220.6	0.05296721	0.04887668	
1220.8	0.0523592	0.04883933	
1221	0.05222897	0.04880201	
1221.2	0.05186654	0.04876472	
1221.4	0.05146567	0.04872746	
1221.6	0.05192948	0.04869023	
1221.8	0.05213563	0.04865303	
1222	0.05212434	0.04861585	
1222.2	0.0524214	0.04857871	
1222.4	0.05283757	0.04854159	
1222.6	0.05302981	0.0485045	
1222.8	0.05277546	0.04846744	
1223	0.05266245	0.0484304	
1223.2	0.05243449	0.0483934	
1223.4	0.05200643	0.04835642	
1223.6	0.05258014	0.04831947	
1223.8	0.0526165	0.04828255	
1224	0.05265797	0.04824566	
1224.2	0.05235674	0.0482088	
1224.4	0.0520338	0.04817196	
1224.6	0.05157098	0.04813515	
1224.8	0.05085093	0.04809837	
1225	0.05083319	0.04806162	
1225.2	0.05048909	0.0480249	
1225.4	0.05071586	0.0479882	
1225.6	0.05097129	0.04795154	
1225.8	0.0505625	0.0479149	
1226	0.05075863	0.04787829	
1226.2	0.05101262	0.0478417	
1226.4	0.0512405	0.04780515	
1226.6	0.05136241	0.04776862	
1226.8	0.05129216	0.04773212	
1227	0.05165546	0.04769565	
1227.2	0.05162184	0.04765921	
1227.4	0.05192117	0.04762279	
1227.6	0.05233639	0.0475864	
1227.8	0.05211046	0.04755004	
1228	0.05195789	0.04751371	
1228.2	0.05147507	0.04747741	
1228.4	0.05123627	0.04744113	
1228.6	0.05073229	0.04740488	
1228.8	0.05056298	0.04736866	
1229	0.05036544	0.04733247	
1229.2	0.05004098	0.0472963	
1229.4	0.04983235	0.04726016	
1229.6	0.04967956	0.04722405	
1229.8	0.04972847	0.04718797	
1230	0.05031961	0.04715191	
1230.2	0.05050355	0.04711588	
1230.4	0.05061282	0.04707988	
1230.6	0.05059065	0.04704391	
1230.8	0.05081954	0.04700796	
1231	0.0511324	0.04697205	
1231.2	0.05105723	0.04693615	
1231.4	0.05119906	0.04690029	
1231.6	0.05077264	0.04686446	
1231.8	0.05047646	0.04682865	
1232	0.04989616	0.04679287	
1232.2	0.04962641	0.04675711	
1232.4	0.04946682	0.04672139	
1232.6	0.04892111	0.04668569	
1232.8	0.04882821	0.04665001	
1233	0.04843081	0.04661437	
1233.2	0.0482186	0.04657875	
1233.4	0.04830524	0.04654316	
1233.6	0.04846885	0.0465076	
1233.8	0.04884273	0.04647206	
1234	0.0488511	0.04643655	
1234.2	0.04912319	0.04640107	
1234.4	0.04931989	0.04636562	
1234.6	0.04950408	0.04633019	
1234.8	0.0499035	0.04629479	
1235	0.04979265	0.04625942	
1235.2	0.05002244	0.04622407	
1235.4	0.05020989	0.04618875	
1235.6	0.05050235	0.04615346	
1235.8	0.05091063	0.04611819	
1236	0.05122012	0.04608296	
1236.2	0.05125712	0.04604774	
1236.4	0.05088382	0.04601256	
1236.6	0.05048497	0.0459774	
1236.8	0.05073584	0.04594227	
1237	0.05085384	0.04590717	
1237.2	0.05104162	0.04587209	
1237.4	0.0506913	0.04583704	
1237.6	0.05021082	0.04580202	
1237.8	0.04987354	0.04576702	
1238	0.04962442	0.04573205	
1238.2	0.04947423	0.04569711	
1238.4	0.04932187	0.04566219	
1238.6	0.04888255	0.0456273	
1238.8	0.04843727	0.04559244	
1239	0.04788051	0.0455576	
1239.2	0.04816207	0.04552279	
1239.4	0.04828916	0.04548801	
1239.6	0.04828193	0.04545325	
1239.8	0.04800409	0.04541852	
1240	0.04776616	0.04538382	
1240.2	0.04708284	0.04534914	
1240.4	0.04722171	0.04531449	
1240.6	0.04742276	0.04527987	
1240.8	0.04784145	0.04524527	
1241	0.04745846	0.0452107	
1241.2	0.04704957	0.04517615	
1241.4	0.04665405	0.04514163	
1241.6	0.04662245	0.04510714	
1241.8	0.04680599	0.04507267	
1242	0.04700665	0.04503824	
1242.2	0.04686147	0.04500382	
1242.4	0.04681011	0.04496944	
1242.6	0.04680106	0.04493508	
1242.8	0.04692438	0.04490074	
1243	0.04750624	0.04486643	
1243.2	0.04788657	0.04483215	
1243.4	0.04808171	0.0447979	
1243.6	0.04829891	0.04476367	
1243.8	0.04851916	0.04472946	
1244	0.04872449	0.04469529	
1244.2	0.0487264	0.04466113	
1244.4	0.04909381	0.04462701	
1244.6	0.04891073	0.04459291	
1244.8	0.04865945	0.04455884	
1245	0.04798531	0.04452479	
1245.2	0.04793408	0.04449077	
1245.4	0.04781696	0.04445677	
1245.6	0.04765794	0.04442281	
1245.8	0.047485	0.04438886	
1246	0.0470873	0.04435495	
1246.2	0.04694479	0.04432106	
1246.4	0.04688185	0.04428719	
1246.6	0.0473741	0.04425335	
1246.8	0.04743004	0.04421954	
1247	0.04726611	0.04418575	
1247.2	0.04678037	0.04415199	
1247.4	0.04638096	0.04411825	
1247.6	0.04631482	0.04408454	
1247.8	0.04597599	0.04405086	
1248	0.04516256	0.0440172	
1248.2	0.04455446	0.04398357	
1248.4	0.04434284	0.04394996	
1248.6	0.04407964	0.04391638	
1248.8	0.04422984	0.04388282	
1249	0.04379342	0.04384929	
1249.2	0.0441031	0.04381579	
1249.4	0.04407355	0.04378231	
1249.6	0.04462639	0.04374885	
1249.8	0.04506717	0.04371543	
1250	0.04545069	0.04368202	
1250.2	0.04598261	0.04364865	
1250.4	0.0460987	0.0436153	
1250.6	0.04626104	0.04358197	
1250.8	0.04596874	0.04354867	
1251	0.04583168	0.04351539	
1251.2	0.04599647	0.04348214	
1251.4	0.0459181	0.04344892	
1251.6	0.0458506	0.04341572	
1251.8	0.04533839	0.04338255	
1252	0.04468177	0.0433494	
1252.2	0.04461836	0.04331628	
1252.4	0.04455945	0.04328318	
1252.6	0.044319	0.04325011	
1252.8	0.04443921	0.04321706	
1253	0.04372811	0.04318404	
1253.2	0.04380897	0.04315104	
1253.4	0.04341033	0.04311807	
1253.6	0.04373467	0.04308513	
1253.8	0.043874	0.04305221	
1254	0.04401938	0.04301931	
1254.2	0.0438608	0.04298644	
1254.4	0.04373991	0.04295359	
1254.6	0.04348716	0.04292077	
1254.8	0.0437684	0.04288798	
1255	0.04435346	0.04285521	
1255.2	0.04449477	0.04282246	
1255.4	0.04444747	0.04278974	
1255.6	0.04431002	0.04275705	
1255.8	0.04446726	0.04272438	
1256	0.04419674	0.04269173	
1256.2	0.04450812	0.04265911	
1256.4	0.04454455	0.04262652	
1256.6	0.04458052	0.04259395	
1256.8	0.04453428	0.0425614	
1257	0.04370099	0.04252888	
1257.2	0.04369784	0.04249639	
1257.4	0.04347503	0.04246391	
1257.6	0.04407461	0.04243147	
1257.8	0.04461771	0.04239905	
1258	0.04471085	0.04236665	
1258.2	0.04456363	0.04233428	
1258.4	0.04470509	0.04230193	
1258.6	0.0444924	0.04226961	
1258.8	0.04472552	0.04223731	
1259	0.04468096	0.04220504	
1259.2	0.0443194	0.04217279	
1259.4	0.0438146	0.04214057	
1259.6	0.04342586	0.04210837	
1259.8	0.04310278	0.04207619	
1260	0.04291536	0.04204404	
1260.2	0.04296765	0.04201192	
1260.4	0.04275029	0.04197982	
1260.6	0.04262424	0.04194774	
1260.8	0.04240582	0.04191569	
1261	0.04201166	0.04188366	
1261.2	0.04218293	0.04185166	
1261.4	0.04220983	0.04181968	
1261.6	0.04270177	0.04178773	
1261.8	0.04275166	0.0417558	
1262	0.04297691	0.04172389	
1262.2	0.04288254	0.04169201	
1262.4	0.04272701	0.04166016	
1262.6	0.04238505	0.04162832	
1262.8	0.0423628	0.04159652	
1263	0.04231279	0.04156473	
1263.2	0.04222238	0.04153297	
1263.4	0.04199099	0.04150124	
1263.6	0.04224081	0.04146953	
1263.8	0.04214998	0.04143784	
1264	0.04233211	0.04140618	
1264.2	0.0422741	0.04137454	
1264.4	0.04220839	0.04134293	
1264.6	0.04246709	0.04131134	
1264.8	0.04249541	0.04127977	
1265	0.04240452	0.04124823	
1265.2	0.0424411	0.04121671	
1265.4	0.04243207	0.04118522	
1265.6	0.04222853	0.04115375	
1265.8	0.04204827	0.04112231	
1266	0.04188287	0.04109089	
1266.2	0.04128475	0.04105949	
1266.4	0.04133637	0.04102812	
1266.6	0.04099021	0.04099677	
1266.8	0.04084361	0.04096544	
1267	0.04099727	0.04093414	
1267.2	0.04093302	0.04090286	
1267.4	0.04122479	0.04087161	
1267.6	0.04103332	0.04084038	
1267.8	0.04103333	0.04080918	
1268	0.04092058	0.04077799	
1268.2	0.04098883	0.04074684	
1268.4	0.0406202	0.0407157	
1268.6	0.04119976	0.04068459	
1268.8	0.04126022	0.0406535	
1269	0.04152865	0.04062244	
1269.2	0.04176541	0.0405914	
1269.4	0.041762	0.04056039	
1269.6	0.04149031	0.0405294	
1269.8	0.04131841	0.04049843	
1270	0.04113313	0.04046748	
1270.2	0.04114976	0.04043656	
1270.4	0.04117261	0.04040567	
1270.6	0.04080101	0.04037479	
1270.8	0.04093089	0.04034394	
1271	0.04072323	0.04031312	
1271.2	0.04043273	0.04028231	
1271.4	0.04040393	0.04025153	
1271.6	0.03953545	0.04022078	
1271.8	0.03964561	0.04019005	
1272	0.03964956	0.04015934	
1272.2	0.03979619	0.04012865	
1272.4	0.03990006	0.04009799	
1272.6	0.04024162	0.04006735	
1272.8	0.04001028	0.04003674	
1273	0.04000271	0.04000615	
1273.2	0.04003724	0.03997558	
1273.4	0.03961906	0.03994503	
1273.6	0.03960088	0.03991451	
1273.8	0.03959858	0.03988401	
1274	0.03980409	0.03985354	
1274.2	0.03991922	0.03982309	
1274.4	0.0399513	0.03979266	
1274.6	0.03966285	0.03976225	
1274.8	0.03931238	0.03973187	
1275	0.0387391	0.03970151	
1275.2	0.03859729	0.03967118	
1275.4	0.03847374	0.03964087	
1275.6	0.03828801	0.03961058	
1275.8	0.03861519	0.03958031	
1276	0.03892625	0.03955007	
1276.2	0.03895163	0.03951985	
1276.4	0.03913867	0.03948965	
1276.6	0.03911767	0.03945948	
1276.8	0.03897103	0.03942933	
1277	0.0392128	0.0393992	
1277.2	0.03958694	0.0393691	
1277.4	0.03945915	0.03933901	
1277.6	0.0397678	0.03930896	
1277.8	0.03975125	0.03927892	
1278	0.03964199	0.03924891	
1278.2	0.03939335	0.03921892	
1278.4	0.03877838	0.03918895	
1278.6	0.03800621	0.03915901	
1278.8	0.03791808	0.03912909	
1279	0.03732895	0.03909919	
1279.2	0.03713652	0.03906931	
1279.4	0.0368303	0.03903946	
1279.6	0.03638882	0.03900963	
1279.8	0.03637826	0.03897983	
1280	0.03664694	0.03895004	
1280.2	0.03692153	0.03892028	
1280.4	0.03718581	0.03889054	
1280.6	0.03767845	0.03886083	
1280.8	0.03776906	0.03883113	
1281	0.03833024	0.03880146	
1281.2	0.03873468	0.03877182	
1281.4	0.03856726	0.03874219	
1281.6	0.03878992	0.03871259	
1281.8	0.03893258	0.03868301	
1282	0.03887515	0.03865345	
1282.2	0.03875151	0.03862392	
1282.4	0.03825687	0.0385944	
1282.6	0.03805976	0.03856491	
1282.8	0.03810128	0.03853545	
1283	0.03763563	0.038506	
1283.2	0.03751712	0.03847658	
1283.4	0.03729316	0.03844718	
1283.6	0.03742974	0.0384178	
1283.8	0.03741931	0.03838845	
1284	0.03696494	0.03835912	
1284.2	0.03701191	0.03832981	
1284.4	0.03757398	0.03830052	
1284.6	0.03807638	0.03827126	
1284.8	0.03788123	0.03824201	
1285	0.03809071	0.03821279	
1285.2	0.03814396	0.0381836	
1285.4	0.03795505	0.03815442	
1285.6	0.03817525	0.03812527	
1285.8	0.0382565	0.03809614	
1286	0.03836427	0.03806703	
1286.2	0.03833537	0.03803794	
1286.4	0.0376167	0.03800888	
1286.6	0.03745928	0.03797983	
1286.8	0.0371953	0.03795081	
1287	0.03729438	0.03792182	
1287.2	0.03718933	0.03789284	
1287.4	0.03711183	0.03786389	
1287.6	0.03731917	0.03783496	
1287.8	0.03698387	0.03780605	
1288	0.03705632	0.03777716	
1288.2	0.03728588	0.03774829	
1288.4	0.03733628	0.03771945	
1288.6	0.03704831	0.03769063	
1288.8	0.03684885	0.03766183	
1289	0.03684537	0.03763306	
1289.2	0.03710543	0.0376043	
1289.4	0.03711374	0.03757557	
1289.6	0.03717748	0.03754686	
1289.8	0.03721466	0.03751817	
1290	0.03742413	0.0374895	
1290.2	0.03745296	0.03746085	
1290.4	0.03705364	0.03743223	
1290.6	0.03697248	0.03740363	
1290.8	0.03688786	0.03737505	
1291	0.03689543	0.03734649	
1291.2	0.03659645	0.03731796	
1291.4	0.03617796	0.03728944	
1291.6	0.03616749	0.03726095	
1291.8	0.03567309	0.03723248	
1292	0.0353395	0.03720403	
1292.2	0.03490969	0.0371756	
1292.4	0.03496725	0.0371472	
1292.6	0.03503179	0.03711881	
1292.8	0.03487968	0.03709045	
1293	0.03493502	0.03706211	
1293.2	0.03508957	0.03703379	
1293.4	0.03502221	0.0370055	
1293.6	0.0350756	0.03697722	
1293.8	0.03555264	0.03694897	
1294	0.03583054	0.03692074	
1294.2	0.03611412	0.03689252	
1294.4	0.03586909	0.03686434	
1294.6	0.0354834	0.03683617	
1294.8	0.03536475	0.03680802	
1295	0.03502635	0.0367799	
1295.2	0.0348707	0.03675179	
1295.4	0.0344559	0.03672371	
1295.6	0.03430188	0.03669565	
1295.8	0.03417266	0.03666761	
1296	0.0342907	0.0366396	
1296.2	0.03419287	0.0366116	
1296.4	0.03442462	0.03658363	
1296.6	0.03435082	0.03655567	
1296.8	0.03447248	0.03652774	
1297	0.0346782	0.03649983	
1297.2	0.03488304	0.03647194	
1297.4	0.03507457	0.03644407	
1297.6	0.03533198	0.03641623	
1297.8	0.03574225	0.0363884	
1298	0.03555822	0.0363606	
1298.2	0.03559937	0.03633282	
1298.4	0.03529914	0.03630506	
1298.6	0.03505836	0.03627731	
1298.8	0.03510278	0.0362496	
1299	0.03534899	0.0362219	
1299.2	0.0353644	0.03619422	
1299.4	0.0351415	0.03616657	
1299.6	0.03511773	0.03613893	
1299.8	0.03491102	0.03611132	
1300	0.03474972	0.03608373	
1300.2	0.0344697	0.03605615	
1300.4	0.0345464	0.0360286	
1300.6	0.03445713	0.03600108	
1300.8	0.03464297	0.03597357	
1301	0.034306	0.03594608	
1301.2	0.03407298	0.03591862	
1301.4	0.03375475	0.03589117	
1301.6	0.03349621	0.03586375	
1301.8	0.03299957	0.03583634	
1302	0.03270445	0.03580896	
1302.2	0.03286239	0.0357816	
1302.4	0.03268377	0.03575426	
1302.6	0.03283648	0.03572694	
1302.8	0.03298048	0.03569964	
1303	0.03306621	0.03567236	
1303.2	0.03310143	0.03564511	
1303.4	0.03304834	0.03561787	
1303.6	0.03299082	0.03559066	
1303.8	0.03315796	0.03556346	
1304	0.03318181	0.03553629	
1304.2	0.03307409	0.03550914	
1304.4	0.03315127	0.035482	
1304.6	0.03319282	0.03545489	
1304.8	0.03331134	0.0354278	
1305	0.03317791	0.03540073	
1305.2	0.03303341	0.03537368	
1305.4	0.03263185	0.03534665	
1305.6	0.03300212	0.03531965	
1305.8	0.03339417	0.03529266	
1306	0.0336227	0.03526569	
1306.2	0.03390993	0.03523875	
1306.4	0.03389512	0.03521182	
1306.6	0.03422292	0.03518492	
1306.8	0.03387665	0.03515803	
1307	0.03375985	0.03513117	
1307.2	0.03374464	0.03510432	
1307.4	0.03366072	0.0350775	
1307.6	0.033621	0.0350507	
1307.8	0.03332	0.03502392	
1308	0.03267411	0.03499716	
1308.2	0.03259221	0.03497042	
1308.4	0.03254298	0.03494369	
1308.6	0.03251635	0.03491699	
1308.8	0.0324276	0.03489032	
1309	0.03192278	0.03486366	
1309.2	0.03163666	0.03483702	
1309.4	0.03108538	0.0348104	
1309.6	0.03176193	0.0347838	
1309.8	0.03140692	0.03475722	
1310	0.03137661	0.03473067	
1310.2	0.0312476	0.03470413	
1310.4	0.03113952	0.03467761	
1310.6	0.0308669	0.03465111	
1310.8	0.03045228	0.03462464	
1311	0.03051015	0.03459818	
1311.2	0.03042418	0.03457175	
1311.4	0.0306795	0.03454533	
1311.6	0.03041016	0.03451893	
1311.8	0.03030331	0.03449256	
1312	0.03063785	0.0344662	
1312.2	0.03109706	0.03443987	
1312.4	0.03093495	0.03441355	
1312.6	0.03117093	0.03438726	
1312.8	0.03106371	0.03436098	
1313	0.03088603	0.03433473	
1313.2	0.03090212	0.03430849	
1313.4	0.03058798	0.03428228	
1313.6	0.03114206	0.03425608	
1313.8	0.03084517	0.03422991	
1314	0.03074277	0.03420376	
1314.2	0.03030731	0.03417762	
1314.4	0.03007175	0.03415151	
1314.6	0.03015912	0.03412541	
1314.8	0.03016727	0.03409934	
1315	0.03018209	0.03407328	
1315.2	0.02997316	0.03404725	
1315.4	0.03006833	0.03402123	
1315.6	0.03012622	0.03399524	
1315.8	0.03029135	0.03396926	
1316	0.03038476	0.03394331	
1316.2	0.03029957	0.03391737	
1316.4	0.03034448	0.03389145	
1316.6	0.03059753	0.03386556	
1316.8	0.030353	0.03383968	
1317	0.03049661	0.03381383	
1317.2	0.03028476	0.03378799	
1317.4	0.03013472	0.03376217	
1317.6	0.03020271	0.03373637	
1317.8	0.03011656	0.0337106	
1318	0.03020519	0.03368484	
1318.2	0.02977648	0.0336591	
1318.4	0.02945733	0.03363338	
1318.6	0.02924318	0.03360768	
1318.8	0.02853398	0.033582	
1319	0.02829101	0.03355635	
1319.2	0.02815085	0.03353071	
1319.4	0.0282825	0.03350508	
1319.6	0.02856449	0.03347948	
1319.8	0.02844386	0.0334539	
1320	0.02849971	0.03342834	
1320.2	0.02813586	0.0334028	
1320.4	0.02827557	0.03337728	
1320.6	0.02838697	0.03335177	
1320.8	0.0285614	0.03332629	
1321	0.02881394	0.03330083	
1321.2	0.02869435	0.03327538	
1321.4	0.02862243	0.03324996	
1321.6	0.02912778	0.03322455	
1321.8	0.0294669	0.03319916	
1322	0.02939929	0.0331738	
1322.2	0.0292048	0.03314845	
1322.4	0.02891688	0.03312312	
1322.6	0.02857617	0.03309781	
1322.8	0.02846951	0.03307252	
1323	0.02897508	0.03304725	
1323.2	0.02896626	0.033022	
1323.4	0.02911399	0.03299677	
1323.6	0.0291115	0.03297156	
1323.8	0.02887959	0.03294636	
1324	0.0287591	0.03292119	
1324.2	0.02819936	0.03289603	
1324.4	0.02835882	0.0328709	
1324.6	0.02827732	0.03284578	
1324.8	0.02821172	0.03282069	
1325	0.02807603	0.03279561	
1325.2	0.02795028	0.03277055	
1325.4	0.02789882	0.03274551	
1325.6	0.02871376	0.03272049	
1325.8	0.02883046	0.03269549	
1326	0.02912561	0.03267051	
1326.2	0.02948576	0.03264554	
1326.4	0.02907094	0.0326206	
1326.6	0.02939998	0.03259567	
1326.8	0.029606	0.03257077	
1327	0.03005913	0.03254588	
1327.2	0.03007336	0.03252101	
1327.4	0.0302101	0.03249616	
1327.6	0.03021467	0.03247133	
1327.8	0.03007425	0.03244652	
1328	0.02992012	0.03242173	
1328.2	0.02964159	0.03239696	
1328.4	0.0291023	0.0323722	
1328.6	0.02870204	0.03234747	
1328.8	0.02876085	0.03232275	
1329	0.02838813	0.03229806	
1329.2	0.02788503	0.03227338	
1329.4	0.02780087	0.03224872	
1329.6	0.02795658	0.03222408	
1329.8	0.02771819	0.03219945	
1330	0.0273677	0.03217485	
1330.2	0.0270562	0.03215027	
1330.4	0.02640736	0.0321257	
1330.6	0.02621302	0.03210115	
1330.8	0.02624057	0.03207663	
1331	0.02649909	0.03205212	
1331.2	0.02658743	0.03202763	
1331.4	0.02634978	0.03200315	
1331.6	0.02654092	0.0319787	
1331.8	0.02641977	0.03195427	
1332	0.02649103	0.03192985	
1332.2	0.02663124	0.03190545	
1332.4	0.02627497	0.03188108	
1332.6	0.02648515	0.03185672	
1332.8	0.02652132	0.03183237	
1333	0.02662151	0.03180805	
1333.2	0.02679974	0.03178375	
1333.4	0.02691399	0.03175946	
1333.6	0.02685076	0.0317352	
1333.8	0.02653007	0.03171095	
1334	0.02584683	0.03168672	
1334.2	0.02568292	0.03166251	
1334.4	0.02559048	0.03163831	
1334.6	0.0257887	0.03161414	
1334.8	0.02612134	0.03158998	
1335	0.02618142	0.03156584	
1335.2	0.02626828	0.03154173	
1335.4	0.02621937	0.03151763	
1335.6	0.02626908	0.03149354	
1335.8	0.02630926	0.03146948	
1336	0.0262247	0.03144543	
1336.2	0.02604145	0.03142141	
1336.4	0.02599028	0.0313974	
1336.6	0.02609646	0.03137341	
1336.8	0.02564194	0.03134944	
1337	0.02584587	0.03132548	
1337.2	0.02617158	0.03130155	
1337.4	0.02597519	0.03127763	
1337.6	0.02556906	0.03125373	
1337.8	0.02505172	0.03122985	
1338	0.02507959	0.03120599	
1338.2	0.02515528	0.03118214	
1338.4	0.0252761	0.03115832	
1338.6	0.02539494	0.03113451	
1338.8	0.02538752	0.03111072	
1339	0.0253683	0.03108695	
1339.2	0.02548401	0.0310632	
1339.4	0.02533957	0.03103946	
1339.6	0.02490667	0.03101574	
1339.8	0.02501281	0.03099205	
1340	0.02464748	0.03096837	
1340.2	0.02483749	0.0309447	
1340.4	0.02512121	0.03092106	
1340.6	0.02489182	0.03089743	
1340.8	0.02447311	0.03087382	
1341	0.02496467	0.03085023	
1341.2	0.02536711	0.03082666	
1341.4	0.02511316	0.03080311	
1341.6	0.02529418	0.03077957	
1341.8	0.02555844	0.03075605	
1342	0.02603233	0.03073255	
1342.2	0.02622648	0.03070907	
1342.4	0.02601618	0.03068561	
1342.6	0.02595988	0.03066216	
1342.8	0.02567272	0.03063873	
1343	0.02561533	0.03061532	
1343.2	0.02530879	0.03059193	
1343.4	0.02506954	0.03056855	
1343.6	0.02494882	0.03054519	
1343.8	0.02504455	0.03052186	
1344	0.02512138	0.03049853	
1344.2	0.02496314	0.03047523	
1344.4	0.02483391	0.03045195	
1344.6	0.02463956	0.03042868	
1344.8	0.02469115	0.03040543	
1345	0.02452751	0.03038219	
1345.2	0.02426059	0.03035898	
1345.4	0.02387123	0.03033578	
1345.6	0.02384902	0.0303126	
1345.8	0.02382482	0.03028944	
1346	0.02370225	0.0302663	
1346.2	0.0234536	0.03024317	
1346.4	0.02294835	0.03022006	
1346.6	0.02291584	0.03019697	
1346.8	0.02321251	0.0301739	
1347	0.0233968	0.03015084	
1347.2	0.02350589	0.03012781	
1347.4	0.02382158	0.03010479	
1347.6	0.02406418	0.03008178	
1347.8	0.0241561	0.0300588	
1348	0.02456112	0.03003583	
1348.2	0.02433358	0.03001288	
1348.4	0.02440146	0.02998995	
1348.6	0.02408462	0.02996703	
1348.8	0.02375036	0.02994414	
1349	0.0228789	0.02992126	
1349.2	0.02268641	0.02989839	
1349.4	0.02209813	0.02987555	
1349.6	0.02232856	0.02985272	
1349.8	0.02255389	0.02982991	
1350	0.02231056	0.02980712	
1350.2	0.02262957	0.02978434	
1350.4	0.02274023	0.02976159	
1350.6	0.02240943	0.02973885	
1350.8	0.02261293	0.02971612	
1351	0.02259824	0.02969342	
1351.2	0.02244288	0.02967073	
1351.4	0.02244387	0.02964806	
1351.6	0.02258074	0.0296254	
1351.8	0.02255874	0.02960277	
1352	0.02248789	0.02958015	
1352.2	0.02179991	0.02955755	
1352.4	0.0215973	0.02953496	
1352.6	0.02149033	0.02951239	
1352.8	0.02140492	0.02948984	
1353	0.02132627	0.02946731	
1353.2	0.02124508	0.0294448	
1353.4	0.02143193	0.0294223	
1353.6	0.021739	0.02939982	
1353.8	0.02192507	0.02937735	
1354	0.02227103	0.02935491	
1354.2	0.0225407	0.02933248	
1354.4	0.02252846	0.02931006	
1354.6	0.0222772	0.02928767	
1354.8	0.02261565	0.02926529	
1355	0.02277147	0.02924293	
1355.2	0.02263758	0.02922058	
1355.4	0.02263969	0.02919826	
1355.6	0.02257421	0.02917595	
1355.8	0.02246424	0.02915365	
1356	0.02206757	0.02913138	
1356.2	0.02196503	0.02910912	
1356.4	0.02204072	0.02908688	
1356.6	0.02197077	0.02906465	
1356.8	0.0215692	0.02904245	
1357	0.02119676	0.02902025	
1357.2	0.02094204	0.02899808	
1357.4	0.02104317	0.02897592	
1357.6	0.02030263	0.02895378	
1357.8	0.02062835	0.02893166	
1358	0.02067599	0.02890955	
1358.2	0.02053318	0.02888746	
1358.4	0.02094636	0.02886539	
1358.6	0.02079211	0.02884334	
1358.8	0.02084519	0.0288213	
1359	0.02087963	0.02879928	
1359.2	0.02074397	0.02877727	
1359.4	0.02049955	0.02875528	
1359.6	0.02060402	0.02873331	
1359.8	0.02064458	0.02871136	
1360	0.02070057	0.02868942	
1360.2	0.02081875	0.0286675	
1360.4	0.02074619	0.02864559	
1360.6	0.02116672	0.0286237	
1360.8	0.02074566	0.02860183	
1361	0.02087145	0.02857998	
1361.2	0.02097634	0.02855814	
1361.4	0.02096667	0.02853632	
1361.6	0.02063358	0.02851452	
1361.8	0.02106611	0.02849273	
1362	0.02080518	0.02847096	
1362.2	0.02090461	0.0284492	
1362.4	0.02106012	0.02842747	
1362.6	0.02066238	0.02840574	
1362.8	0.02093415	0.02838404	
1363	0.02085619	0.02836235	
1363.2	0.02089916	0.02834068	
1363.4	0.02074254	0.02831903	
1363.6	0.02089124	0.02829739	
1363.8	0.02077841	0.02827577	
1364	0.02101894	0.02825416	
1364.2	0.02100217	0.02823257	
1364.4	0.02124039	0.028211	
1364.6	0.02118139	0.02818944	
1364.8	0.02059936	0.02816791	
1365	0.02097342	0.02814638	
1365.2	0.02064796	0.02812488	
1365.4	0.0205876	0.02810339	
1365.6	0.02022668	0.02808191	
1365.8	0.02029241	0.02806046	
1366	0.02014544	0.02803902	
1366.2	0.01988719	0.02801759	
1366.4	0.01969545	0.02799618	
1366.6	0.01920987	0.02797479	
1366.8	0.01920311	0.02795342	
1367	0.01897939	0.02793206	
1367.2	0.01864773	0.02791072	
1367.4	0.0184249	0.02788939	
1367.6	0.01835934	0.02786808	
1367.8	0.01815397	0.02784679	
1368	0.01852553	0.02782551	
1368.2	0.0181019	0.02780425	
1368.4	0.01830139	0.027783	
1368.6	0.0178575	0.02776177	
1368.8	0.01834957	0.02774056	
1369	0.01885027	0.02771937	
1369.2	0.01885514	0.02769819	
1369.4	0.01959592	0.02767702	
1369.6	0.02008052	0.02765587	
1369.8	0.02042497	0.02763474	
1370	0.0203574	0.02761363	
1370.2	0.0205449	0.02759253	
1370.4	0.02057096	0.02757144	
1370.6	0.02054488	0.02755038	
1370.8	0.02052677	0.02752933	
1371	0.02053425	0.02750829	
1371.2	0.02009966	0.02748727	
1371.4	0.01987049	0.02746627	
1371.6	0.01958105	0.02744528	
1371.8	0.01925874	0.02742431	
1372	0.01912034	0.02740336	
1372.2	0.01856975	0.02738242	
1372.4	0.01818092	0.0273615	
1372.6	0.0177346	0.02734059	
1372.8	0.01806738	0.0273197	
1373	0.01804003	0.02729883	
1373.2	0.01773358	0.02727797	
1373.4	0.01754308	0.02725712	
1373.6	0.01723563	0.0272363	
1373.8	0.01698129	0.02721549	
1374	0.0169188	0.02719469	
1374.2	0.01745078	0.02717391	
1374.4	0.01712311	0.02715315	
1374.6	0.01736938	0.0271324	
1374.8	0.01741319	0.02711167	
1375	0.01765799	0.02709096	
1375.2	0.01780287	0.02707026	
1375.4	0.01754112	0.02704957	
1375.6	0.01768937	0.0270289	
1375.8	0.01764451	0.02700825	
1376	0.0177389	0.02698761	
1376.2	0.0174424	0.02696699	
1376.4	0.01725856	0.02694639	
1376.6	0.01742374	0.0269258	
1376.8	0.01767081	0.02690523	
1377	0.01754462	0.02688467	
1377.2	0.01727018	0.02686412	
1377.4	0.01712367	0.0268436	
1377.6	0.01729495	0.02682309	
1377.8	0.01712867	0.02680259	
1378	0.0173105	0.02678211	
1378.2	0.01730544	0.02676165	
1378.4	0.01716124	0.0267412	
1378.6	0.01703633	0.02672077	
1378.8	0.0170318	0.02670035	
1379	0.01689113	0.02667995	
1379.2	0.01697911	0.02665956	
1379.4	0.01672035	0.02663919	
1379.6	0.0171766	0.02661884	
1379.8	0.0172173	0.0265985	
1380	0.01719322	0.02657818	
1380.2	0.01699382	0.02655787	
1380.4	0.0171274	0.02653758	
1380.6	0.01688943	0.0265173	
1380.8	0.01709261	0.02649704	
1381	0.01674333	0.02647679	
1381.2	0.01685874	0.02645656	
1381.4	0.01681327	0.02643635	
1381.6	0.01644135	0.02641615	
1381.8	0.01619331	0.02639596	
1382	0.01603173	0.02637579	
1382.2	0.01577681	0.02635564	
1382.4	0.01547011	0.0263355	
1382.6	0.01572929	0.02631538	
1382.8	0.01566817	0.02629527	
1383	0.01592318	0.02627518	
1383.2	0.01604558	0.0262551	
1383.4	0.01591816	0.02623504	
1383.6	0.01587092	0.026215	
1383.8	0.01574346	0.02619497	
1384	0.01555255	0.02617495	
1384.2	0.01532912	0.02615495	
1384.4	0.01524853	0.02613497	
1384.6	0.01489419	0.026115	
1384.8	0.01499171	0.02609504	
1385	0.01459852	0.0260751	
1385.2	0.01454178	0.02605518	
1385.4	0.0143338	0.02603527	
1385.6	0.01402937	0.02601538	
1385.8	0.01431596	0.0259955	
1386	0.01400735	0.02597564	
1386.2	0.01415563	0.02595579	
1386.4	0.01433192	0.02593596	
1386.6	0.01478968	0.02591614	
1386.8	0.01424187	0.02589634	
1387	0.01473107	0.02587655	
1387.2	0.01462002	0.02585678	
1387.4	0.01512236	0.02583702	
1387.6	0.01498396	0.02581728	
1387.8	0.01506259	0.02579755	
1388	0.0147777	0.02577784	
1388.2	0.0146213	0.02575815	
1388.4	0.01480236	0.02573846	
1388.6	0.01465167	0.0257188	
1388.8	0.01477896	0.02569915	
1389	0.01429403	0.02567951	
1389.2	0.01411345	0.02565989	
1389.4	0.01424655	0.02564028	
1389.6	0.0144597	0.02562069	
1389.8	0.01457204	0.02560111	
1390	0.01469107	0.02558155	
1390.2	0.01464477	0.02556201	
1390.4	0.01469487	0.02554247	
1390.6	0.01448349	0.02552296	
1390.8	0.01483395	0.02550346	
1391	0.01566909	0.02548397	
1391.2	0.01565177	0.0254645	
1391.4	0.01567624	0.02544504	
1391.6	0.01529869	0.0254256	
1391.8	0.01538613	0.02540617	
1392	0.01507084	0.02538676	
1392.2	0.0153283	0.02536736	
1392.4	0.01553585	0.02534798	
1392.6	0.0150534	0.02532861	
1392.8	0.01508579	0.02530926	
1393	0.01495009	0.02528992	
1393.2	0.01524562	0.02527059	
1393.4	0.01573024	0.02525129	
1393.6	0.01566413	0.02523199	
1393.8	0.01548003	0.02521271	
1394	0.01547098	0.02519345	
1394.2	0.01528593	0.0251742	
1394.4	0.01533283	0.02515496	
1394.6	0.0150598	0.02513574	
1394.8	0.01520459	0.02511654	
1395	0.01519846	0.02509734	
1395.2	0.01471192	0.02507817	
1395.4	0.01461343	0.02505901	
1395.6	0.01436297	0.02503986	
1395.8	0.01410748	0.02502073	
1396	0.01384598	0.02500161	
1396.2	0.01397199	0.0249825	
1396.4	0.0141751	0.02496342	
1396.6	0.01441717	0.02494434	
1396.8	0.01484325	0.02492528	
1397	0.01495473	0.02490624	
1397.2	0.01484118	0.02488721	
1397.4	0.01469749	0.02486819	
1397.6	0.01458154	0.02484919	
1397.8	0.01453739	0.0248302	
1398	0.01453405	0.02481123	
1398.2	0.01444266	0.02479227	
1398.4	0.01412736	0.02477333	
1398.6	0.01372757	0.0247544	
1398.8	0.01324999	0.02473548	
1399	0.01342591	0.02471658	
1399.2	0.01299096	0.0246977	
1399.4	0.01288232	0.02467883	
1399.6	0.01274159	0.02465997	
1399.8	0.01268589	0.02464113	
1400	0.01270047	0.0246223	
1400.2	0.01268978	0.02460349	
1400.4	0.01325741	0.02458469	
1400.6	0.01347636	0.0245659	
1400.8	0.01299572	0.02454713	
1401	0.01291579	0.02452838	
1401.2	0.01272512	0.02450963	
1401.4	0.01299017	0.02449091	
1401.6	0.0129098	0.02447219	
1401.8	0.01297481	0.0244535	
1402	0.01257137	0.02443481	
1402.2	0.01269166	0.02441614	
1402.4	0.01257793	0.02439748	
1402.6	0.01245774	0.02437884	
1402.8	0.01220315	0.02436021	
1403	0.01266025	0.0243416	
1403.2	0.01237182	0.024323	
1403.4	0.01239713	0.02430442	
1403.6	0.01263051	0.02428585	
1403.8	0.01264926	0.02426729	
1404	0.01252176	0.02424875	
1404.2	0.01216569	0.02423022	
1404.4	0.01210005	0.02421171	
1404.6	0.01213394	0.02419321	
1404.8	0.01181466	0.02417472	
1405	0.01162586	0.02415625	
1405.2	0.01134627	0.02413779	
1405.4	0.01124695	0.02411935	
1405.6	0.01133811	0.02410092	
1405.8	0.01150372	0.0240825	
1406	0.01121979	0.0240641	
1406.2	0.01135367	0.02404572	
1406.4	0.01116917	0.02402734	
1406.6	0.01127988	0.02400898	
1406.8	0.01130991	0.02399064	
1407	0.01150291	0.02397231	
1407.2	0.01147829	0.02395399	
1407.4	0.01178257	0.02393569	
1407.6	0.01234937	0.0239174	
1407.8	0.01234647	0.02389912	
1408	0.01238732	0.02388086	
1408.2	0.01226761	0.02386262	
1408.4	0.01268593	0.02384438	
1408.6	0.01295268	0.02382616	
1408.8	0.01249516	0.02380796	
1409	0.01253164	0.02378977	
1409.2	0.01257886	0.02377159	
1409.4	0.01265642	0.02375343	
1409.6	0.01298993	0.02373528	
1409.8	0.01251833	0.02371714	
1410	0.0122001	0.02369902	
1410.2	0.0119203	0.02368091	
1410.4	0.01218784	0.02366282	
1410.6	0.01180304	0.02364474	
1410.8	0.01141161	0.02362667	
1411	0.01108682	0.02360862	
1411.2	0.01058902	0.02359058	
1411.4	0.01065467	0.02357255	
1411.6	0.0106797	0.02355454	
1411.8	0.01058906	0.02353654	
1412	0.01095651	0.02351856	
1412.2	0.01091493	0.02350059	
1412.4	0.01105047	0.02348263	
1412.6	0.01074168	0.02346469	
1412.8	0.01088713	0.02344676	
1413	0.01087267	0.02342884	
1413.2	0.01069836	0.02341094	
1413.4	0.01083137	0.02339306	
1413.6	0.01079488	0.02337518	
1413.8	0.01028801	0.02335732	
1414	0.01037482	0.02333947	
1414.2	0.0103099	0.02332164	
1414.4	0.01038147	0.02330382	
1414.6	0.00963123	0.02328601	
1414.8	0.00935587	0.02326822	
1415	0.00918709	0.02325044	
1415.2	0.00896776	0.02323268	
1415.4	0.00957209	0.02321493	
1415.6	0.0092431	0.02319719	
1415.8	0.00965777	0.02317946	
1416	0.00997032	0.02316175	
1416.2	0.00990641	0.02314405	
1416.4	0.00986454	0.02312637	
1416.6	0.00986225	0.0231087	
1416.8	0.01025444	0.02309104	
1417	0.00963884	0.0230734	
1417.2	0.01022571	0.02305577	
1417.4	0.01018559	0.02303815	
1417.6	0.00972354	0.02302055	
1417.8	0.00949881	0.02300296	
1418	0.00947401	0.02298538	
1418.2	0.00914387	0.02296782	
1418.4	0.00886118	0.02295027	
1418.6	0.00849811	0.02293273	
1418.8	0.00859961	0.02291521	
1419	0.00878761	0.0228977	
1419.2	0.00927105	0.02288021	
1419.4	0.00986243	0.02286272	
1419.6	0.00955195	0.02284526	
1419.8	0.01037041	0.0228278	
1420	0.01045988	0.02281036	
1420.2	0.01070978	0.02279293	
1420.4	0.01091627	0.02277551	
1420.6	0.01073915	0.02275811	
1420.8	0.01098838	0.02274072	
1421	0.01072373	0.02272334	
1421.2	0.0110024	0.02270598	
1421.4	0.01019858	0.02268863	
1421.6	0.00969223	0.0226713	
1421.8	0.00936235	0.02265397	
1422	0.00894959	0.02263666	
1422.2	0.00873291	0.02261937	
1422.4	0.00840588	0.02260208	
1422.6	0.00842301	0.02258481	
1422.8	0.0086752	0.02256756	
1423	0.00839819	0.02255031	
1423.2	0.00875902	0.02253308	
1423.4	0.00890458	0.02251587	
1423.6	0.00891935	0.02249866	
1423.8	0.00931788	0.02248147	
1424	0.00893374	0.02246429	
1424.2	0.0092015	0.02244713	
1424.4	0.00905867	0.02242998	
1424.6	0.00866828	0.02241284	
1424.8	0.00920327	0.02239571	
1425	0.00907237	0.0223786	
1425.2	0.00864176	0.0223615	
1425.4	0.00840646	0.02234442	
1425.6	0.00824238	0.02232734	
1425.8	0.00805517	0.02231028	
1426	0.0081654	0.02229324	
1426.2	0.00813118	0.0222762	
1426.4	0.00797995	0.02225918	
1426.6	0.00784227	0.02224217	
1426.8	0.00752869	0.02222518	
1427	0.00733182	0.0222082	
1427.2	0.00751479	0.02219123	
1427.4	0.00774338	0.02217427	
1427.6	0.00766718	0.02215733	
1427.8	0.00779359	0.0221404	
1428	0.00758813	0.02212348	
1428.2	0.00811171	0.02210658	
1428.4	0.00793378	0.02208969	
1428.6	0.00784296	0.02207281	
1428.8	0.00795498	0.02205594	
1429	0.00770206	0.02203909	
1429.2	0.00767029	0.02202225	
1429.4	0.00784084	0.02200542	
1429.6	0.00777558	0.02198861	
1429.8	0.00807643	0.02197181	
1430	0.00821453	0.02195502	
1430.2	0.00791094	0.02193824	
1430.4	0.00794923	0.02192148	
1430.6	0.00760337	0.02190473	
1430.8	0.00711341	0.02188799	
1431	0.00723985	0.02187127	
1431.2	0.00691028	0.02185456	
1431.4	0.00685221	0.02183786	
1431.6	0.00687701	0.02182117	
1431.8	0.00709763	0.0218045	
1432	0.00697825	0.02178784	
1432.2	0.00691552	0.02177119	
1432.4	0.0069928	0.02175456	
1432.6	0.006956	0.02173793	
1432.8	0.0070796	0.02172132	
1433	0.00755157	0.02170473	
1433.2	0.00760361	0.02168814	
1433.4	0.00791895	0.02167157	
1433.6	0.00814698	0.02165501	
1433.8	0.00863077	0.02163847	
1434	0.00856101	0.02162193	
1434.2	0.00864919	0.02160541	
1434.4	0.00907582	0.0215889	
1434.6	0.00875489	0.02157241	
1434.8	0.00853402	0.02155592	
1435	0.0083084	0.02153945	
1435.2	0.00768587	0.021523	
1435.4	0.00722941	0.02150655	
1435.6	0.00744879	0.02149012	
1435.8	0.00716022	0.0214737	
1436	0.00722333	0.02145729	
1436.2	0.0072513	0.02144089	
1436.4	0.00737481	0.02142451	
1436.6	0.00677662	0.02140814	
1436.8	0.00626398	0.02139178	
1437	0.00618725	0.02137544	
1437.2	0.00580121	0.02135911	
1437.4	0.00591981	0.02134278	
1437.6	0.00571176	0.02132648	
1437.8	0.00607613	0.02131018	
1438	0.00619074	0.0212939	
1438.2	0.00644349	0.02127763	
1438.4	0.00655935	0.02126137	
1438.6	0.00624793	0.02124513	
1438.8	0.00608515	0.02122889	
1439	0.00574014	0.02121267	
1439.2	0.00561159	0.02119646	
1439.4	0.00569101	0.02118027	
1439.6	0.00598088	0.02116408	
1439.8	0.00589202	0.02114791	
