Conc1	1E-07	
Start1	1020	
Stop1	1439.8	
Kobs	0.0038218939319968	
Error Kobs	4.14361889801998E-05	
Koff	0	
Error Koff	0	
Time1	Data1	Fit1	
1020	0.00065234	0	
1020.2	0.00244559	0.00393908	
1020.4	0.00456435	0.00771263	
1020.6	0.00714111	0.01132758	
1020.8	0.0099708	0.01479062	
1021	0.01308177	0.01810812	
1021.2	0.01692505	0.02128621	
1021.4	0.02045436	0.02433073	
1021.6	0.02419746	0.0272473	
1021.8	0.02767424	0.0300413	
1022	0.03094414	0.03271789	
1022.2	0.03390815	0.03528199	
1022.4	0.03687981	0.03773833	
1022.6	0.039855	0.04009144	
1022.8	0.04288016	0.04234567	
1023	0.04568178	0.04450515	
1023.2	0.04826396	0.04657389	
1023.4	0.05117564	0.04855568	
1023.6	0.05357682	0.05045419	
1023.8	0.05601023	0.05227292	
1024	0.05873796	0.05401521	
1024.2	0.06090555	0.05568428	
1024.4	0.0631075	0.0572832	
1024.6	0.06550858	0.05881493	
1024.8	0.0674691	0.06028229	
1025	0.06972556	0.06168798	
1025.2	0.0720285	0.0630346	
1025.4	0.07353083	0.06432463	
1025.6	0.07533659	0.06556044	
1025.8	0.07701416	0.06674432	
1026	0.07824008	0.06787844	
1026.2	0.07949373	0.0689649	
1026.4	0.08084137	0.0700057	
1026.6	0.08198452	0.07100276	
1026.8	0.08303461	0.07195792	
1027	0.08405898	0.07287294	
1027.2	0.08515175	0.07374951	
1027.4	0.0858032	0.07458923	
1027.6	0.08616303	0.07539367	
1027.8	0.08705961	0.0761643	
1028	0.08830518	0.07690254	
1028.2	0.08880725	0.07760976	
1028.4	0.0893093	0.07828726	
1028.6	0.09001008	0.07893629	
1028.8	0.09041357	0.07955803	
1029	0.09141808	0.08015366	
1029.2	0.09241401	0.08072424	
1029.4	0.09296795	0.08127085	
1029.6	0.09353782	0.08179449	
1029.8	0.09453292	0.08229613	
1030	0.09480576	0.08277668	
1030.2	0.09537026	0.08323703	
1030.4	0.09558148	0.08367804	
1030.6	0.0958734	0.08410052	
1030.8	0.09640984	0.08450524	
1031	0.09679995	0.08489295	
1031.2	0.09726409	0.08526437	
1031.4	0.09792235	0.08562018	
1031.6	0.09848174	0.08596103	
1031.8	0.0988011	0.08628756	
1032	0.09928259	0.08660037	
1032.2	0.09942054	0.08690004	
1032.4	0.0997874	0.0871871	
1032.6	0.10054023	0.08746211	
1032.8	0.10077553	0.08772556	
1033	0.1011392	0.08797793	
1033.2	0.10096254	0.0882197	
1033.4	0.1009214	0.08845131	
1033.6	0.10085064	0.08867319	
1033.8	0.10088992	0.08888574	
1034	0.1004335	0.08908936	
1034.2	0.1002333	0.08928442	
1034.4	0.09979362	0.08947129	
1034.6	0.09978122	0.0896503	
1034.8	0.09984489	0.08982179	
1035	0.09964706	0.08998607	
1035.2	0.09983104	0.09014345	
1035.4	0.10005924	0.09029421	
1035.6	0.09950277	0.09043864	
1035.8	0.0993954	0.090577	
1036	0.09971311	0.09070954	
1036.2	0.09977138	0.09083651	
1036.4	0.09993948	0.09095815	
1036.6	0.10003437	0.09107467	
1036.8	0.09954589	0.0911863	
1037	0.09973579	0.09129324	
1037.2	0.09974494	0.09139568	
1037.4	0.10024932	0.09149382	
1037.6	0.09965506	0.09158783	
1037.8	0.09960729	0.0916779	
1038	0.09967163	0.09176417	
1038.2	0.09996803	0.09184683	
1038.4	0.09973018	0.091926	
1038.6	0.10001293	0.09200185	
1038.8	0.10007588	0.09207452	
1039	0.10002501	0.09214413	
1039.2	0.10024684	0.09221081	
1039.4	0.10024569	0.09227469	
1039.6	0.10004698	0.09233589	
1039.8	0.10040992	0.09239451	
1040	0.10022802	0.09245068	
1040.2	0.0999197	0.09250448	
1040.4	0.0999023	0.09255602	
1040.6	0.09984692	0.09260539	
1040.8	0.0994908	0.09265269	
1041	0.09976255	0.092698	
1041.2	0.09956965	0.09274141	
1041.4	0.09956097	0.09278299	
1041.6	0.09905495	0.09282283	
1041.8	0.09928476	0.09286099	
1042	0.09948544	0.09289755	
1042.2	0.09969455	0.09293257	
1042.4	0.09940136	0.09296612	
1042.6	0.1000155	0.09299826	
1042.8	0.10002738	0.09302905	
1043	0.09998093	0.09305854	
1043.2	0.10006379	0.0930868	
1043.4	0.09991523	0.09311386	
1043.6	0.09962009	0.09313979	
1043.8	0.09969142	0.09316463	
1044	0.09933471	0.09318843	
1044.2	0.09878922	0.09321123	
1044.4	0.09858294	0.09323307	
1044.6	0.09826894	0.09325399	
1044.8	0.09768981	0.09327403	
1045	0.09769277	0.09329323	
1045.2	0.0977146	0.09331162	
1045.4	0.09776938	0.09332924	
1045.6	0.09762863	0.09334612	
1045.8	0.09771109	0.09336229	
1046	0.09795574	0.09337778	
1046.2	0.09794574	0.09339262	
1046.4	0.09808004	0.09340683	
1046.6	0.09834186	0.09342045	
1046.8	0.09773039	0.0934335	
1047	0.0972174	0.093446	
1047.2	0.09708309	0.09345797	
1047.4	0.09682204	0.09346944	
1047.6	0.09687124	0.09348042	
1047.8	0.0968962	0.09349095	
1048	0.09652119	0.09350103	
1048.2	0.09620062	0.09351069	
1048.4	0.09657586	0.09351995	
1048.6	0.09670628	0.09352881	
1048.8	0.09679983	0.0935373	
1049	0.09697348	0.09354544	
1049.2	0.09711266	0.09355323	
1049.4	0.09695066	0.0935607	
1049.6	0.09669418	0.09356785	
1049.8	0.09665341	0.0935747	
1050	0.09685475	0.09358126	
1050.2	0.09653506	0.09358755	
1050.4	0.09668712	0.09359357	
1050.6	0.0962971	0.09359934	
1050.8	0.09619992	0.09360487	
1051	0.09610589	0.09361017	
1051.2	0.09621042	0.09361524	
1051.4	0.09630955	0.0936201	
1051.6	0.09639733	0.09362476	
1051.8	0.09627789	0.09362922	
1052	0.09633284	0.09363349	
1052.2	0.09656782	0.09363758	
1052.4	0.09706007	0.0936415	
1052.6	0.09734262	0.09364526	
1052.8	0.09713159	0.09364886	
1053	0.09695582	0.0936523	
1053.2	0.09691936	0.09365561	
1053.4	0.09671368	0.09365877	
1053.6	0.09652001	0.0936618	
1053.8	0.09646688	0.0936647	
1054	0.09644675	0.09366748	
1054.2	0.09619049	0.09367015	
1054.4	0.0962195	0.0936727	
1054.6	0.09581646	0.09367515	
1054.8	0.09566288	0.09367749	
1055	0.09529669	0.09367973	
1055.2	0.09518682	0.09368188	
1055.4	0.09492227	0.09368394	
1055.6	0.0945575	0.09368591	
1055.8	0.09462944	0.0936878	
1056	0.09481306	0.09368961	
1056.2	0.09494326	0.09369135	
1056.4	0.09523277	0.09369301	
1056.6	0.09547132	0.0936946	
1056.8	0.09570184	0.09369612	
1057	0.09584988	0.09369758	
1057.2	0.09622695	0.09369898	
1057.4	0.09580961	0.09370032	
1057.6	0.09584963	0.09370161	
1057.8	0.0955726	0.09370284	
1058	0.09533287	0.09370402	
1058.2	0.09526194	0.09370515	
1058.4	0.09462372	0.09370623	
1058.6	0.09422984	0.09370726	
1058.8	0.09402859	0.09370826	
1059	0.09416509	0.09370921	
1059.2	0.09394984	0.09371012	
1059.4	0.09381397	0.09371099	
1059.6	0.09405008	0.09371183	
1059.8	0.0948017	0.09371263	
1060	0.09496851	0.09371339	
1060.2	0.0948119	0.09371413	
1060.4	0.09521579	0.09371483	
1060.6	0.09516376	0.09371551	
1060.8	0.09530358	0.09371615	
1061	0.09507854	0.09371677	
1061.2	0.09499798	0.09371736	
1061.4	0.09476178	0.09371793	
1061.6	0.09481086	0.09371848	
1061.8	0.09426779	0.093719	
1062	0.09386037	0.0937195	
1062.2	0.09375753	0.09371998	
1062.4	0.09309578	0.09372043	
1062.6	0.09291097	0.09372087	
1062.8	0.09258232	0.09372129	
1063	0.09250664	0.0937217	
1063.2	0.09210868	0.09372208	
1063.4	0.09255837	0.09372245	
1063.6	0.09269871	0.09372281	
1063.8	0.09271215	0.09372315	
1064	0.09203555	0.09372347	
1064.2	0.09161973	0.09372378	
1064.4	0.09151405	0.09372408	
1064.6	0.09127303	0.09372437	
1064.8	0.09144769	0.09372464	
1065	0.09167534	0.0937249	
1065.2	0.09196081	0.09372515	
1065.4	0.09205121	0.09372539	
1065.6	0.09168802	0.09372562	
1065.8	0.09148865	0.09372584	
1066	0.09172998	0.09372606	
1066.2	0.09179214	0.09372626	
1066.4	0.09152715	0.09372645	
1066.6	0.09149277	0.09372664	
1066.8	0.09127958	0.09372682	
1067	0.09124012	0.09372699	
1067.2	0.09106378	0.09372715	
1067.4	0.09091089	0.09372731	
1067.6	0.09053041	0.09372746	
1067.8	0.09023624	0.0937276	
1068	0.0903538	0.09372774	
1068.2	0.09008889	0.09372787	
1068.4	0.09019238	0.093728	
1068.6	0.09037987	0.09372812	
1068.8	0.09058041	0.09372824	
1069	0.09123066	0.09372835	
1069.2	0.09133236	0.09372845	
1069.4	0.09134212	0.09372855	
1069.6	0.0914354	0.09372865	
1069.8	0.09169858	0.09372875	
1070	0.09205416	0.09372884	
1070.2	0.09197955	0.09372892	
1070.4	0.09184203	0.093729	
1070.6	0.09151774	0.09372908	
1070.8	0.09088754	0.09372916	
1071	0.09030083	0.09372923	
1071.2	0.08993193	0.0937293	
1071.4	0.08965966	0.09372937	
1071.6	0.08929452	0.09372943	
1071.8	0.08936952	0.09372949	
1072	0.08942011	0.09372955	
1072.2	0.089026	0.0937296	
1072.4	0.08929256	0.09372966	
1072.6	0.08955118	0.09372971	
1072.8	0.08968076	0.09372976	
1073	0.09021546	0.09372981	
1073.2	0.08997127	0.09372985	
1073.4	0.09003831	0.09372989	
1073.6	0.09021527	0.09372994	
1073.8	0.09046312	0.09372998	
1074	0.09098606	0.09373001	
1074.2	0.09114746	0.09373005	
1074.4	0.09072296	0.09373008	
1074.6	0.09007586	0.09373012	
1074.8	0.08985872	0.09373015	
1075	0.09001471	0.09373018	
1075.2	0.09004263	0.09373021	
1075.4	0.09000719	0.09373024	
1075.6	0.0895582	0.09373026	
1075.8	0.09012703	0.09373029	
1076	0.09015815	0.09373032	
1076.2	0.09030458	0.09373034	
1076.4	0.0903121	0.09373036	
1076.6	0.09033288	0.09373038	
1076.8	0.09032882	0.0937304	
1077	0.09037359	0.09373042	
1077.2	0.08991369	0.09373044	
1077.4	0.08957639	0.09373046	
1077.6	0.08954567	0.09373048	
1077.8	0.08939252	0.0937305	
1078	0.0893376	0.09373051	
1078.2	0.08888353	0.09373053	
1078.4	0.08835784	0.09373054	
1078.6	0.08812837	0.09373056	
1078.8	0.08770447	0.09373057	
1079	0.08761916	0.09373058	
1079.2	0.08734038	0.0937306	
1079.4	0.0873945	0.09373061	
1079.6	0.08727238	0.09373062	
1079.8	0.08769519	0.09373063	
1080	0.08789632	0.09373064	
1080.2	0.0881554	0.09373065	
1080.4	0.08810931	0.09373066	
1080.6	0.08822556	0.09373067	
1080.8	0.0881764	0.09373068	
1081	0.0881249	0.09373069	
1081.2	0.08792057	0.09373069	
1081.4	0.08775711	0.0937307	
1081.6	0.08808503	0.09373071	
1081.8	0.08816609	0.09373072	
1082	0.0886779	0.09373072	
1082.2	0.08841962	0.09373073	
1082.4	0.08863545	0.09373074	
1082.6	0.08841635	0.09373074	
1082.8	0.08768081	0.09373075	
1083	0.08764471	0.09373075	
1083.2	0.08737467	0.09373076	
1083.4	0.08739133	0.09373076	
1083.6	0.08697368	0.09373077	
1083.8	0.08685939	0.09373077	
1084	0.08662352	0.09373078	
1084.2	0.08658577	0.09373078	
1084.4	0.08608415	0.09373079	
1084.6	0.08586119	0.09373079	
1084.8	0.08593483	0.09373079	
1085	0.08592993	0.0937308	
1085.2	0.08567374	0.0937308	
1085.4	0.08583595	0.0937308	
1085.6	0.08610348	0.09373081	
1085.8	0.08637668	0.09373081	
1086	0.08700588	0.09373081	
1086.2	0.08699538	0.09373082	
1086.4	0.08752281	0.09373082	
1086.6	0.08741038	0.09373082	
1086.8	0.08772087	0.09373082	
1087	0.08768019	0.09373083	
1087.2	0.08761059	0.09373083	
1087.4	0.08801824	0.09373083	
1087.6	0.08809995	0.09373083	
1087.8	0.08805617	0.09373083	
1088	0.08820585	0.09373084	
1088.2	0.08828539	0.09373084	
1088.4	0.08795669	0.09373084	
1088.6	0.08835148	0.09373084	
1088.8	0.08829205	0.09373084	
1089	0.0879435	0.09373084	
1089.2	0.08782211	0.09373085	
1089.4	0.08818273	0.09373085	
1089.6	0.08812651	0.09373085	
1089.8	0.08820574	0.09373085	
1090	0.08783945	0.09373085	
1090.2	0.08756626	0.09373085	
1090.4	0.08725341	0.09373085	
1090.6	0.08718643	0.09373085	
1090.8	0.08696118	0.09373086	
1091	0.08615764	0.09373086	
1091.2	0.08613102	0.09373086	
1091.4	0.08609567	0.09373086	
1091.6	0.0859777	0.09373086	
1091.8	0.0854484	0.09373086	
1092	0.08573786	0.09373086	
1092.2	0.08579047	0.09373086	
1092.4	0.08587324	0.09373086	
1092.6	0.08633177	0.09373086	
1092.8	0.08585765	0.09373086	
1093	0.08594678	0.09373086	
1093.2	0.0857479	0.09373086	
1093.4	0.08582557	0.09373087	
1093.6	0.08539875	0.09373087	
1093.8	0.08493762	0.09373087	
1094	0.08443403	0.09373087	
1094.2	0.08454348	0.09373087	
1094.4	0.08430946	0.09373087	
1094.6	0.08400393	0.09373087	
1094.8	0.08350924	0.09373087	
1095	0.0834089	0.09373087	
1095.2	0.08341611	0.09373087	
1095.4	0.08334479	0.09373087	
1095.6	0.08372135	0.09373087	
1095.8	0.08354859	0.09373087	
1096	0.08420531	0.09373087	
1096.2	0.08450016	0.09373087	
1096.4	0.08459541	0.09373087	
1096.6	0.0848562	0.09373087	
1096.8	0.08510484	0.09373087	
1097	0.08514038	0.09373087	
1097.2	0.08490155	0.09373087	
1097.4	0.08492982	0.09373087	
1097.6	0.08460685	0.09373087	
1097.8	0.08433899	0.09373087	
1098	0.08419211	0.09373087	
1098.2	0.08408251	0.09373087	
1098.4	0.08382269	0.09373087	
1098.6	0.08347796	0.09373087	
1098.8	0.08338862	0.09373087	
1099	0.08286042	0.09373087	
1099.2	0.08260321	0.09373088	
1099.4	0.08256788	0.09373088	
1099.6	0.08246273	0.09373088	
1099.8	0.08237737	0.09373088	
1100	0.08270056	0.09373088	
1100.2	0.0831673	0.09373088	
1100.4	0.0834211	0.09373088	
1100.6	0.08395244	0.09373088	
1100.8	0.08412602	0.09373088	
1101	0.08383818	0.09373088	
1101.2	0.08381332	0.09373088	
1101.4	0.08393512	0.09373088	
1101.6	0.08370508	0.09373088	
1101.8	0.0836727	0.09373088	
1102	0.08383691	0.09373088	
1102.2	0.08397719	0.09373088	
1102.4	0.08400007	0.09373088	
1102.6	0.08378031	0.09373088	
1102.8	0.08341723	0.09373088	
1103	0.08274455	0.09373088	
1103.2	0.08268638	0.09373088	
1103.4	0.08284481	0.09373088	
1103.6	0.0831891	0.09373088	
1103.8	0.08337919	0.09373088	
1104	0.08384853	0.09373088	
1104.2	0.08420172	0.09373088	
1104.4	0.08416235	0.09373088	
1104.6	0.08406029	0.09373088	
1104.8	0.08372555	0.09373088	
1105	0.08382722	0.09373088	
1105.2	0.08371802	0.09373088	
1105.4	0.08365355	0.09373088	
1105.6	0.08351449	0.09373088	
1105.8	0.08331162	0.09373088	
1106	0.08320929	0.09373088	
1106.2	0.08278181	0.09373088	
1106.4	0.08237391	0.09373088	
1106.6	0.08177314	0.09373088	
1106.8	0.08150051	0.09373088	
1107	0.08112782	0.09373088	
1107.2	0.08136172	0.09373088	
1107.4	0.08195451	0.09373088	
1107.6	0.08221925	0.09373088	
1107.8	0.08206295	0.09373088	
1108	0.08198773	0.09373088	
1108.2	0.08176075	0.09373088	
1108.4	0.08166934	0.09373088	
1108.6	0.08163473	0.09373088	
1108.8	0.08204842	0.09373088	
1109	0.08213322	0.09373088	
1109.2	0.08227529	0.09373088	
1109.4	0.08248391	0.09373088	
1109.6	0.08231013	0.09373088	
1109.8	0.08211144	0.09373088	
1110	0.08183486	0.09373088	
1110.2	0.08198601	0.09373088	
1110.4	0.08214887	0.09373088	
1110.6	0.0821127	0.09373088	
1110.8	0.08215756	0.09373088	
1111	0.08210231	0.09373088	
1111.2	0.08252558	0.09373088	
1111.4	0.08246177	0.09373088	
1111.6	0.08238935	0.09373088	
1111.8	0.08211642	0.09373088	
1112	0.08175806	0.09373088	
1112.2	0.08150868	0.09373088	
1112.4	0.08133784	0.09373088	
1112.6	0.08139796	0.09373088	
1112.8	0.08145156	0.09373088	
1113	0.08123185	0.09373088	
1113.2	0.08124251	0.09373088	
1113.4	0.08102939	0.09373088	
1113.6	0.08102992	0.09373088	
1113.8	0.08107664	0.09373088	
1114	0.08085079	0.09373088	
1114.2	0.08152242	0.09373088	
1114.4	0.08158033	0.09373088	
1114.6	0.0813186	0.09373088	
1114.8	0.08087884	0.09373088	
1115	0.08081294	0.09373088	
1115.2	0.08098986	0.09373088	
1115.4	0.08075531	0.09373088	
1115.6	0.08057424	0.09373088	
1115.8	0.08016896	0.09373088	
1116	0.0799106	0.09373088	
1116.2	0.07998957	0.09373088	
1116.4	0.08014214	0.09373088	
1116.6	0.08022373	0.09373088	
1116.8	0.08034583	0.09373088	
1117	0.08039281	0.09373088	
1117.2	0.08013022	0.09373088	
1117.4	0.08033263	0.09373088	
1117.6	0.08007015	0.09373088	
1117.8	0.07971512	0.09373088	
1118	0.08002904	0.09373088	
1118.2	0.08027108	0.09373088	
1118.4	0.08022511	0.09373088	
1118.6	0.07951778	0.09373088	
1118.8	0.07906817	0.09373088	
1119	0.07933265	0.09373088	
1119.2	0.07906213	0.09373088	
1119.4	0.07874521	0.09373088	
1119.6	0.07881019	0.09373088	
1119.8	0.07896925	0.09373088	
1120	0.07940225	0.09373088	
1120.2	0.07961926	0.09373088	
1120.4	0.07936945	0.09373088	
1120.6	0.07951221	0.09373088	
1120.8	0.07972373	0.09373088	
1121	0.07964326	0.09373088	
1121.2	0.07953802	0.09373088	
1121.4	0.07984323	0.09373088	
1121.6	0.07940982	0.09373088	
1121.8	0.07977974	0.09373088	
1122	0.08005608	0.09373088	
1122.2	0.08013565	0.09373088	
1122.4	0.07983965	0.09373088	
1122.6	0.07958221	0.09373088	
1122.8	0.07937829	0.09373088	
1123	0.07946284	0.09373088	
1123.2	0.0791474	0.09373088	
1123.4	0.079057	0.09373088	
1123.6	0.07886442	0.09373088	
1123.8	0.07882348	0.09373088	
1124	0.07849752	0.09373088	
1124.2	0.07837188	0.09373088	
1124.4	0.07836269	0.09373088	
1124.6	0.07837971	0.09373088	
1124.8	0.07858976	0.09373088	
1125	0.07879827	0.09373088	
1125.2	0.07867808	0.09373088	
1125.4	0.07881986	0.09373088	
1125.6	0.07869935	0.09373088	
1125.8	0.07876796	0.09373088	
1126	0.0785088	0.09373088	
1126.2	0.07828882	0.09373088	
1126.4	0.0779843	0.09373088	
1126.6	0.0781439	0.09373088	
1126.8	0.07772276	0.09373088	
1127	0.07782538	0.09373088	
1127.2	0.0776257	0.09373088	
1127.4	0.07732804	0.09373088	
1127.6	0.07714397	0.09373088	
1127.8	0.07696001	0.09373088	
1128	0.07640807	0.09373088	
1128.2	0.07673245	0.09373088	
1128.4	0.07664186	0.09373088	
1128.6	0.07653195	0.09373088	
1128.8	0.0768687	0.09373088	
1129	0.07709134	0.09373088	
1129.2	0.07697134	0.09373088	
1129.4	0.07727371	0.09373088	
1129.6	0.07715315	0.09373088	
1129.8	0.07682099	0.09373088	
1130	0.07699666	0.09373088	
1130.2	0.07713159	0.09373088	
1130.4	0.07722159	0.09373088	
1130.6	0.07729257	0.09373088	
1130.8	0.07708393	0.09373088	
1131	0.07708217	0.09373088	
1131.2	0.07709166	0.09373088	
1131.4	0.07688749	0.09373088	
1131.6	0.07699542	0.09373088	
1131.8	0.0767475	0.09373088	
1132	0.07703361	0.09373088	
1132.2	0.07713602	0.09373088	
1132.4	0.07683369	0.09373088	
1132.6	0.07663394	0.09373088	
1132.8	0.07661476	0.09373088	
1133	0.07669304	0.09373088	
1133.2	0.07694592	0.09373088	
1133.4	0.07701017	0.09373088	
1133.6	0.07625398	0.09373088	
1133.8	0.07623557	0.09373088	
1134	0.07676294	0.09373088	
1134.2	0.0763793	0.09373088	
1134.4	0.07639513	0.09373088	
1134.6	0.07614257	0.09373088	
1134.8	0.07577254	0.09373088	
1135	0.07562829	0.09373088	
1135.2	0.07562284	0.09373088	
1135.4	0.07556883	0.09373088	
1135.6	0.07603824	0.09373088	
1135.8	0.07572629	0.09373088	
1136	0.07542702	0.09373088	
1136.2	0.07485892	0.09373088	
1136.4	0.07469435	0.09373088	
1136.6	0.07459862	0.09373088	
1136.8	0.07453171	0.09373088	
1137	0.07450547	0.09373088	
1137.2	0.07467845	0.09373088	
1137.4	0.07454076	0.09373088	
1137.6	0.07413177	0.09373088	
1137.8	0.07457332	0.09373088	
1138	0.07486449	0.09373088	
1138.2	0.0747587	0.09373088	
1138.4	0.07502497	0.09373088	
1138.6	0.07486509	0.09373088	
1138.8	0.07506188	0.09373088	
1139	0.07530738	0.09373088	
1139.2	0.07557927	0.09373088	
1139.4	0.07585484	0.09373088	
1139.6	0.07607041	0.09373088	
1139.8	0.07600163	0.09373088	
1140	0.09469711	0.09373088	
1140.2	0.09390519	0.09365926	
1140.4	0.09311712	0.0935877	
1140.6	0.09232803	0.09351619	
1140.8	0.09152005	0.09344473	
1141	0.09097812	0.09337333	
1141.2	0.09034713	0.09330199	
1141.4	0.08985216	0.0932307	
1141.6	0.08960523	0.09315946	
1141.8	0.08908344	0.09308828	
1142	0.08910173	0.09301715	
1142.2	0.08928904	0.09294608	
1142.4	0.08878635	0.09287506	
1142.6	0.08898803	0.09280409	
1142.8	0.08899786	0.09273318	
1143	0.08897985	0.09266233	
1143.2	0.08878041	0.09259153	
1143.4	0.08900001	0.09252078	
1143.6	0.0890006	0.09245008	
1143.8	0.08926621	0.09237944	
1144	0.08867013	0.09230886	
1144.2	0.08899983	0.09223833	
1144.4	0.08907059	0.09216785	
1144.6	0.08913962	0.09209742	
1144.8	0.08889192	0.09202705	
1145	0.08884194	0.09195674	
1145.2	0.08879737	0.09188647	
1145.4	0.08881813	0.09181626	
1145.6	0.08864042	0.09174611	
1145.8	0.08847625	0.09167601	
1146	0.08855478	0.09160596	
1146.2	0.08833152	0.09153596	
1146.4	0.08829915	0.09146602	
1146.6	0.08846533	0.09139613	
1146.8	0.08865343	0.0913263	
1147	0.08871774	0.09125652	
1147.2	0.08854287	0.09118679	
1147.4	0.0888731	0.09111712	
1147.6	0.08871823	0.09104749	
1147.8	0.08851174	0.09097793	
1148	0.08875049	0.09090841	
1148.2	0.08903305	0.09083895	
1148.4	0.0886549	0.09076954	
1148.6	0.0883581	0.09070019	
1148.8	0.08817801	0.09063088	
1149	0.088253	0.09056163	
1149.2	0.08787031	0.09049244	
1149.4	0.08760666	0.09042329	
1149.6	0.08730512	0.0903542	
1149.8	0.08709629	0.09028516	
1150	0.08692392	0.09021618	
1150.2	0.0869223	0.09014724	
1150.4	0.08726122	0.09007836	
1150.6	0.08753245	0.09000954	
1150.8	0.08782917	0.08994076	
1151	0.08806913	0.08987204	
1151.2	0.0881085	0.08980337	
1151.4	0.08820328	0.08973475	
1151.6	0.08790353	0.08966618	
1151.8	0.08797893	0.08959767	
1152	0.08837272	0.08952921	
1152.2	0.08833213	0.0894608	
1152.4	0.08854466	0.08939245	
1152.6	0.08838793	0.08932414	
1152.8	0.08838572	0.08925589	
1153	0.08803467	0.08918769	
1153.2	0.08781224	0.08911955	
1153.4	0.08790442	0.08905145	
1153.6	0.08769462	0.08898341	
1153.8	0.08783836	0.08891542	
1154	0.08829995	0.08884748	
1154.2	0.08813822	0.08877959	
1154.4	0.08838776	0.08871176	
1154.6	0.08827017	0.08864397	
1154.8	0.0880259	0.08857624	
1155	0.08812369	0.08850856	
1155.2	0.08773643	0.08844093	
1155.4	0.08755052	0.08837336	
1155.6	0.08743957	0.08830583	
1155.8	0.08741011	0.08823836	
1156	0.08724323	0.08817094	
1156.2	0.08727317	0.08810357	
1156.4	0.08695127	0.08803625	
1156.6	0.08638537	0.08796898	
1156.8	0.08620273	0.08790176	
1157	0.0864488	0.0878346	
1157.2	0.08655169	0.08776749	
1157.4	0.08635253	0.08770042	
1157.6	0.08662228	0.08763341	
1157.8	0.08694218	0.08756645	
1158	0.08732665	0.08749955	
1158.2	0.08709634	0.08743269	
1158.4	0.08735714	0.08736588	
1158.6	0.08735069	0.08729913	
1158.8	0.08757907	0.08723242	
1159	0.0882549	0.08716577	
1159.2	0.0882934	0.08709917	
1159.4	0.08832355	0.08703262	
1159.6	0.0887367	0.08696612	
1159.8	0.08883093	0.08689967	
1160	0.08865006	0.08683327	
1160.2	0.0884135	0.08676692	
1160.4	0.08819748	0.08670062	
1160.6	0.08800238	0.08663437	
1160.8	0.08769572	0.08656818	
1161	0.08749608	0.08650203	
1161.2	0.08677381	0.08643594	
1161.4	0.08658374	0.08636989	
1161.6	0.08653872	0.0863039	
1161.8	0.08630513	0.08623796	
1162	0.08615174	0.08617206	
1162.2	0.0857481	0.08610622	
1162.4	0.0858209	0.08604043	
1162.6	0.0860086	0.08597468	
1162.8	0.08631142	0.08590899	
1163	0.08683258	0.08584335	
1163.2	0.08683276	0.08577776	
1163.4	0.08701469	0.08571222	
1163.6	0.08725171	0.08564673	
1163.8	0.08735268	0.08558128	
1164	0.08764538	0.08551589	
1164.2	0.0875795	0.08545055	
1164.4	0.08747706	0.08538526	
1164.6	0.08756922	0.08532002	
1164.8	0.08733886	0.08525483	
1165	0.08717291	0.08518968	
1165.2	0.0871067	0.08512459	
1165.4	0.08688575	0.08505955	
1165.6	0.08664306	0.08499456	
1165.8	0.08669081	0.08492961	
1166	0.0862146	0.08486472	
1166.2	0.08581515	0.08479987	
1166.4	0.0856298	0.08473508	
1166.6	0.08540288	0.08467034	
1166.8	0.08551288	0.08460564	
1167	0.08533664	0.08454099	
1167.2	0.08567584	0.0844764	
1167.4	0.0855234	0.08441185	
1167.6	0.08562392	0.08434735	
1167.8	0.08577308	0.0842829	
1168	0.08597955	0.0842185	
1168.2	0.08588273	0.08415415	
1168.4	0.08609375	0.08408985	
1168.6	0.08664903	0.0840256	
1168.8	0.08721639	0.0839614	
1169	0.08729737	0.08389724	
1169.2	0.08745436	0.08383314	
1169.4	0.08751764	0.08376908	
1169.6	0.08751545	0.08370508	
1169.8	0.08756308	0.08364112	
1170	0.08695603	0.08357721	
1170.2	0.08647038	0.08351335	
1170.4	0.08649719	0.08344954	
1170.6	0.08646796	0.08338578	
1170.8	0.08661933	0.08332206	
1171	0.08635147	0.0832584	
1171.2	0.08624145	0.08319478	
1171.4	0.08551339	0.08313121	
1171.6	0.08502373	0.08306769	
1171.8	0.08444852	0.08300422	
1172	0.08446368	0.0829408	
1172.2	0.08436231	0.08287742	
1172.4	0.08489923	0.0828141	
1172.6	0.08537583	0.08275082	
1172.8	0.08596776	0.08268759	
1173	0.08597889	0.08262441	
1173.2	0.08651525	0.08256128	
1173.4	0.08660565	0.0824982	
1173.6	0.08646435	0.08243516	
1173.8	0.0865548	0.08237217	
1174	0.0868304	0.08230923	
1174.2	0.086609	0.08224634	
1174.4	0.08693781	0.0821835	
1174.6	0.08656664	0.0821207	
1174.8	0.08636773	0.08205796	
1175	0.0855039	0.08199526	
1175.2	0.08517621	0.08193261	
1175.4	0.08483778	0.08187	
1175.6	0.08428521	0.08180745	
1175.8	0.08405117	0.08174494	
1176	0.08400065	0.08168248	
1176.2	0.08388483	0.08162006	
1176.4	0.08421976	0.0815577	
1176.6	0.08454067	0.08149538	
1176.8	0.08435694	0.08143311	
1177	0.08480704	0.08137089	
1177.2	0.08481408	0.08130872	
1177.4	0.08486155	0.08124659	
1177.6	0.08507072	0.08118451	
1177.8	0.08523389	0.08112248	
1178	0.08527521	0.08106049	
1178.2	0.08509574	0.08099856	
1178.4	0.0854265	0.08093667	
1178.6	0.08527333	0.08087482	
1178.8	0.08526024	0.08081303	
1179	0.08458642	0.08075128	
1179.2	0.08480587	0.08068958	
1179.4	0.08443105	0.08062793	
1179.6	0.08419551	0.08056632	
1179.8	0.08395123	0.08050476	
1180	0.08403902	0.08044325	
1180.2	0.08376131	0.08038178	
1180.4	0.08334218	0.08032036	
1180.6	0.08321367	0.08025899	
1180.8	0.08258449	0.08019767	
1181	0.0826037	0.08013639	
1181.2	0.08221991	0.08007516	
1181.4	0.08246406	0.08001397	
1181.6	0.08225465	0.07995284	
1181.8	0.082525	0.07989174	
1182	0.08274035	0.0798307	
1182.2	0.08330453	0.0797697	
1182.4	0.08344125	0.07970875	
1182.6	0.08320422	0.07964785	
1182.8	0.08331396	0.07958699	
1183	0.08332386	0.07952618	
1183.2	0.08364207	0.07946541	
1183.4	0.08380077	0.07940469	
1183.6	0.08413581	0.07934402	
1183.8	0.08410273	0.0792834	
1184	0.08407122	0.07922282	
1184.2	0.08362651	0.07916228	
1184.4	0.08319446	0.0791018	
1184.6	0.0830724	0.07904136	
1184.8	0.08244425	0.07898096	
1185	0.0824074	0.07892061	
1185.2	0.08248997	0.07886031	
1185.4	0.08243599	0.07880006	
1185.6	0.08255684	0.07873985	
1185.8	0.08262794	0.07867968	
1186	0.08238074	0.07861956	
1186.2	0.08222423	0.07855949	
1186.4	0.08183248	0.07849946	
1186.6	0.08170279	0.07843948	
1186.8	0.08194481	0.07837955	
1187	0.08141905	0.07831966	
1187.2	0.08134734	0.07825982	
1187.4	0.08139511	0.07820002	
1187.6	0.0813074	0.07814027	
1187.8	0.08085931	0.07808056	
1188	0.08052426	0.0780209	
1188.2	0.08016131	0.07796129	
1188.4	0.08007907	0.07790172	
1188.6	0.08017701	0.0778422	
1188.8	0.08001701	0.07778272	
1189	0.08023794	0.07772328	
1189.2	0.08046958	0.0776639	
1189.4	0.08077205	0.07760456	
1189.6	0.08117313	0.07754526	
1189.8	0.08080195	0.07748601	
1190	0.08108523	0.0774268	
1190.2	0.08145546	0.07736764	
1190.4	0.08128025	0.07730852	
1190.6	0.08092483	0.07724945	
1190.8	0.08069661	0.07719043	
1191	0.0804117	0.07713145	
1191.2	0.08077359	0.07707251	
1191.4	0.0808957	0.07701362	
1191.6	0.08036061	0.07695478	
1191.8	0.07985016	0.07689598	
1192	0.07941262	0.07683722	
1192.2	0.07939198	0.07677851	
1192.4	0.07958536	0.07671985	
1192.6	0.07946513	0.07666123	
1192.8	0.07913984	0.07660265	
1193	0.07924403	0.07654412	
1193.2	0.07950531	0.07648563	
1193.4	0.07962347	0.07642719	
1193.6	0.07951916	0.0763688	
1193.8	0.07970757	0.07631044	
1194	0.08007321	0.07625213	
1194.2	0.08004554	0.07619387	
1194.4	0.0797324	0.07613565	
1194.6	0.07989723	0.07607748	
1194.8	0.08030522	0.07601935	
1195	0.08073127	0.07596126	
1195.2	0.08122352	0.07590322	
1195.4	0.08152648	0.07584523	
1195.6	0.08133781	0.07578727	
1195.8	0.0812831	0.07572937	
1196	0.08131061	0.0756715	
1196.2	0.08125158	0.07561368	
1196.4	0.08087184	0.07555591	
1196.6	0.08037971	0.07549818	
1196.8	0.08015735	0.07544049	
1197	0.08006463	0.07538285	
1197.2	0.07986121	0.07532525	
1197.4	0.07962478	0.07526769	
1197.6	0.07919514	0.07521018	
1197.8	0.07912912	0.07515271	
1198	0.07868267	0.07509529	
1198.2	0.07843797	0.07503791	
1198.4	0.07834594	0.07498058	
1198.6	0.0787399	0.07492328	
1198.8	0.07852251	0.07486604	
1199	0.0784933	0.07480883	
1199.2	0.07832939	0.07475167	
1199.4	0.0783559	0.07469455	
1199.6	0.07800868	0.07463748	
1199.8	0.07782946	0.07458045	
1200	0.07764382	0.07452347	
1200.2	0.07731536	0.07446652	
1200.4	0.07698951	0.07440962	
1200.6	0.07705689	0.07435277	
1200.8	0.07718422	0.07429596	
1201	0.07689492	0.07423919	
1201.2	0.07709807	0.07418246	
1201.4	0.07717959	0.07412578	
1201.6	0.0772028	0.07406914	
1201.8	0.07729106	0.07401255	
1202	0.07738207	0.073956	
1202.2	0.07725823	0.07389949	
1202.4	0.07752842	0.07384302	
1202.6	0.07764619	0.0737866	
1202.8	0.07727592	0.07373022	
1203	0.07707856	0.07367388	
1203.2	0.0772794	0.07361759	
1203.4	0.07760128	0.07356134	
1203.6	0.07742034	0.07350513	
1203.8	0.07764912	0.07344897	
1204	0.07729371	0.07339285	
1204.2	0.07727719	0.07333677	
1204.4	0.07703359	0.07328073	
1204.6	0.0774797	0.07322474	
1204.8	0.07719417	0.07316879	
1205	0.07689943	0.07311288	
1205.2	0.07757486	0.07305702	
1205.4	0.07762523	0.0730012	
1205.6	0.07755871	0.07294542	
1205.8	0.07722251	0.07288968	
1206	0.07721905	0.07283399	
1206.2	0.07722228	0.07277833	
1206.4	0.07719183	0.07272273	
1206.6	0.07691269	0.07266716	
1206.8	0.0767335	0.07261164	
1207	0.07672611	0.07255615	
1207.2	0.07691708	0.07250071	
1207.4	0.07708368	0.07244532	
1207.6	0.07672956	0.07238996	
1207.8	0.07697621	0.07233465	
1208	0.07656158	0.07227938	
1208.2	0.07634225	0.07222415	
1208.4	0.07639523	0.07216897	
1208.6	0.07658944	0.07211382	
1208.8	0.07639787	0.07205872	
1209	0.07657597	0.07200366	
1209.2	0.07680117	0.07194865	
1209.4	0.07692163	0.07189367	
1209.6	0.07655629	0.07183874	
1209.8	0.07626679	0.07178385	
1210	0.07629962	0.071729	
1210.2	0.07610342	0.07167419	
1210.4	0.07575147	0.07161943	
1210.6	0.07589636	0.0715647	
1210.8	0.07565003	0.07151002	
1211	0.07558129	0.07145538	
1211.2	0.07548733	0.07140078	
1211.4	0.07564649	0.07134623	
1211.6	0.07553678	0.07129171	
1211.8	0.07557671	0.07123724	
1212	0.07516347	0.07118281	
1212.2	0.0751018	0.07112842	
1212.4	0.07529473	0.07107407	
1212.6	0.0753692	0.07101976	
1212.8	0.07571666	0.0709655	
1213	0.07584102	0.07091127	
1213.2	0.0758995	0.07085709	
1213.4	0.07568698	0.07080295	
1213.6	0.07549167	0.07074885	
1213.8	0.07558102	0.07069479	
1214	0.07602031	0.07064078	
1214.2	0.07618063	0.0705868	
1214.4	0.07600012	0.07053287	
1214.6	0.07585312	0.07047897	
1214.8	0.07524556	0.07042512	
1215	0.07516939	0.07037131	
1215.2	0.07500023	0.07031754	
1215.4	0.07490407	0.07026381	
1215.6	0.07462277	0.07021012	
1215.8	0.07393955	0.07015648	
1216	0.07320624	0.07010287	
1216.2	0.07330425	0.07004931	
1216.4	0.07337095	0.06999578	
1216.6	0.07345508	0.0699423	
1216.8	0.07367145	0.06988886	
1217	0.07366059	0.06983546	
1217.2	0.07376146	0.0697821	
1217.4	0.07340823	0.06972878	
1217.6	0.07358568	0.0696755	
1217.8	0.0738811	0.06962226	
1218	0.07420414	0.06956906	
1218.2	0.07411441	0.06951591	
1218.4	0.07425672	0.06946279	
1218.6	0.07464276	0.06940971	
1218.8	0.07471811	0.06935668	
1219	0.07476807	0.06930368	
1219.2	0.07427032	0.06925073	
1219.4	0.07419922	0.06919782	
1219.6	0.07383754	0.06914494	
1219.8	0.0737343	0.06909211	
1220	0.07379945	0.06903932	
1220.2	0.07432902	0.06898657	
1220.4	0.07402383	0.06893385	
1220.6	0.07426497	0.06888118	
1220.8	0.07444806	0.06882855	
1221	0.07407048	0.06877596	
1221.2	0.07367297	0.06872341	
1221.4	0.07337231	0.0686709	
1221.6	0.07350052	0.06861843	
1221.8	0.07409492	0.068566	
1222	0.07400958	0.06851361	
1222.2	0.07399003	0.06846126	
1222.4	0.07447616	0.06840895	
1222.6	0.07426487	0.06835668	
1222.8	0.07402759	0.06830445	
1223	0.0734682	0.06825226	
1223.2	0.07314284	0.06820011	
1223.4	0.07305972	0.06814799	
1223.6	0.07243509	0.06809592	
1223.8	0.07231926	0.06804389	
1224	0.07227924	0.0679919	
1224.2	0.07208673	0.06793995	
1224.4	0.07170691	0.06788804	
1224.6	0.07182293	0.06783616	
1224.8	0.07123638	0.06778433	
1225	0.07079651	0.06773254	
1225.2	0.07063273	0.06768079	
1225.4	0.07093975	0.06762907	
1225.6	0.07109353	0.0675774	
1225.8	0.07105551	0.06752576	
1226	0.07094011	0.06747417	
1226.2	0.07097046	0.06742261	
1226.4	0.07132199	0.06737109	
1226.6	0.07107397	0.06731962	
1226.8	0.07116435	0.06726818	
1227	0.07098488	0.06721678	
1227.2	0.07105845	0.06716542	
1227.4	0.07075094	0.0671141	
1227.6	0.07075783	0.06706282	
1227.8	0.07091941	0.06701158	
1228	0.07128587	0.06696037	
1228.2	0.07109009	0.06690921	
1228.4	0.07115692	0.06685809	
1228.6	0.07113318	0.066807	
1228.8	0.0710917	0.06675595	
1229	0.07105781	0.06670495	
1229.2	0.07096024	0.06665398	
1229.4	0.0709008	0.06660305	
1229.6	0.07070002	0.06655216	
1229.8	0.07048618	0.06650131	
1230	0.07086732	0.06645049	
1230.2	0.07102221	0.06639972	
1230.4	0.07119079	0.06634899	
1230.6	0.07106475	0.06629829	
1230.8	0.07093256	0.06624763	
1231	0.07061612	0.06619701	
1231.2	0.07076562	0.06614643	
1231.4	0.0705705	0.06609589	
1231.6	0.07074492	0.06604539	
1231.8	0.07082981	0.06599492	
1232	0.07069601	0.0659445	
1232.2	0.07037325	0.06589411	
1232.4	0.07055111	0.06584376	
1232.6	0.07006791	0.06579345	
1232.8	0.06978822	0.06574318	
1233	0.06944745	0.06569295	
1233.2	0.06923205	0.06564275	
1233.4	0.06843575	0.06559259	
1233.6	0.06817545	0.06554248	
1233.8	0.06816536	0.0654924	
1234	0.06853142	0.06544235	
1234.2	0.06866358	0.06539235	
1234.4	0.06864865	0.06534238	
1234.6	0.06866431	0.06529246	
1234.8	0.06884117	0.06524257	
1235	0.06894339	0.06519272	
1235.2	0.06942276	0.0651429	
1235.4	0.06944506	0.06509313	
1235.6	0.06997712	0.06504339	
1235.8	0.07050398	0.06499369	
1236	0.07016166	0.06494403	
1236.2	0.0705714	0.06489441	
1236.4	0.07049157	0.06484483	
1236.6	0.07012354	0.06479528	
1236.8	0.07019714	0.06474577	
1237	0.0700025	0.0646963	
1237.2	0.06981438	0.06464686	
1237.4	0.06938177	0.06459747	
1237.6	0.06908611	0.06454811	
1237.8	0.06889438	0.06449879	
1238	0.06885741	0.06444951	
1238.2	0.068656	0.06440026	
1238.4	0.06866068	0.06435105	
1238.6	0.0683994	0.06430188	
1238.8	0.06841055	0.06425275	
1239	0.06815364	0.06420366	
1239.2	0.06824853	0.0641546	
1239.4	0.06831092	0.06410558	
1239.6	0.06888775	0.0640566	
1239.8	0.06884813	0.06400765	
1240	0.06851397	0.06395875	
1240.2	0.06863731	0.06390988	
1240.4	0.06854176	0.06386104	
1240.6	0.06846571	0.06381225	
1240.8	0.06872227	0.06376349	
1241	0.0687771	0.06371477	
1241.2	0.06886876	0.06366609	
1241.4	0.06848513	0.06361744	
1241.6	0.06826224	0.06356883	
1241.8	0.06811344	0.06352026	
1242	0.06821195	0.06347172	
1242.2	0.06828179	0.06342323	
1242.4	0.06834587	0.06337476	
1242.6	0.06808514	0.06332634	
1242.8	0.06866392	0.06327795	
1243	0.06869565	0.0632296	
1243.2	0.06879037	0.06318129	
1243.4	0.06876877	0.06313302	
1243.6	0.06846165	0.06308478	
1243.8	0.06794983	0.06303657	
1244	0.06798574	0.06298841	
1244.2	0.06746363	0.06294028	
1244.4	0.06751014	0.06289219	
1244.6	0.06720974	0.06284413	
1244.8	0.06701005	0.06279611	
1245	0.06673725	0.06274813	
1245.2	0.06618366	0.06270019	
1245.4	0.06577682	0.06265228	
1245.6	0.06596616	0.06260441	
1245.8	0.06612402	0.06255657	
1246	0.0663395	0.06250877	
1246.2	0.06644796	0.06246101	
1246.4	0.06646088	0.06241329	
1246.6	0.06688163	0.0623656	
1246.8	0.0676541	0.06231794	
1247	0.06745758	0.06227033	
1247.2	0.06761996	0.06222275	
1247.4	0.06756756	0.0621752	
1247.6	0.06704244	0.0621277	
1247.8	0.06687794	0.06208023	
1248	0.06686446	0.06203279	
1248.2	0.06655325	0.06198539	
1248.4	0.06661074	0.06193803	
1248.6	0.06621968	0.0618907	
1248.8	0.06575015	0.06184342	
1249	0.06559165	0.06179616	
1249.2	0.06530019	0.06174894	
1249.4	0.06540654	0.06170176	
1249.6	0.06575034	0.06165462	
1249.8	0.06566182	0.06160751	
1250	0.06530605	0.06156043	
1250.2	0.06521637	0.0615134	
1250.4	0.06553192	0.06146639	
1250.6	0.06589069	0.06141943	
1250.8	0.06584675	0.0613725	
1251	0.06559419	0.06132561	
1251.2	0.06618852	0.06127875	
1251.4	0.06609731	0.06123192	
1251.6	0.06562371	0.06118514	
1251.8	0.06560323	0.06113839	
1252	0.06573781	0.06109167	
1252.2	0.06572097	0.06104499	
1252.4	0.06555411	0.06099835	
1252.6	0.06564284	0.06095174	
1252.8	0.06567786	0.06090517	
1253	0.06594764	0.06085863	
1253.2	0.06620895	0.06081213	
1253.4	0.06624263	0.06076567	
1253.6	0.06623009	0.06071924	
1253.8	0.06598795	0.06067284	
1254	0.0659788	0.06062648	
1254.2	0.0656814	0.06058016	
1254.4	0.06563903	0.06053387	
1254.6	0.06528874	0.06048762	
1254.8	0.06489928	0.0604414	
1255	0.06492847	0.06039522	
1255.2	0.06501397	0.06034907	
1255.4	0.06439817	0.06030296	
1255.6	0.06413627	0.06025688	
1255.8	0.06405629	0.06021084	
1256	0.06398655	0.06016483	
1256.2	0.06428765	0.06011886	
1256.4	0.06412849	0.06007292	
1256.6	0.06442201	0.06002702	
1256.8	0.06443007	0.05998116	
1257	0.06482607	0.05993533	
1257.2	0.06490212	0.05988953	
1257.4	0.06472321	0.05984377	
1257.6	0.06455434	0.05979804	
1257.8	0.06433078	0.05975235	
1258	0.0642215	0.0597067	
1258.2	0.0640768	0.05966108	
1258.4	0.06438616	0.05961549	
1258.6	0.06451765	0.05956994	
1258.8	0.06442634	0.05952442	
1259	0.06419468	0.05947894	
1259.2	0.06381621	0.05943349	
1259.4	0.06356118	0.05938808	
1259.6	0.06319876	0.0593427	
1259.8	0.0627843	0.05929736	
1260	0.0622753	0.05925205	
1260.2	0.06227998	0.05920678	
1260.4	0.06191566	0.05916154	
1260.6	0.06201302	0.05911633	
1260.8	0.06197576	0.05907116	
1261	0.06210966	0.05902603	
1261.2	0.06170844	0.05898093	
1261.4	0.06156515	0.05893586	
1261.6	0.06166172	0.05889083	
1261.8	0.06163779	0.05884583	
1262	0.06229061	0.05880087	
1262.2	0.06294973	0.05875594	
1262.4	0.0636476	0.05871104	
1262.6	0.06391659	0.05866618	
1262.8	0.06380779	0.05862136	
1263	0.06348136	0.05857657	
1263.2	0.0637962	0.05853181	
1263.4	0.0636829	0.05848709	
1263.6	0.06332412	0.0584424	
1263.8	0.06348531	0.05839774	
1264	0.06325881	0.05835312	
1264.2	0.06365453	0.05830853	
1264.4	0.06343796	0.05826398	
1264.6	0.06316844	0.05821946	
1264.8	0.06279997	0.05817498	
1265	0.06246245	0.05813053	
1265.2	0.06219701	0.05808611	
1265.4	0.06227995	0.05804173	
1265.6	0.06227005	0.05799738	
1265.8	0.0623514	0.05795306	
1266	0.06268493	0.05790878	
1266.2	0.06304722	0.05786453	
1266.4	0.06278137	0.05782032	
1266.6	0.06279314	0.05777614	
1266.8	0.06244001	0.057732	
1267	0.062071	0.05768788	
1267.2	0.0623145	0.0576438	
1267.4	0.06208804	0.05759976	
1267.6	0.06211324	0.05755575	
1267.8	0.06256971	0.05751177	
1268	0.06253901	0.05746783	
1268.2	0.06262213	0.05742392	
1268.4	0.06245694	0.05738004	
1268.6	0.06248727	0.0573362	
1268.8	0.06240916	0.05729239	
1269	0.06234619	0.05724861	
1269.2	0.06269983	0.05720487	
1269.4	0.06257058	0.05716116	
1269.6	0.0622302	0.05711748	
1269.8	0.06255552	0.05707384	
1270	0.06256194	0.05703023	
1270.2	0.06257529	0.05698665	
1270.4	0.06190296	0.05694311	
1270.6	0.06205183	0.0568996	
1270.8	0.06149328	0.05685613	
1271	0.06125908	0.05681268	
1271.2	0.0615383	0.05676927	
1271.4	0.06175853	0.0567259	
1271.6	0.062066	0.05668255	
1271.8	0.06228879	0.05663924	
1272	0.06211524	0.05659596	
1272.2	0.06195474	0.05655272	
1272.4	0.062208	0.05650951	
1272.6	0.06194181	0.05646633	
1272.8	0.06157085	0.05642319	
1273	0.06131422	0.05638007	
1273.2	0.06140708	0.05633699	
1273.4	0.06094112	0.05629395	
1273.6	0.06076399	0.05625093	
1273.8	0.06103324	0.05620795	
1274	0.06094879	0.05616501	
1274.2	0.06065325	0.05612209	
1274.4	0.06080576	0.05607921	
1274.6	0.06104388	0.05603636	
1274.8	0.06130975	0.05599354	
1275	0.06172854	0.05595076	
1275.2	0.0620923	0.05590801	
1275.4	0.06204348	0.05586529	
1275.6	0.06190104	0.0558226	
1275.8	0.06161868	0.05577995	
1276	0.06139263	0.05573733	
1276.2	0.06171194	0.05569474	
1276.4	0.0616977	0.05565219	
1276.6	0.06116396	0.05560966	
1276.8	0.06101543	0.05556717	
1277	0.06081603	0.05552471	
1277.2	0.06053752	0.05548229	
1277.4	0.06015255	0.05543989	
1277.6	0.05988527	0.05539753	
1277.8	0.059278	0.05535521	
1278	0.05928167	0.05531291	
1278.2	0.05938605	0.05527065	
1278.4	0.05963836	0.05522841	
1278.6	0.05976811	0.05518621	
1278.8	0.05985103	0.05514405	
1279	0.05963104	0.05510191	
1279.2	0.0597816	0.05505981	
1279.4	0.05976668	0.05501774	
1279.6	0.05939924	0.0549757	
1279.8	0.05949076	0.0549337	
1280	0.05963912	0.05489172	
1280.2	0.06030967	0.05484978	
1280.4	0.06015446	0.05480787	
1280.6	0.06019887	0.05476599	
1280.8	0.06032538	0.05472415	
1281	0.0601214	0.05468233	
1281.2	0.05991765	0.05464055	
1281.4	0.05990959	0.0545988	
1281.6	0.05972549	0.05455708	
1281.8	0.05938327	0.05451539	
1282	0.05970725	0.05447374	
1282.2	0.0598181	0.05443212	
1282.4	0.05987045	0.05439053	
1282.6	0.06016235	0.05434897	
1282.8	0.06019205	0.05430744	
1283	0.0604904	0.05426594	
1283.2	0.06063343	0.05422448	
1283.4	0.06007969	0.05418305	
1283.6	0.05975285	0.05414165	
1283.8	0.06004552	0.05410028	
1284	0.06009175	0.05405894	
1284.2	0.06040059	0.05401764	
1284.4	0.06008394	0.05397636	
1284.6	0.06001587	0.05393512	
1284.8	0.0597047	0.05389391	
1285	0.05960241	0.05385273	
1285.2	0.05953326	0.05381158	
1285.4	0.05939211	0.05377046	
1285.6	0.05931725	0.05372938	
1285.8	0.05921922	0.05368832	
1286	0.05931159	0.0536473	
1286.2	0.05938653	0.05360631	
1286.4	0.05895349	0.05356535	
1286.6	0.05894206	0.05352442	
1286.8	0.05874075	0.05348352	
1287	0.05841748	0.05344266	
1287.2	0.05817028	0.05340182	
1287.4	0.05812715	0.05336102	
1287.6	0.0580197	0.05332025	
1287.8	0.05799276	0.05327951	
1288	0.05772344	0.0532388	
1288.2	0.05763961	0.05319812	
1288.4	0.05728121	0.05315747	
1288.6	0.0575814	0.05311685	
1288.8	0.05780212	0.05307627	
1289	0.05849522	0.05303571	
1289.2	0.05851162	0.05299519	
1289.4	0.05846784	0.05295469	
1289.6	0.0590363	0.05291423	
1289.8	0.05896125	0.0528738	
1290	0.05897493	0.0528334	
1290.2	0.0587428	0.05279303	
1290.4	0.05839941	0.05275269	
1290.6	0.05870629	0.05271239	
1290.8	0.0587269	0.05267211	
1291	0.05839161	0.05263186	
1291.2	0.05831544	0.05259165	
1291.4	0.05835714	0.05255146	
1291.6	0.05793521	0.05251131	
1291.8	0.05770979	0.05247119	
1292	0.05735572	0.05243109	
1292.2	0.05744435	0.05239103	
1292.4	0.05741798	0.052351	
1292.6	0.05788417	0.052311	
1292.8	0.05827594	0.05227103	
1293	0.05825668	0.05223109	
1293.2	0.0577538	0.05219118	
1293.4	0.0577774	0.0521513	
1293.6	0.05792406	0.05211145	
1293.8	0.05742973	0.05207164	
1294	0.05711742	0.05203185	
1294.2	0.05685722	0.05199209	
1294.4	0.05687391	0.05195237	
1294.6	0.05700134	0.05191267	
1294.8	0.05682604	0.051873	
1295	0.05648159	0.05183337	
1295.2	0.05658723	0.05179376	
1295.4	0.05653339	0.05175419	
1295.6	0.05634318	0.05171464	
1295.8	0.05649922	0.05167513	
1296	0.05687484	0.05163565	
1296.2	0.05674554	0.05159619	
1296.4	0.05680215	0.05155677	
1296.6	0.05714763	0.05151737	
1296.8	0.05721528	0.05147801	
1297	0.05698666	0.05143868	
1297.2	0.05703862	0.05139937	
1297.4	0.05716429	0.0513601	
1297.6	0.05683677	0.05132086	
1297.8	0.05670224	0.05128164	
1298	0.05698485	0.05124246	
1298.2	0.05715808	0.0512033	
1298.4	0.05729737	0.05116418	
1298.6	0.05726056	0.05112509	
1298.8	0.05696884	0.05108602	
1299	0.05654009	0.05104699	
1299.2	0.05631438	0.05100798	
1299.4	0.05593725	0.05096901	
1299.6	0.05577633	0.05093006	
1299.8	0.05581575	0.05089115	
1300	0.05521533	0.05085226	
1300.2	0.05464094	0.05081341	
1300.4	0.05471122	0.05077458	
1300.6	0.05473955	0.05073579	
1300.8	0.05500286	0.05069702	
1301	0.05519959	0.05065828	
1301.2	0.05548546	0.05061958	
1301.4	0.05561427	0.0505809	
1301.6	0.05588186	0.05054225	
1301.8	0.05627454	0.05050363	
1302	0.05664773	0.05046504	
1302.2	0.05669895	0.05042648	
1302.4	0.05643277	0.05038795	
1302.6	0.05618876	0.05034945	
1302.8	0.0561093	0.05031098	
1303	0.05591306	0.05027254	
1303.2	0.05572074	0.05023413	
1303.4	0.05564254	0.05019574	
1303.6	0.05522886	0.05015739	
1303.8	0.05538849	0.05011906	
1304	0.05458165	0.05008077	
1304.2	0.05448088	0.0500425	
1304.4	0.05436575	0.05000427	
1304.6	0.05454318	0.04996606	
1304.8	0.05477846	0.04992788	
1305	0.05441889	0.04988973	
1305.2	0.05469174	0.04985161	
1305.4	0.054533	0.04981352	
1305.6	0.05473434	0.04977546	
1305.8	0.0550072	0.04973743	
1306	0.05556196	0.04969942	
1306.2	0.05537264	0.04966145	
1306.4	0.0553799	0.0496235	
1306.6	0.05528599	0.04958558	
1306.8	0.0550845	0.0495477	
1307	0.05501759	0.04950984	
1307.2	0.05484666	0.04947201	
1307.4	0.0546034	0.04943421	
1307.6	0.05411609	0.04939644	
1307.8	0.05408771	0.04935869	
1308	0.05317193	0.04932098	
1308.2	0.05329895	0.04928329	
1308.4	0.05285211	0.04924564	
1308.6	0.05287529	0.04920801	
1308.8	0.05288702	0.04917041	
1309	0.05283825	0.04913284	
1309.2	0.05313707	0.0490953	
1309.4	0.05306029	0.04905778	
1309.6	0.05360961	0.0490203	
1309.8	0.05370373	0.04898284	
1310	0.05351709	0.04894542	
1310.2	0.05314414	0.04890802	
1310.4	0.05332809	0.04887065	
1310.6	0.05293464	0.04883331	
1310.8	0.05292213	0.04879599	
1311	0.05305929	0.04875871	
1311.2	0.05295638	0.04872145	
1311.4	0.05258814	0.04868423	
1311.6	0.05228027	0.04864703	
1311.8	0.05238881	0.04860986	
1312	0.05204429	0.04857271	
1312.2	0.05227946	0.0485356	
1312.4	0.05232428	0.04849851	
1312.6	0.05245033	0.04846146	
1312.8	0.05293817	0.04842443	
1313	0.05306574	0.04838743	
1313.2	0.05292537	0.04835046	
1313.4	0.05297117	0.04831351	
1313.6	0.0530693	0.0482766	
1313.8	0.05323971	0.04823971	
1314	0.05352607	0.04820285	
1314.2	0.05406118	0.04816602	
1314.4	0.05423334	0.04812922	
1314.6	0.0547927	0.04809244	
1314.8	0.05471981	0.04805569	
1315	0.05464652	0.04801898	
1315.2	0.05407731	0.04798228	
1315.4	0.05318109	0.04794562	
1315.6	0.05285701	0.04790899	
1315.8	0.05257629	0.04787238	
1316	0.05197266	0.0478358	
1316.2	0.05177994	0.04779925	
1316.4	0.05134594	0.04776273	
1316.6	0.05113814	0.04772623	
1316.8	0.05126242	0.04768977	
1317	0.05041273	0.04765333	
1317.2	0.05021495	0.04761692	
1317.4	0.05025948	0.04758053	
1317.6	0.05023179	0.04754418	
1317.8	0.05059434	0.04750785	
1318	0.05085227	0.04747155	
1318.2	0.05122455	0.04743528	
1318.4	0.05161641	0.04739903	
1318.6	0.05187373	0.04736282	
1318.8	0.05149408	0.04732663	
1319	0.0515976	0.04729046	
1319.2	0.05106448	0.04725433	
1319.4	0.05069755	0.04721822	
1319.6	0.05081158	0.04718214	
1319.8	0.05068315	0.04714609	
1320	0.0506318	0.04711007	
1320.2	0.05081645	0.04707407	
1320.4	0.0506973	0.04703811	
1320.6	0.05107199	0.04700216	
1320.8	0.05072667	0.04696625	
1321	0.05056388	0.04693036	
1321.2	0.0508067	0.04689451	
1321.4	0.05078589	0.04685867	
1321.6	0.05098772	0.04682287	
1321.8	0.05136635	0.04678709	
1322	0.0519985	0.04675134	
1322.2	0.05221082	0.04671562	
1322.4	0.05240141	0.04667993	
1322.6	0.05227262	0.04664426	
1322.8	0.05220536	0.04660862	
1323	0.05187338	0.04657301	
1323.2	0.05135392	0.04653742	
1323.4	0.05103457	0.04650186	
1323.6	0.05075582	0.04646633	
1323.8	0.05048816	0.04643083	
1324	0.04992527	0.04639535	
1324.2	0.04981814	0.0463599	
1324.4	0.04929416	0.04632448	
1324.6	0.04947446	0.04628908	
1324.8	0.04913681	0.04625371	
1325	0.04903933	0.04621837	
1325.2	0.04904262	0.04618305	
1325.4	0.04925752	0.04614777	
1325.6	0.04936295	0.04611251	
1325.8	0.04941488	0.04607727	
1326	0.04947059	0.04604206	
1326.2	0.04906952	0.04600688	
1326.4	0.04932885	0.04597173	
1326.6	0.04955351	0.0459366	
1326.8	0.04967426	0.0459015	
1327	0.04969532	0.04586643	
1327.2	0.04974595	0.04583139	
1327.4	0.04970881	0.04579637	
1327.6	0.04949411	0.04576137	
1327.8	0.0492892	0.04572641	
1328	0.04922523	0.04569147	
1328.2	0.04946511	0.04565656	
1328.4	0.04942869	0.04562167	
1328.6	0.04962062	0.04558681	
1328.8	0.04934111	0.04555198	
1329	0.0494024	0.04551718	
1329.2	0.04967787	0.0454824	
1329.4	0.04961285	0.04544764	
1329.6	0.04958095	0.04541292	
1329.8	0.04944249	0.04537822	
1330	0.04935011	0.04534355	
1330.2	0.04940785	0.0453089	
1330.4	0.05013631	0.04527428	
1330.6	0.05038704	0.04523969	
1330.8	0.05066442	0.04520512	
1331	0.05025955	0.04517058	
1331.2	0.05007984	0.04513606	
1331.4	0.05023529	0.04510158	
1331.6	0.05017774	0.04506711	
1331.8	0.05005935	0.04503268	
1332	0.05023774	0.04499827	
1332.2	0.05034106	0.04496389	
1332.4	0.05004039	0.04492953	
1332.6	0.04957319	0.0448952	
1332.8	0.04940047	0.0448609	
1333	0.04965555	0.04482662	
1333.2	0.04937916	0.04479237	
1333.4	0.04957865	0.04475814	
1333.6	0.04923986	0.04472394	
1333.8	0.04899764	0.04468977	
1334	0.04885872	0.04465562	
1334.2	0.049053	0.0446215	
1334.4	0.04925076	0.04458741	
1334.6	0.04899429	0.04455334	
1334.8	0.04918284	0.0445193	
1335	0.04917513	0.04448528	
1335.2	0.0493734	0.04445129	
1335.4	0.05000489	0.04441733	
1335.6	0.05022325	0.04438339	
1335.8	0.05057358	0.04434947	
1336	0.05089758	0.04431559	
1336.2	0.05094988	0.04428173	
1336.4	0.0506738	0.04424789	
1336.6	0.05055372	0.04421408	
1336.8	0.05040255	0.0441803	
1337	0.05029332	0.04414654	
1337.2	0.04975012	0.04411281	
1337.4	0.04953903	0.0440791	
1337.6	0.04841179	0.04404542	
1337.8	0.04804658	0.04401177	
1338	0.04753325	0.04397814	
1338.2	0.04731774	0.04394454	
1338.4	0.04659515	0.04391096	
1338.6	0.04659683	0.04387741	
1338.8	0.04689393	0.04384388	
1339	0.04688852	0.04381038	
1339.2	0.04655287	0.04377691	
1339.4	0.04680964	0.04374346	
1339.6	0.0468186	0.04371003	
1339.8	0.04690755	0.04367663	
1340	0.04647303	0.04364326	
1340.2	0.04631896	0.04360991	
1340.4	0.04615609	0.04357659	
1340.6	0.04650209	0.0435433	
1340.8	0.04680235	0.04351003	
1341	0.04685012	0.04347678	
1341.2	0.04673871	0.04344356	
1341.4	0.04691013	0.04341037	
1341.6	0.04681156	0.0433772	
1341.8	0.04726894	0.04334405	
1342	0.04735456	0.04331093	
1342.2	0.04731421	0.04327784	
1342.4	0.04767147	0.04324477	
1342.6	0.04821591	0.04321173	
1342.8	0.04827871	0.04317871	
1343	0.0480226	0.04314572	
1343.2	0.04752553	0.04311275	
1343.4	0.04756374	0.04307981	
1343.6	0.04706849	0.04304689	
1343.8	0.04681157	0.043014	
1344	0.04643063	0.04298114	
1344.2	0.04686017	0.04294829	
1344.4	0.04709687	0.04291548	
1344.6	0.04733598	0.04288269	
1344.8	0.04732362	0.04284992	
1345	0.04685115	0.04281718	
1345.2	0.0467538	0.04278446	
1345.4	0.04696819	0.04275177	
1345.6	0.04694515	0.04271911	
1345.8	0.04696962	0.04268647	
1346	0.04681014	0.04265385	
1346.2	0.04701363	0.04262126	
1346.4	0.04752346	0.04258869	
1346.6	0.04734982	0.04255615	
1346.8	0.04697438	0.04252363	
1347	0.04692687	0.04249114	
1347.2	0.04672229	0.04245868	
1347.4	0.04628818	0.04242623	
1347.6	0.04575127	0.04239382	
1347.8	0.04569099	0.04236142	
1348	0.04540392	0.04232906	
1348.2	0.0454155	0.04229671	
1348.4	0.04482124	0.04226439	
1348.6	0.04445635	0.0422321	
1348.8	0.04419654	0.04219983	
1349	0.04360191	0.04216759	
1349.2	0.04356829	0.04213537	
1349.4	0.04377332	0.04210317	
1349.6	0.0437743	0.042071	
1349.8	0.04372283	0.04203886	
1350	0.04389027	0.04200673	
1350.2	0.04415148	0.04197464	
1350.4	0.04423676	0.04194257	
1350.6	0.04414153	0.04191052	
1350.8	0.04409174	0.04187849	
1351	0.04451169	0.0418465	
1351.2	0.04454358	0.04181452	
1351.4	0.04401167	0.04178257	
1351.6	0.04394899	0.04175065	
1351.8	0.04366401	0.04171875	
1352	0.0437099	0.04168687	
1352.2	0.04390266	0.04165502	
1352.4	0.04384532	0.04162319	
1352.6	0.04403446	0.04159138	
1352.8	0.0438091	0.0415596	
1353	0.04387269	0.04152785	
1353.2	0.04433088	0.04149612	
1353.4	0.04463529	0.04146441	
1353.6	0.04468348	0.04143273	
1353.8	0.04459688	0.04140107	
1354	0.04496015	0.04136944	
1354.2	0.0449325	0.04133783	
1354.4	0.04507483	0.04130624	
1354.6	0.04521047	0.04127468	
1354.8	0.0450915	0.04124314	
1355	0.04528088	0.04121163	
1355.2	0.04549922	0.04118014	
1355.4	0.04511965	0.04114868	
1355.6	0.0451221	0.04111723	
1355.8	0.04504917	0.04108582	
1356	0.04516983	0.04105442	
1356.2	0.04513182	0.04102305	
1356.4	0.04504448	0.04099171	
1356.6	0.04509914	0.04096039	
1356.8	0.04491789	0.04092909	
1357	0.04460472	0.04089782	
1357.2	0.04480454	0.04086657	
1357.4	0.04433978	0.04083534	
1357.6	0.04437072	0.04080414	
1357.8	0.04415249	0.04077296	
1358	0.0443092	0.04074181	
1358.2	0.04375459	0.04071068	
1358.4	0.04354132	0.04067957	
1358.6	0.04329064	0.04064849	
1358.8	0.04311492	0.04061743	
1359	0.04328745	0.0405864	
1359.2	0.04349418	0.04055538	
1359.4	0.04314745	0.0405244	
1359.6	0.04323849	0.04049343	
1359.8	0.0431429	0.04046249	
1360	0.04316142	0.04043157	
1360.2	0.04349531	0.04040068	
1360.4	0.04400108	0.04036981	
1360.6	0.04424117	0.04033897	
1360.8	0.04400116	0.04030814	
1361	0.04369624	0.04027734	
1361.2	0.04430736	0.04024657	
1361.4	0.04425692	0.04021582	
1361.6	0.04449752	0.04018509	
1361.8	0.04433654	0.04015438	
1362	0.04424483	0.0401237	
1362.2	0.04406059	0.04009304	
1362.4	0.04382258	0.04006241	
1362.6	0.04393527	0.0400318	
1362.8	0.0439981	0.04000121	
1363	0.04398578	0.03997065	
1363.2	0.04352859	0.03994011	
1363.4	0.04307802	0.03990959	
1363.6	0.04290599	0.03987909	
1363.8	0.04263038	0.03984862	
1364	0.04252111	0.03981817	
1364.2	0.04278144	0.03978775	
1364.4	0.04269596	0.03975735	
1364.6	0.0423311	0.03972697	
1364.8	0.04194322	0.03969662	
1365	0.04170133	0.03966628	
1365.2	0.04197238	0.03963598	
1365.4	0.04179934	0.03960569	
1365.6	0.0416143	0.03957543	
1365.8	0.04179863	0.03954519	
1366	0.04201201	0.03951497	
1366.2	0.04202915	0.03948478	
1366.4	0.04212052	0.03945461	
1366.6	0.04228099	0.03942446	
1366.8	0.0427078	0.03939434	
1367	0.04330487	0.03936424	
1367.2	0.04300504	0.03933416	
1367.4	0.04344679	0.03930411	
1367.6	0.04332034	0.03927407	
1367.8	0.04282909	0.03924407	
1368	0.04267063	0.03921408	
1368.2	0.0423284	0.03918412	
1368.4	0.04183663	0.03915418	
1368.6	0.04128226	0.03912426	
1368.8	0.04101079	0.03909437	
1369	0.04068783	0.03906449	
1369.2	0.04039146	0.03903465	
1369.4	0.04024334	0.03900482	
1369.6	0.04033399	0.03897502	
1369.8	0.0401956	0.03894524	
1370	0.04016597	0.03891548	
1370.2	0.0400592	0.03888574	
1370.4	0.04019268	0.03885603	
1370.6	0.0399768	0.03882634	
1370.8	0.04068262	0.03879668	
1371	0.04092379	0.03876703	
1371.2	0.04044256	0.03873741	
1371.4	0.04072734	0.03870781	
1371.6	0.04022106	0.03867824	
1371.8	0.03980421	0.03864868	
1372	0.0397251	0.03861915	
1372.2	0.03978293	0.03858964	
1372.4	0.0396301	0.03856016	
1372.6	0.03974578	0.03853069	
1372.8	0.04004453	0.03850125	
1373	0.03979861	0.03847183	
1373.2	0.03999387	0.03844244	
1373.4	0.04031187	0.03841307	
1373.6	0.04101678	0.03838371	
1373.8	0.04126578	0.03835439	
1374	0.0412928	0.03832508	
1374.2	0.04166233	0.0382958	
1374.4	0.04147985	0.03826653	
1374.6	0.04123577	0.0382373	
1374.8	0.04135797	0.03820808	
1375	0.04116006	0.03817888	
1375.2	0.04101868	0.03814971	
1375.4	0.0406438	0.03812056	
1375.6	0.04014449	0.03809144	
1375.8	0.04023985	0.03806233	
1376	0.03991108	0.03803325	
1376.2	0.04005111	0.03800419	
1376.4	0.0397733	0.03797515	
1376.6	0.03995658	0.03794613	
1376.8	0.03976585	0.03791714	
1377	0.03997485	0.03788817	
1377.2	0.04035125	0.03785922	
1377.4	0.0404018	0.03783029	
1377.6	0.04107503	0.03780138	
1377.8	0.04103063	0.0377725	
1378	0.04135139	0.03774364	
1378.2	0.04180367	0.0377148	
1378.4	0.04141713	0.03768598	
1378.6	0.04125808	0.03765719	
1378.8	0.04089088	0.03762841	
1379	0.0407087	0.03759966	
1379.2	0.04052072	0.03757093	
1379.4	0.04003281	0.03754222	
1379.6	0.03983704	0.03751354	
1379.8	0.04024889	0.03748488	
1380	0.0399035	0.03745623	
1380.2	0.04018469	0.03742761	
1380.4	0.04031717	0.03739902	
1380.6	0.04052909	0.03737044	
1380.8	0.04064609	0.03734189	
1381	0.04084254	0.03731335	
1381.2	0.04045337	0.03728484	
1381.4	0.04036797	0.03725635	
1381.6	0.04028185	0.03722789	
1381.8	0.04013704	0.03719944	
1382	0.03999622	0.03717102	
1382.2	0.0396274	0.03714262	
1382.4	0.03922513	0.03711424	
1382.6	0.03900324	0.03708588	
1382.8	0.03867735	0.03705754	
1383	0.03869755	0.03702922	
1383.2	0.03874609	0.03700093	
1383.4	0.03867685	0.03697266	
1383.6	0.03890526	0.03694441	
1383.8	0.03939357	0.03691618	
1384	0.03981784	0.03688797	
1384.2	0.03989104	0.03685979	
1384.4	0.04022119	0.03683162	
1384.6	0.04018894	0.03680348	
1384.8	0.03995952	0.03677536	
1385	0.03978921	0.03674726	
1385.2	0.03952532	0.03671918	
1385.4	0.03943027	0.03669113	
1385.6	0.03922768	0.03666309	
1385.8	0.03877716	0.03663508	
1386	0.03835781	0.03660708	
1386.2	0.03827159	0.03657911	
1386.4	0.03839202	0.03655116	
1386.6	0.03835692	0.03652324	
1386.8	0.03818377	0.03649533	
1387	0.03812955	0.03646744	
1387.2	0.03843839	0.03643958	
1387.4	0.03848158	0.03641174	
1387.6	0.03853867	0.03638391	
1387.8	0.03810249	0.03635611	
1388	0.03841587	0.03632833	
1388.2	0.03789164	0.03630058	
1388.4	0.03808361	0.03627284	
1388.6	0.03772705	0.03624512	
1388.8	0.03777662	0.03621743	
1389	0.03791496	0.03618976	
1389.2	0.03768367	0.0361621	
1389.4	0.03776126	0.03613447	
1389.6	0.03786175	0.03610686	
1389.8	0.0373885	0.03607927	
1390	0.03743224	0.03605171	
1390.2	0.03762404	0.03602416	
1390.4	0.03821607	0.03599663	
1390.6	0.0380639	0.03596913	
1390.8	0.03827899	0.03594165	
1391	0.03860479	0.03591418	
1391.2	0.03892845	0.03588674	
1391.4	0.03890616	0.03585932	
1391.6	0.03890038	0.03583192	
1391.8	0.03890817	0.03580454	
1392	0.03919122	0.03577719	
1392.2	0.03925632	0.03574985	
1392.4	0.03894099	0.03572253	
1392.6	0.0385365	0.03569524	
1392.8	0.03870635	0.03566796	
1393	0.03835169	0.03564071	
1393.2	0.03808029	0.03561348	
1393.4	0.03814015	0.03558627	
1393.6	0.03830567	0.03555907	
1393.8	0.03793192	0.0355319	
1394	0.0380244	0.03550475	
1394.2	0.03813786	0.03547763	
1394.4	0.03812441	0.03545052	
1394.6	0.03820893	0.03542343	
1394.8	0.03858812	0.03539636	
1395	0.03860397	0.03536932	
1395.2	0.03856106	0.03534229	
1395.4	0.03844547	0.03531529	
1395.6	0.03794347	0.0352883	
1395.8	0.0374628	0.03526134	
1396	0.03696577	0.0352344	
1396.2	0.03635234	0.03520748	
1396.4	0.03549576	0.03518057	
1396.6	0.03549235	0.03515369	
1396.8	0.03548981	0.03512683	
1397	0.03482983	0.03509999	
1397.2	0.03473714	0.03507317	
1397.4	0.03485176	0.03504638	
1397.6	0.03522509	0.0350196	
1397.8	0.03519589	0.03499284	
1398	0.0355575	0.0349661	
1398.2	0.03572972	0.03493938	
1398.4	0.03606573	0.03491269	
1398.6	0.03675081	0.03488601	
1398.8	0.03717799	0.03485935	
1399	0.03729084	0.03483272	
1399.2	0.03691289	0.0348061	
1399.4	0.03644476	0.03477951	
1399.6	0.03603897	0.03475293	
1399.8	0.03596363	0.03472638	
1400	0.03596629	0.03469985	
1400.2	0.03554816	0.03467333	
1400.4	0.03577975	0.03464684	
1400.6	0.03544715	0.03462037	
1400.8	0.03525127	0.03459391	
1401	0.03525565	0.03456748	
1401.2	0.03548615	0.03454107	
1401.4	0.03561005	0.03451468	
1401.6	0.03579909	0.0344883	
1401.8	0.03590075	0.03446195	
1402	0.03579111	0.03443562	
1402.2	0.03632142	0.03440931	
1402.4	0.03631978	0.03438302	
1402.6	0.03670155	0.03435674	
1402.8	0.03686661	0.03433049	
1403	0.03657772	0.03430426	
1403.2	0.03619612	0.03427805	
1403.4	0.03622875	0.03425186	
1403.6	0.03616498	0.03422569	
1403.8	0.03609168	0.03419954	
1404	0.03607409	0.0341734	
1404.2	0.03544121	0.03414729	
1404.4	0.03516749	0.0341212	
1404.6	0.0345537	0.03409513	
1404.8	0.03481545	0.03406908	
1405	0.03514127	0.03404305	
1405.2	0.03514482	0.03401703	
1405.4	0.03524346	0.03399104	
1405.6	0.03546156	0.03396507	
1405.8	0.03529518	0.03393912	
1406	0.03519686	0.03391319	
1406.2	0.03514784	0.03388727	
1406.4	0.0349102	0.03386138	
1406.6	0.03551394	0.03383551	
1406.8	0.03557033	0.03380965	
1407	0.03594103	0.03378382	
1407.2	0.03628986	0.03375801	
1407.4	0.03633559	0.03373221	
1407.6	0.03647769	0.03370644	
1407.8	0.03660952	0.03368068	
1408	0.0362356	0.03365495	
1408.2	0.03589442	0.03362923	
1408.4	0.03590907	0.03360354	
1408.6	0.03578681	0.03357786	
1408.8	0.03611841	0.03355221	
1409	0.03635022	0.03352657	
1409.2	0.03593849	0.03350095	
1409.4	0.03627908	0.03347535	
1409.6	0.0358487	0.03344978	
1409.8	0.03524579	0.03342422	
1410	0.03473666	0.03339868	
1410.2	0.0339742	0.03337316	
1410.4	0.03393763	0.03334766	
1410.6	0.03385639	0.03332218	
1410.8	0.03375121	0.03329672	
1411	0.03432945	0.03327128	
1411.2	0.03432266	0.03324585	
1411.4	0.0341587	0.03322045	
1411.6	0.0342981	0.03319507	
1411.8	0.03421382	0.0331697	
1412	0.03428105	0.03314436	
1412.2	0.03484813	0.03311903	
1412.4	0.03489733	0.03309373	
1412.6	0.03455155	0.03306844	
1412.8	0.0346843	0.03304317	
1413	0.03447137	0.03301793	
1413.2	0.03412161	0.0329927	
1413.4	0.03452957	0.03296749	
1413.6	0.03407432	0.0329423	
1413.8	0.03361776	0.03291713	
1414	0.03323799	0.03289198	
1414.2	0.03308895	0.03286684	
1414.4	0.03326298	0.03284173	
1414.6	0.0338461	0.03281664	
1414.8	0.03388723	0.03279156	
1415	0.0342939	0.03276651	
1415.2	0.03390233	0.03274147	
1415.4	0.03386557	0.03271645	
1415.6	0.03419175	0.03269145	
1415.8	0.03428942	0.03266648	
1416	0.03450042	0.03264152	
1416.2	0.03432553	0.03261657	
1416.4	0.03391458	0.03259165	
1416.6	0.03333856	0.03256675	
1416.8	0.03311984	0.03254187	
1417	0.03263684	0.032517	
1417.2	0.03248904	0.03249216	
1417.4	0.03264022	0.03246733	
1417.6	0.03287042	0.03244252	
1417.8	0.03298666	0.03241773	
1418	0.0336845	0.03239296	
1418.2	0.03436494	0.03236821	
1418.4	0.03447082	0.03234348	
1418.6	0.03484475	0.03231877	
1418.8	0.03479269	0.03229407	
1419	0.0348301	0.0322694	
1419.2	0.03460439	0.03224474	
1419.4	0.03451676	0.0322201	
1419.6	0.0346326	0.03219548	
1419.8	0.03404274	0.03217088	
1420	0.03389613	0.0321463	
1420.2	0.03354084	0.03212174	
1420.4	0.03337959	0.03209719	
1420.6	0.0328324	0.03207267	
1420.8	0.03251486	0.03204816	
1421	0.03185987	0.03202368	
1421.2	0.03174329	0.03199921	
1421.4	0.03176892	0.03197476	
1421.6	0.03202145	0.03195033	
1421.8	0.03193122	0.03192591	
1422	0.03232406	0.03190152	
1422.2	0.03254642	0.03187714	
1422.4	0.03234732	0.03185279	
1422.6	0.03279798	0.03182845	
1422.8	0.03297572	0.03180413	
1423	0.03304795	0.03177983	
1423.2	0.03323563	0.03175554	
1423.4	0.03348281	0.03173128	
1423.6	0.0337778	0.03170703	
1423.8	0.03355706	0.03168281	
1424	0.03402979	0.0316586	
1424.2	0.0343363	0.03163441	
1424.4	0.03463441	0.03161024	
1424.6	0.03431029	0.03158608	
1424.8	0.0338804	0.03156195	
1425	0.03333478	0.03153783	
1425.2	0.03344283	0.03151374	
1425.4	0.03333863	0.03148966	
1425.6	0.03307673	0.0314656	
1425.8	0.03301705	0.03144155	
1426	0.03340942	0.03141753	
1426.2	0.03327444	0.03139352	
1426.4	0.03315094	0.03136954	
1426.6	0.03327816	0.03134557	
1426.8	0.0334467	0.03132162	
1427	0.03332578	0.03129768	
1427.2	0.03326449	0.03127377	
1427.4	0.03280943	0.03124987	
1427.6	0.03238606	0.031226	
1427.8	0.03236529	0.03120214	
1428	0.03245266	0.0311783	
1428.2	0.03257087	0.03115447	
1428.4	0.0324688	0.03113067	
1428.6	0.03213354	0.03110688	
1428.8	0.03193939	0.03108311	
1429	0.03188314	0.03105936	
1429.2	0.03201942	0.03103563	
1429.4	0.03201418	0.03101192	
1429.6	0.03209555	0.03098822	
1429.8	0.03248867	0.03096454	
1430	0.03235864	0.03094088	
1430.2	0.03232172	0.03091724	
1430.4	0.03248933	0.03089362	
1430.6	0.03237914	0.03087001	
1430.8	0.0322807	0.03084643	
1431	0.03184113	0.03082286	
1431.2	0.03200892	0.03079931	
1431.4	0.03145401	0.03077577	
1431.6	0.03170535	0.03075226	
1431.8	0.03168351	0.03072876	
1432	0.03170098	0.03070528	
1432.2	0.03150199	0.03068182	
1432.4	0.03134933	0.03065838	
1432.6	0.03122905	0.03063495	
1432.8	0.03095603	0.03061154	
1433	0.03068024	0.03058815	
1433.2	0.03090546	0.03056478	
1433.4	0.03080625	0.03054143	
1433.6	0.03078546	0.03051809	
1433.8	0.03074526	0.03049477	
1434	0.03031445	0.03047147	
1434.2	0.0307703	0.03044819	
1434.4	0.0307504	0.03042492	
1434.6	0.03124244	0.03040168	
1434.8	0.03142127	0.03037845	
1435	0.03168068	0.03035523	
1435.2	0.03192767	0.03033204	
1435.4	0.03170938	0.03030886	
1435.6	0.03195908	0.03028571	
1435.8	0.03151261	0.03026256	
1436	0.03163205	0.03023944	
1436.2	0.03142972	0.03021634	
1436.4	0.03154753	0.03019325	
1436.6	0.031705	0.03017018	
1436.8	0.03159859	0.03014713	
1437	0.03147588	0.03012409	
1437.2	0.03164238	0.03010107	
1437.4	0.03129145	0.03007807	
1437.6	0.03160619	0.03005509	
1437.8	0.03176836	0.03003213	
1438	0.03183588	0.03000918	
1438.2	0.03221909	0.02998625	
1438.4	0.03223673	0.02996334	
1438.6	0.03245032	0.02994044	
1438.8	0.03206347	0.02991757	
1439	0.03187883	0.02989471	
1439.2	0.03152213	0.02987186	
1439.4	0.03117726	0.02984904	
1439.6	0.03091428	0.02982623	
1439.8	0.03040834	0.02980344	
