Conc1	1.25E-08	
Start1	1020	
Stop1	1439.8	
Kobs	0.00407743624399587	
Error Kobs	4.86367150944756E-05	
Koff	0	
Error Koff	0	
Time1	Data1	Fit1	
1020	0.00575038	0	
1020.2	0.00519528	0.00029245	
1020.4	0.00475466	0.00058308	
1020.6	0.00414746	0.00087189	
1020.8	0.00406939	0.0011589	
1021	0.00404233	0.00144412	
1021.2	0.00383644	0.00172756	
1021.4	0.00392298	0.00200924	
1021.6	0.00374296	0.00228915	
1021.8	0.00359785	0.00256733	
1022	0.00313277	0.00284376	
1022.2	0.00366332	0.00311847	
1022.4	0.00328108	0.00339147	
1022.6	0.00358112	0.00366277	
1022.8	0.0030676	0.00393237	
1023	0.00333087	0.00420029	
1023.2	0.00355988	0.00446654	
1023.4	0.00409658	0.00473113	
1023.6	0.00438806	0.00499407	
1023.8	0.00397827	0.00525537	
1024	0.00392594	0.00551504	
1024.2	0.0033921	0.00577309	
1024.4	0.00344302	0.00602953	
1024.6	0.00364535	0.00628437	
1024.8	0.00444955	0.00653762	
1025	0.00457319	0.00678929	
1025.2	0.00468909	0.00703939	
1025.4	0.00500441	0.00728793	
1025.6	0.00499649	0.00753492	
1025.8	0.00500139	0.00778037	
1026	0.00497521	0.00802429	
1026.2	0.00569198	0.00826669	
1026.4	0.00551005	0.00850758	
1026.6	0.00617878	0.00874696	
1026.8	0.00599848	0.00898485	
1027	0.00715261	0.00922125	
1027.2	0.00703556	0.00945619	
1027.4	0.00779624	0.00968965	
1027.6	0.00820698	0.00992166	
1027.8	0.00792937	0.01015223	
1028	0.00798501	0.01038135	
1028.2	0.0080036	0.01060905	
1028.4	0.00865191	0.01083532	
1028.6	0.00897873	0.01106018	
1028.8	0.00972967	0.01128365	
1029	0.00951349	0.01150571	
1029.2	0.00992516	0.0117264	
1029.4	0.00950625	0.0119457	
1029.6	0.00982899	0.01216364	
1029.8	0.00973826	0.01238022	
1030	0.00993917	0.01259544	
1030.2	0.01004006	0.01280933	
1030.4	0.01040267	0.01302188	
1030.6	0.01091546	0.01323311	
1030.8	0.01078518	0.01344301	
1031	0.01175484	0.01365161	
1031.2	0.01142643	0.01385891	
1031.4	0.01235162	0.01406491	
1031.6	0.01231521	0.01426963	
1031.8	0.01219962	0.01447307	
1032	0.01224983	0.01467525	
1032.2	0.01253378	0.01487616	
1032.4	0.01299794	0.01507582	
1032.6	0.01336184	0.01527423	
1032.8	0.01376158	0.01547141	
1033	0.01305599	0.01566735	
1033.2	0.01360587	0.01586208	
1033.4	0.01312257	0.01605558	
1033.6	0.01394007	0.01624789	
1033.8	0.01405347	0.01643899	
1034	0.01434481	0.0166289	
1034.2	0.01431563	0.01681763	
1034.4	0.0143407	0.01700517	
1034.6	0.01477031	0.01719155	
1034.8	0.01496965	0.01737677	
1035	0.01585121	0.01756083	
1035.2	0.01572009	0.01774374	
1035.4	0.01660655	0.01792552	
1035.6	0.01648269	0.01810615	
1035.8	0.01693852	0.01828567	
1036	0.01743089	0.01846406	
1036.2	0.01791511	0.01864134	
1036.4	0.01837613	0.01881751	
1036.6	0.01841406	0.01899258	
1036.8	0.01892415	0.01916657	
1037	0.01870012	0.01933946	
1037.2	0.01951524	0.01951128	
1037.4	0.01887942	0.01968203	
1037.6	0.01946471	0.01985171	
1037.8	0.01899187	0.02002033	
1038	0.01864964	0.02018791	
1038.2	0.01856142	0.02035443	
1038.4	0.01803097	0.02051992	
1038.6	0.01851619	0.02068437	
1038.8	0.01871146	0.0208478	
1039	0.01917017	0.02101021	
1039.2	0.01837868	0.02117161	
1039.4	0.01908174	0.021332	
1039.6	0.01861973	0.02149139	
1039.8	0.01932287	0.02164979	
1040	0.01952565	0.0218072	
1040.2	0.02015372	0.02196362	
1040.4	0.02009693	0.02211907	
1040.6	0.02054895	0.02227355	
1040.8	0.0217022	0.02242707	
1041	0.02139632	0.02257963	
1041.2	0.02221317	0.02273124	
1041.4	0.02137901	0.0228819	
1041.6	0.0223793	0.02303162	
1041.8	0.02194619	0.02318041	
1042	0.02249442	0.02332827	
1042.2	0.02268965	0.02347521	
1042.4	0.02277664	0.02362123	
1042.6	0.02308335	0.02376634	
1042.8	0.02317488	0.02391055	
1043	0.02309154	0.02405385	
1043.2	0.02287026	0.02419627	
1043.4	0.02344845	0.02433779	
1043.6	0.02286262	0.02447843	
1043.8	0.0232756	0.02461819	
1044	0.02337886	0.02475709	
1044.2	0.02417003	0.02489511	
1044.4	0.02412036	0.02503228	
1044.6	0.02525489	0.02516859	
1044.8	0.02553591	0.02530405	
1045	0.02545551	0.02543866	
1045.2	0.02608819	0.02557243	
1045.4	0.02561997	0.02570537	
1045.6	0.02684668	0.02583749	
1045.8	0.02655492	0.02596877	
1046	0.02733727	0.02609924	
1046.2	0.02738408	0.02622889	
1046.4	0.02735383	0.02635774	
1046.6	0.02658103	0.02648578	
1046.8	0.0271634	0.02661302	
1047	0.02732628	0.02673947	
1047.2	0.02723676	0.02686513	
1047.4	0.02687768	0.02699001	
1047.6	0.02628026	0.02711411	
1047.8	0.02641726	0.02723743	
1048	0.02649762	0.02735999	
1048.2	0.02685438	0.02748178	
1048.4	0.02657576	0.02760281	
1048.6	0.02709538	0.02772308	
1048.8	0.0267169	0.02784261	
1049	0.02719292	0.02796139	
1049.2	0.02750236	0.02807943	
1049.4	0.02753912	0.02819673	
1049.6	0.02819791	0.0283133	
1049.8	0.02811152	0.02842914	
1050	0.02877602	0.02854426	
1050.2	0.02868994	0.02865867	
1050.4	0.02870682	0.02877236	
1050.6	0.02838816	0.02888534	
1050.8	0.02962259	0.02899761	
1051	0.0292338	0.02910919	
1051.2	0.02949645	0.02922007	
1051.4	0.0292319	0.02933026	
1051.6	0.02910668	0.02943976	
1051.8	0.02921428	0.02954857	
1052	0.0288432	0.02965671	
1052.2	0.02898608	0.02976418	
1052.4	0.0286087	0.02987097	
1052.6	0.02908064	0.0299771	
1052.8	0.02876731	0.03008256	
1053	0.02954556	0.03018737	
1053.2	0.02927014	0.03029152	
1053.4	0.02973497	0.03039503	
1053.6	0.0300397	0.03049789	
1053.8	0.03027534	0.0306001	
1054	0.03092418	0.03070168	
1054.2	0.03066829	0.03080263	
1054.4	0.03135485	0.03090295	
1054.6	0.03092773	0.03100264	
1054.8	0.03149078	0.03110171	
1055	0.03104194	0.03120016	
1055.2	0.03182497	0.03129799	
1055.4	0.03141155	0.03139522	
1055.6	0.03162345	0.03149184	
1055.8	0.03147398	0.03158786	
1056	0.03158427	0.03168328	
1056.2	0.03212182	0.0317781	
1056.4	0.0319833	0.03187233	
1056.6	0.03258805	0.03196597	
1056.8	0.03239245	0.03205903	
1057	0.03319638	0.03215151	
1057.2	0.03302115	0.03224342	
1057.4	0.03413087	0.03233475	
1057.6	0.03447174	0.03242551	
1057.8	0.03482156	0.0325157	
1058	0.03502025	0.03260533	
1058.2	0.03489432	0.0326944	
1058.4	0.03514672	0.03278292	
1058.6	0.03415714	0.03287088	
1058.8	0.0341655	0.0329583	
1059	0.03354388	0.03304517	
1059.2	0.03365117	0.0331315	
1059.4	0.03277205	0.03321729	
1059.6	0.03290421	0.03330254	
1059.8	0.03215222	0.03338726	
1060	0.03202078	0.03347146	
1060.2	0.03202618	0.03355513	
1060.4	0.03164884	0.03363828	
1060.6	0.03180883	0.0337209	
1060.8	0.03164779	0.03380302	
1061	0.03288866	0.03388462	
1061.2	0.03303435	0.03396571	
1061.4	0.03402517	0.0340463	
1061.6	0.03433046	0.03412638	
1061.8	0.03472429	0.03420597	
1062	0.03496945	0.03428505	
1062.2	0.03540917	0.03436365	
1062.4	0.03560346	0.03444175	
1062.6	0.03568851	0.03451937	
1062.8	0.0363361	0.0345965	
1063	0.0357879	0.03467315	
1063.2	0.03595779	0.03474933	
1063.4	0.03549885	0.03482503	
1063.6	0.03606354	0.03490025	
1063.8	0.03504399	0.03497501	
1064	0.03552494	0.0350493	
1064.2	0.03549368	0.03512313	
1064.4	0.03550089	0.03519649	
1064.6	0.03573958	0.0352694	
1064.8	0.0356412	0.03534186	
1065	0.03640072	0.03541386	
1065.2	0.03564934	0.03548541	
1065.4	0.03630345	0.03555652	
1065.6	0.03630513	0.03562719	
1065.8	0.03666473	0.03569741	
1066	0.03636526	0.03576719	
1066.2	0.03688027	0.03583654	
1066.4	0.03671851	0.03590546	
1066.6	0.03696401	0.03597395	
1066.8	0.03696971	0.03604201	
1067	0.03606794	0.03610964	
1067.2	0.03660704	0.03617686	
1067.4	0.03666603	0.03624365	
1067.6	0.03715866	0.03631003	
1067.8	0.03667688	0.03637599	
1068	0.03760659	0.03644154	
1068.2	0.0374388	0.03650669	
1068.4	0.03767947	0.03657142	
1068.6	0.03804676	0.03663576	
1068.8	0.03800243	0.03669969	
1069	0.03863316	0.03676322	
1069.2	0.03791866	0.03682636	
1069.4	0.03903859	0.0368891	
1069.6	0.0388477	0.03695145	
1069.8	0.03947688	0.03701341	
1070	0.03902663	0.03707499	
1070.2	0.03945481	0.03713618	
1070.4	0.03911233	0.03719699	
1070.6	0.03957247	0.03725742	
1070.8	0.03964475	0.03731748	
1071	0.03952498	0.03737716	
1071.2	0.04008692	0.03743647	
1071.4	0.03967671	0.0374954	
1071.6	0.03972836	0.03755397	
1071.8	0.03936919	0.03761218	
1072	0.03987897	0.03767002	
1072.2	0.03942723	0.0377275	
1072.4	0.03937261	0.03778462	
1072.6	0.03937953	0.03784139	
1072.8	0.03898446	0.0378978	
1073	0.039149	0.03795386	
1073.2	0.03834028	0.03800957	
1073.4	0.03940958	0.03806493	
1073.6	0.03872656	0.03811995	
1073.8	0.03953152	0.03817462	
1074	0.0391466	0.03822895	
1074.2	0.03990235	0.03828295	
1074.4	0.039854	0.03833661	
1074.6	0.04010979	0.03838993	
1074.8	0.04035298	0.03844292	
1075	0.04034925	0.03849558	
1075.2	0.04071201	0.03854791	
1075.4	0.0405405	0.03859991	
1075.6	0.0409715	0.03865159	
1075.8	0.04088322	0.03870295	
1076	0.04154749	0.03875399	
1076.2	0.04124369	0.03880471	
1076.4	0.04133979	0.03885511	
1076.6	0.04123589	0.0389052	
1076.8	0.04158533	0.03895498	
1077	0.04173814	0.03900444	
1077.2	0.04144305	0.0390536	
1077.4	0.04191885	0.03910245	
1077.6	0.04119313	0.03915099	
1077.8	0.04239688	0.03919924	
1078	0.04215895	0.03924718	
1078.2	0.04272385	0.03929482	
1078.4	0.04226396	0.03934217	
1078.6	0.04240557	0.03938922	
1078.8	0.04277617	0.03943598	
1079	0.04281773	0.03948244	
1079.2	0.04334836	0.03952862	
1079.4	0.04288435	0.0395745	
1079.6	0.04316171	0.0396201	
1079.8	0.04252179	0.03966542	
1080	0.04276328	0.03971046	
1080.2	0.04256165	0.03975521	
1080.4	0.04264735	0.03979968	
1080.6	0.04253298	0.03984388	
1080.8	0.04296467	0.0398878	
1081	0.04274775	0.03993145	
1081.2	0.04254841	0.03997482	
1081.4	0.0429027	0.04001793	
1081.6	0.04313493	0.04006076	
1081.8	0.04401915	0.04010333	
1082	0.043605	0.04014563	
1082.2	0.0442021	0.04018767	
1082.4	0.04395844	0.04022945	
1082.6	0.04424443	0.04027096	
1082.8	0.04434504	0.04031222	
1083	0.0446401	0.04035322	
1083.2	0.04483462	0.04039396	
1083.4	0.04411792	0.04043445	
1083.6	0.04445325	0.04047469	
1083.8	0.04376343	0.04051468	
1084	0.04393722	0.04055441	
1084.2	0.04352168	0.0405939	
1084.4	0.04350628	0.04063314	
1084.6	0.04298346	0.04067214	
1084.8	0.04280929	0.0407109	
1085	0.04241583	0.04074941	
1085.2	0.04230163	0.04078768	
1085.4	0.04271778	0.04082572	
1085.6	0.04260557	0.04086351	
1085.8	0.04296578	0.04090107	
1086	0.04272359	0.0409384	
1086.2	0.04335331	0.04097549	
1086.4	0.04338706	0.04101236	
1086.6	0.04404139	0.04104899	
1086.8	0.04414521	0.04108539	
1087	0.04458727	0.04112157	
1087.2	0.04470883	0.04115752	
1087.4	0.04475218	0.04119325	
1087.6	0.04517309	0.04122875	
1087.8	0.044849	0.04126404	
1088	0.04504495	0.0412991	
1088.2	0.04470357	0.04133394	
1088.4	0.04506166	0.04136857	
1088.6	0.04457308	0.04140298	
1088.8	0.04439209	0.04143717	
1089	0.04408628	0.04147116	
1089.2	0.04423537	0.04150493	
1089.4	0.04440913	0.04153849	
1089.6	0.04412284	0.04157184	
1089.8	0.04456925	0.04160498	
1090	0.04363892	0.04163792	
1090.2	0.04405076	0.04167065	
1090.4	0.04363206	0.04170317	
1090.6	0.04377683	0.0417355	
1090.8	0.04340297	0.04176762	
1091	0.04339899	0.04179954	
1091.2	0.04319424	0.04183126	
1091.4	0.04285902	0.04186279	
1091.6	0.04346136	0.04189412	
1091.8	0.0435562	0.04192525	
1092	0.04385231	0.04195619	
1092.2	0.04387348	0.04198693	
1092.4	0.04413504	0.04201748	
1092.6	0.04350911	0.04204785	
1092.8	0.04330593	0.04207802	
1093	0.04318764	0.04210801	
1093.2	0.04327996	0.0421378	
1093.4	0.04339529	0.04216742	
1093.6	0.04330641	0.04219684	
1093.8	0.04402951	0.04222609	
1094	0.04335681	0.04225515	
1094.2	0.04431545	0.04228403	
1094.4	0.04402383	0.04231273	
1094.6	0.04452174	0.04234125	
1094.8	0.04433583	0.0423696	
1095	0.04460148	0.04239776	
1095.2	0.04481791	0.04242575	
1095.4	0.04497048	0.04245357	
1095.6	0.04592874	0.04248121	
1095.8	0.04561496	0.04250868	
1096	0.04589648	0.04253598	
1096.2	0.04518187	0.04256311	
1096.4	0.04492733	0.04259007	
1096.6	0.04445428	0.04261686	
1096.8	0.0441321	0.04264349	
1097	0.04417828	0.04266994	
1097.2	0.04405998	0.04269624	
1097.4	0.04476662	0.04272237	
1097.6	0.04448928	0.04274833	
1097.8	0.04496577	0.04277414	
1098	0.04420158	0.04279978	
1098.2	0.04450485	0.04282526	
1098.4	0.04419373	0.04285059	
1098.6	0.04478021	0.04287575	
1098.8	0.0448527	0.04290076	
1099	0.0450996	0.04292562	
1099.2	0.04542874	0.04295032	
1099.4	0.0450781	0.04297486	
1099.6	0.04513305	0.04299925	
1099.8	0.04451964	0.04302349	
1100	0.04473474	0.04304758	
1100.2	0.04381088	0.04307152	
1100.4	0.044253	0.0430953	
1100.6	0.04448802	0.04311894	
1100.8	0.04401992	0.04314244	
1101	0.0443747	0.04316578	
1101.2	0.04413258	0.04318898	
1101.4	0.04457211	0.04321204	
1101.6	0.04383586	0.04323495	
1101.8	0.04427774	0.04325772	
1102	0.04400817	0.04328035	
1102.2	0.04442638	0.04330283	
1102.4	0.04505613	0.04332518	
1102.6	0.045529	0.04334738	
1102.8	0.04539055	0.04336945	
1103	0.04550568	0.04339138	
1103.2	0.04603456	0.04341317	
1103.4	0.04549904	0.04343483	
1103.6	0.04596033	0.04345635	
1103.8	0.04552989	0.04347774	
1104	0.0459694	0.043499	
1104.2	0.04603385	0.04352012	
1104.4	0.04660596	0.04354111	
1104.6	0.04657709	0.04356197	
1104.8	0.04563617	0.0435827	
1105	0.04619934	0.0436033	
1105.2	0.0456159	0.04362377	
1105.4	0.0457446	0.04364411	
1105.6	0.0453573	0.04366433	
1105.8	0.04579658	0.04368442	
1106	0.04556553	0.04370438	
1106.2	0.04568842	0.04372422	
1106.4	0.04584491	0.04374394	
1106.6	0.04511372	0.04376353	
1106.8	0.0450334	0.04378301	
1107	0.04473289	0.04380236	
1107.2	0.04502499	0.04382159	
1107.4	0.04465959	0.0438407	
1107.6	0.04510228	0.04385969	
1107.8	0.04466932	0.04387856	
1108	0.04531983	0.04389731	
1108.2	0.04547891	0.04391595	
1108.4	0.04572565	0.04393447	
1108.6	0.04576786	0.04395288	
1108.8	0.04532744	0.04397117	
1109	0.04627	0.04398934	
1109.2	0.04568688	0.04400741	
1109.4	0.04626305	0.04402536	
1109.6	0.04582075	0.0440432	
1109.8	0.04604058	0.04406092	
1110	0.0457014	0.04407854	
1110.2	0.04538876	0.04409605	
1110.4	0.04508916	0.04411345	
1110.6	0.04423845	0.04413074	
1110.8	0.044453	0.04414792	
1111	0.04396309	0.04416499	
1111.2	0.04401227	0.04418196	
1111.4	0.04360987	0.04419882	
1111.6	0.04358144	0.04421558	
1111.8	0.04342926	0.04423223	
1112	0.04387086	0.04424878	
1112.2	0.04392188	0.04426522	
1112.4	0.04387286	0.04428157	
1112.6	0.04395331	0.04429781	
1112.8	0.04357171	0.04431394	
1113	0.04437518	0.04432998	
1113.2	0.04420986	0.04434592	
1113.4	0.04446972	0.04436176	
1113.6	0.04416889	0.0443775	
1113.8	0.04436772	0.04439314	
1114	0.04435023	0.04440869	
1114.2	0.04433658	0.04442414	
1114.4	0.04472938	0.04443949	
1114.6	0.04408918	0.04445474	
1114.8	0.04508665	0.0444699	
1115	0.04496024	0.04448497	
1115.2	0.04505436	0.04449994	
1115.4	0.04515568	0.04451482	
1115.6	0.04552385	0.0445296	
1115.8	0.04583931	0.0445443	
1116	0.04553921	0.0445589	
1116.2	0.04550367	0.04457341	
1116.4	0.04524826	0.04458783	
1116.6	0.04524132	0.04460216	
1116.8	0.04481078	0.0446164	
1117	0.04509602	0.04463055	
1117.2	0.04468561	0.04464462	
1117.4	0.04401999	0.04465859	
1117.6	0.04402757	0.04467248	
1117.8	0.04355491	0.04468628	
1118	0.04377251	0.0447	
1118.2	0.04340231	0.04471363	
1118.4	0.04375915	0.04472718	
1118.6	0.04302546	0.04474064	
1118.8	0.04376996	0.04475401	
1119	0.04377698	0.04476731	
1119.2	0.04366716	0.04478052	
1119.4	0.04402468	0.04479365	
1119.6	0.04388553	0.04480669	
1119.8	0.04402638	0.04481966	
1120	0.04337356	0.04483254	
1120.2	0.04393784	0.04484535	
1120.4	0.04359205	0.04485807	
1120.6	0.04368659	0.04487071	
1120.8	0.0437219	0.04488328	
1121	0.04376409	0.04489577	
1121.2	0.04374731	0.04490818	
1121.4	0.04381747	0.04492051	
1121.6	0.04424451	0.04493276	
1121.8	0.04393108	0.04494494	
1122	0.0445392	0.04495705	
1122.2	0.04409433	0.04496907	
1122.4	0.04467053	0.04498103	
1122.6	0.04415612	0.0449929	
1122.8	0.04440144	0.04500471	
1123	0.04494925	0.04501644	
1123.2	0.04451932	0.04502809	
1123.4	0.0449689	0.04503968	
1123.6	0.04453613	0.04505119	
1123.8	0.04467736	0.04506263	
1124	0.04366581	0.045074	
1124.2	0.04411817	0.0450853	
1124.4	0.04391067	0.04509652	
1124.6	0.04375751	0.04510768	
1124.8	0.04346588	0.04511877	
1125	0.04308347	0.04512979	
1125.2	0.04333249	0.04514074	
1125.4	0.04261588	0.04515162	
1125.6	0.04279452	0.04516243	
1125.8	0.0421429	0.04517318	
1126	0.04257091	0.04518386	
1126.2	0.04234864	0.04519447	
1126.4	0.04251998	0.04520501	
1126.6	0.04250218	0.04521549	
1126.8	0.04255818	0.04522591	
1127	0.04346767	0.04523626	
1127.2	0.04308941	0.04524655	
1127.4	0.04358458	0.04525677	
1127.6	0.04350279	0.04526692	
1127.8	0.04421391	0.04527702	
1128	0.0442741	0.04528705	
1128.2	0.04491494	0.04529702	
1128.4	0.0448119	0.04530693	
1128.6	0.04466167	0.04531677	
1128.8	0.04457018	0.04532655	
1129	0.04417123	0.04533628	
1129.2	0.0444878	0.04534594	
1129.4	0.04382042	0.04535554	
1129.6	0.04425805	0.04536508	
1129.8	0.0433455	0.04537456	
1130	0.04349427	0.04538399	
1130.2	0.04305856	0.04539335	
1130.4	0.04261395	0.04540266	
1130.6	0.0427827	0.0454119	
1130.8	0.04219453	0.04542109	
1131	0.04262005	0.04543023	
1131.2	0.04190995	0.0454393	
1131.4	0.04240649	0.04544832	
1131.6	0.04250523	0.04545728	
1131.8	0.04267714	0.04546619	
1132	0.04248761	0.04547504	
1132.2	0.04246538	0.04548384	
1132.4	0.04286763	0.04549258	
1132.6	0.04264371	0.04550127	
1132.8	0.04289783	0.0455099	
1133	0.04297293	0.04551848	
1133.2	0.04371971	0.045527	
1133.4	0.04372169	0.04553547	
1133.6	0.04374832	0.04554389	
1133.8	0.04344187	0.04555226	
1134	0.0433951	0.04556058	
1134.2	0.04335705	0.04556884	
1134.4	0.04307134	0.04557705	
1134.6	0.04340616	0.04558521	
1134.8	0.04276243	0.04559332	
1135	0.04310929	0.04560138	
1135.2	0.04262592	0.04560938	
1135.4	0.0425168	0.04561734	
1135.6	0.04227216	0.04562525	
1135.8	0.04179963	0.04563311	
1136	0.04225033	0.04564092	
1136.2	0.04178681	0.04564868	
1136.4	0.04217835	0.0456564	
1136.6	0.04168355	0.04566406	
1136.8	0.04215081	0.04567168	
1137	0.04215182	0.04567925	
1137.2	0.04238409	0.04568677	
1137.4	0.04219561	0.04569424	
1137.6	0.04201661	0.04570167	
1137.8	0.0419281	0.04570906	
1138	0.04174284	0.04571639	
1138.2	0.04175837	0.04572368	
1138.4	0.04163297	0.04573093	
1138.6	0.04184701	0.04573813	
1138.8	0.04141688	0.04574528	
1139	0.04162925	0.04575239	
1139.2	0.04135045	0.04575946	
1139.4	0.04128722	0.04576648	
1139.6	0.04137122	0.04577346	
1139.8	0.0411491	0.0457804	
1140	0.06075607	0.04578732	
1140.2	0.05992766	0.04575	
1140.4	0.05913285	0.0457127	
1140.6	0.05826858	0.04567544	
1140.8	0.05761031	0.04563821	
1141	0.0572294	0.04560101	
1141.2	0.05687636	0.04556383	
1141.4	0.05667484	0.04552669	
1141.6	0.05624529	0.04548958	
1141.8	0.05632071	0.0454525	
1142	0.05609888	0.04541545	
1142.2	0.05640528	0.04537843	
1142.4	0.05596139	0.04534144	
1142.6	0.05611593	0.04530448	
1142.8	0.05583427	0.04526755	
1143	0.05553619	0.04523065	
1143.2	0.05531764	0.04519378	
1143.4	0.05459673	0.04515694	
1143.6	0.05478207	0.04512013	
1143.8	0.05441485	0.04508335	
1144	0.05443187	0.0450466	
1144.2	0.05451236	0.04500988	
1144.4	0.05405421	0.04497319	
1144.6	0.05407532	0.04493653	
1144.8	0.05394676	0.0448999	
1145	0.05437528	0.0448633	
1145.2	0.05414262	0.04482673	
1145.4	0.05442473	0.04479019	
1145.6	0.05450383	0.04475368	
1145.8	0.0543816	0.04471719	
1146	0.05425757	0.04468074	
1146.2	0.05420572	0.04464432	
1146.4	0.05424549	0.04460793	
1146.6	0.05393051	0.04457157	
1146.8	0.05410604	0.04453523	
1147	0.05367342	0.04449893	
1147.2	0.05379325	0.04446266	
1147.4	0.05384811	0.04442641	
1147.6	0.0540203	0.0443902	
1147.8	0.05404021	0.04435401	
1148	0.05338276	0.04431786	
1148.2	0.05366889	0.04428173	
1148.4	0.05297286	0.04424564	
1148.6	0.05312948	0.04420957	
1148.8	0.0530089	0.04417353	
1149	0.05305183	0.04413752	
1149.2	0.05302028	0.04410154	
1149.4	0.05287491	0.04406559	
1149.6	0.05337428	0.04402967	
1149.8	0.05325347	0.04399378	
1150	0.05347493	0.04395792	
1150.2	0.05324384	0.04392209	
1150.4	0.05359551	0.04388629	
1150.6	0.05351919	0.04385051	
1150.8	0.05352495	0.04381477	
1151	0.05336511	0.04377905	
1151.2	0.05320787	0.04374336	
1151.4	0.05309167	0.04370771	
1151.6	0.05282781	0.04367208	
1151.8	0.05286675	0.04363648	
1152	0.05278782	0.04360091	
1152.2	0.05249377	0.04356537	
1152.4	0.05246985	0.04352985	
1152.6	0.05210805	0.04349437	
1152.8	0.0521969	0.04345892	
1153	0.05181729	0.04342349	
1153.2	0.05219983	0.04338809	
1153.4	0.0521335	0.04335273	
1153.6	0.0528259	0.04331739	
1153.8	0.05305051	0.04328208	
1154	0.05332627	0.04324679	
1154.2	0.0539157	0.04321154	
1154.4	0.05348107	0.04317632	
1154.6	0.05338137	0.04314112	
1154.8	0.05291963	0.04310595	
1155	0.0529698	0.04307082	
1155.2	0.0533274	0.04303571	
1155.4	0.05285585	0.04300063	
1155.6	0.05338986	0.04296557	
1155.8	0.05298421	0.04293055	
1156	0.0532327	0.04289556	
1156.2	0.05263101	0.04286059	
1156.4	0.05297003	0.04282565	
1156.6	0.05281184	0.04279074	
1156.8	0.05292549	0.04275586	
1157	0.05293988	0.04272101	
1157.2	0.05242094	0.04268618	
1157.4	0.05250801	0.04265139	
1157.6	0.05258791	0.04261662	
1157.8	0.05284234	0.04258188	
1158	0.05289209	0.04254717	
1158.2	0.05264627	0.04251249	
1158.4	0.05215427	0.04247783	
1158.6	0.05196357	0.04244321	
1158.8	0.05230614	0.04240861	
1159	0.05250702	0.04237404	
1159.2	0.05273802	0.0423395	
1159.4	0.05221359	0.04230499	
1159.6	0.05228427	0.0422705	
1159.8	0.05216558	0.04223604	
1160	0.05204477	0.04220161	
1160.2	0.05203036	0.04216721	
1160.4	0.05191124	0.04213284	
1160.6	0.05178028	0.0420985	
1160.8	0.05156507	0.04206418	
1161	0.05187997	0.04202989	
1161.2	0.05182406	0.04199563	
1161.4	0.05210228	0.0419614	
1161.6	0.05216627	0.04192719	
1161.8	0.0515398	0.04189301	
1162	0.05206105	0.04185887	
1162.2	0.05170233	0.04182474	
1162.4	0.05172233	0.04179065	
1162.6	0.05115522	0.04175658	
1162.8	0.05111642	0.04172255	
1163	0.05072832	0.04168854	
1163.2	0.0503708	0.04165455	
1163.4	0.04987927	0.0416206	
1163.6	0.04951312	0.04158667	
1163.8	0.04933696	0.04155277	
1164	0.04876745	0.0415189	
1164.2	0.04862108	0.04148506	
1164.4	0.04866001	0.04145124	
1164.6	0.04876067	0.04141745	
1164.8	0.04958151	0.04138369	
1165	0.05001204	0.04134995	
1165.2	0.05025465	0.04131625	
1165.4	0.04994343	0.04128257	
1165.6	0.05003588	0.04124892	
1165.8	0.05035761	0.04121529	
1166	0.05064101	0.0411817	
1166.2	0.05054109	0.04114813	
1166.4	0.05032458	0.04111458	
1166.6	0.0501389	0.04108107	
1166.8	0.0499422	0.04104758	
1167	0.05004117	0.04101412	
1167.2	0.04977288	0.04098069	
1167.4	0.0493482	0.04094728	
1167.6	0.04938679	0.0409139	
1167.8	0.04867419	0.04088055	
1168	0.04860471	0.04084723	
1168.2	0.04829345	0.04081393	
1168.4	0.04886584	0.04078066	
1168.6	0.04898829	0.04074742	
1168.8	0.04886042	0.0407142	
1169	0.04907072	0.04068102	
1169.2	0.04888697	0.04064786	
1169.4	0.04931575	0.04061472	
1169.6	0.04917744	0.04058161	
1169.8	0.04977847	0.04054853	
1170	0.04934051	0.04051548	
1170.2	0.04936866	0.04048245	
1170.4	0.04934798	0.04044945	
1170.6	0.04950131	0.04041648	
1170.8	0.04971777	0.04038354	
1171	0.04982062	0.04035062	
1171.2	0.05019245	0.04031772	
1171.4	0.04970688	0.04028486	
1171.6	0.04950194	0.04025202	
1171.8	0.04908302	0.04021921	
1172	0.04929758	0.04018642	
1172.2	0.04916354	0.04015367	
1172.4	0.0490354	0.04012094	
1172.6	0.04909234	0.04008823	
1172.8	0.04840871	0.04005555	
1173	0.04867307	0.0400229	
1173.2	0.04837047	0.03999028	
1173.4	0.04847745	0.03995768	
1173.6	0.04826206	0.03992511	
1173.8	0.04792221	0.03989256	
1174	0.04801307	0.03986004	
1174.2	0.04774614	0.03982755	
1174.4	0.04812233	0.03979508	
1174.6	0.04780272	0.03976265	
1174.8	0.047921	0.03973023	
1175	0.0479748	0.03969785	
1175.2	0.04793911	0.03966549	
1175.4	0.04797367	0.03963315	
1175.6	0.04750295	0.03960085	
1175.8	0.04813968	0.03956857	
1176	0.04798486	0.03953631	
1176.2	0.04768025	0.03950408	
1176.4	0.04757843	0.03947188	
1176.6	0.04764537	0.0394397	
1176.8	0.04764261	0.03940756	
1177	0.0474856	0.03937543	
1177.2	0.04762792	0.03934333	
1177.4	0.04761259	0.03931126	
1177.6	0.04786411	0.03927922	
1177.8	0.0473309	0.0392472	
1178	0.0477665	0.03921521	
1178.2	0.04759321	0.03918324	
1178.4	0.04740201	0.0391513	
1178.6	0.04773515	0.03911939	
1178.8	0.04823581	0.0390875	
1179	0.04875634	0.03905564	
1179.2	0.04890937	0.0390238	
1179.4	0.04893383	0.03899199	
1179.6	0.04834462	0.0389602	
1179.8	0.04855554	0.03892845	
1180	0.04840174	0.03889671	
1180.2	0.04793252	0.03886501	
1180.4	0.04798855	0.03883333	
1180.6	0.04765707	0.03880167	
1180.8	0.04773983	0.03877004	
1181	0.0471829	0.03873844	
1181.2	0.04738703	0.03870686	
1181.4	0.04748674	0.03867531	
1181.6	0.04735814	0.03864378	
1181.8	0.04686055	0.03861228	
1182	0.04632868	0.03858081	
1182.2	0.04625279	0.03854936	
1182.4	0.04606221	0.03851793	
1182.6	0.04600089	0.03848653	
1182.8	0.04574055	0.03845516	
1183	0.04504273	0.03842382	
1183.2	0.04478717	0.03839249	
1183.4	0.04423092	0.0383612	
1183.6	0.04450568	0.03832993	
1183.8	0.04438396	0.03829868	
1184	0.04442552	0.03826746	
1184.2	0.04376554	0.03823627	
1184.4	0.04406856	0.0382051	
1184.6	0.04447403	0.03817396	
1184.8	0.044941	0.03814284	
1185	0.04582499	0.03811175	
1185.2	0.04617437	0.03808068	
1185.4	0.04698122	0.03804964	
1185.6	0.04653533	0.03801862	
1185.8	0.04614012	0.03798763	
1186	0.0461532	0.03795667	
1186.2	0.04641982	0.03792573	
1186.4	0.04601601	0.03789481	
1186.6	0.04549581	0.03786392	
1186.8	0.04580975	0.03783306	
1187	0.04522146	0.03780222	
1187.2	0.04540861	0.0377714	
1187.4	0.04520845	0.03774061	
1187.6	0.04504618	0.03770985	
1187.8	0.04455717	0.03767911	
1188	0.04391625	0.03764839	
1188.2	0.0438369	0.0376177	
1188.4	0.0438198	0.03758704	
1188.6	0.04404008	0.0375564	
1188.8	0.04434054	0.03752579	
1189	0.04458125	0.0374952	
1189.2	0.04449195	0.03746463	
1189.4	0.04502442	0.03743409	
1189.6	0.04475969	0.03740358	
1189.8	0.04492627	0.03737309	
1190	0.04543376	0.03734262	
1190.2	0.0451564	0.03731218	
1190.4	0.04515361	0.03728177	
1190.6	0.04545414	0.03725138	
1190.8	0.04516174	0.03722101	
1191	0.04499385	0.03719067	
1191.2	0.04493973	0.03716036	
1191.4	0.04509333	0.03713006	
1191.6	0.04435576	0.0370998	
1191.8	0.04402558	0.03706955	
1192	0.04343149	0.03703934	
1192.2	0.04320585	0.03700914	
1192.4	0.04327166	0.03697898	
1192.6	0.04323567	0.03694883	
1192.8	0.04338436	0.03691871	
1193	0.04317122	0.03688862	
1193.2	0.04387472	0.03685855	
1193.4	0.04367526	0.0368285	
1193.6	0.04380374	0.03679848	
1193.8	0.04382175	0.03676849	
1194	0.04350182	0.03673851	
1194.2	0.04363589	0.03670857	
1194.4	0.04377398	0.03667864	
1194.6	0.04401014	0.03664875	
1194.8	0.04354287	0.03661887	
1195	0.04407709	0.03658902	
1195.2	0.04440078	0.0365592	
1195.4	0.04434852	0.03652939	
1195.6	0.0438907	0.03649962	
1195.8	0.04366591	0.03646986	
1196	0.04388583	0.03644014	
1196.2	0.04368758	0.03641043	
1196.4	0.04383902	0.03638075	
1196.6	0.04350237	0.03635109	
1196.8	0.04368598	0.03632146	
1197	0.04400615	0.03629186	
1197.2	0.04388693	0.03626227	
1197.4	0.04376126	0.03623271	
1197.6	0.04376467	0.03620318	
1197.8	0.04363405	0.03617367	
1198	0.04325151	0.03614418	
1198.2	0.04326052	0.03611472	
1198.4	0.0432141	0.03608528	
1198.6	0.04316534	0.03605586	
1198.8	0.04339698	0.03602647	
1199	0.04339781	0.0359971	
1199.2	0.04366526	0.03596776	
1199.4	0.04355611	0.03593844	
1199.6	0.04360591	0.03590915	
1199.8	0.04345658	0.03587987	
1200	0.0432793	0.03585063	
1200.2	0.0432538	0.0358214	
1200.4	0.04311178	0.0357922	
1200.6	0.04340646	0.03576303	
1200.8	0.04342581	0.03573387	
1201	0.0432584	0.03570475	
1201.2	0.04298666	0.03567564	
1201.4	0.04303271	0.03564656	
1201.6	0.04318597	0.0356175	
1201.8	0.04272111	0.03558847	
1202	0.04313015	0.03555946	
1202.2	0.0429415	0.03553047	
1202.4	0.04360833	0.03550151	
1202.6	0.04358669	0.03547257	
1202.8	0.04379748	0.03544365	
1203	0.04384215	0.03541476	
1203.2	0.04376372	0.03538589	
1203.4	0.04384651	0.03535705	
1203.6	0.04304508	0.03532823	
1203.8	0.04298698	0.03529943	
1204	0.04278236	0.03527065	
1204.2	0.04279355	0.0352419	
1204.4	0.04232182	0.03521318	
1204.6	0.04210075	0.03518447	
1204.8	0.04157003	0.03515579	
1205	0.04060077	0.03512713	
1205.2	0.04091536	0.0350985	
1205.4	0.04046456	0.03506989	
1205.6	0.03993125	0.0350413	
1205.8	0.03969631	0.03501274	
1206	0.04015471	0.0349842	
1206.2	0.03995302	0.03495568	
1206.4	0.04024689	0.03492718	
1206.6	0.04038034	0.03489871	
1206.8	0.04020216	0.03487027	
1207	0.04044991	0.03484184	
1207.2	0.03985318	0.03481344	
1207.4	0.03975751	0.03478506	
1207.6	0.03988396	0.03475671	
1207.8	0.04015098	0.03472837	
1208	0.04024309	0.03470006	
1208.2	0.03984915	0.03467178	
1208.4	0.04021237	0.03464352	
1208.6	0.0404475	0.03461528	
1208.8	0.04040189	0.03458706	
1209	0.03974597	0.03455887	
1209.2	0.03980954	0.03453069	
1209.4	0.03977726	0.03450255	
1209.6	0.03923499	0.03447442	
1209.8	0.0398118	0.03444632	
1210	0.03968531	0.03441824	
1210.2	0.03973387	0.03439018	
1210.4	0.03978215	0.03436215	
1210.6	0.03957252	0.03433414	
1210.8	0.03949958	0.03430615	
1211	0.03943773	0.03427819	
1211.2	0.0393029	0.03425025	
1211.4	0.0391717	0.03422233	
1211.6	0.03955302	0.03419443	
1211.8	0.03945649	0.03416656	
1212	0.03962604	0.03413871	
1212.2	0.03989501	0.03411088	
1212.4	0.04017916	0.03408307	
1212.6	0.04016541	0.03405529	
1212.8	0.03896587	0.03402753	
1213	0.03838691	0.03399979	
1213.2	0.03831652	0.03397208	
1213.4	0.03832186	0.03394438	
1213.6	0.0374483	0.03391671	
1213.8	0.03704186	0.03388907	
1214	0.03684342	0.03386144	
1214.2	0.03608508	0.03383384	
1214.4	0.03604368	0.03380626	
1214.6	0.0355771	0.0337787	
1214.8	0.03547194	0.03375117	
1215	0.03550749	0.03372365	
1215.2	0.03537158	0.03369616	
1215.4	0.03604916	0.0336687	
1215.6	0.03640685	0.03364125	
1215.8	0.03701818	0.03361383	
1216	0.03738529	0.03358643	
1216.2	0.03749951	0.03355905	
1216.4	0.03782487	0.03353169	
1216.6	0.03760965	0.03350436	
1216.8	0.03707542	0.03347705	
1217	0.03737916	0.03344976	
1217.2	0.03729152	0.03342249	
1217.4	0.03735161	0.03339525	
1217.6	0.03720253	0.03336803	
1217.8	0.03767784	0.03334083	
1218	0.0376678	0.03331365	
1218.2	0.03750381	0.03328649	
1218.4	0.03756455	0.03325936	
1218.6	0.03705179	0.03323225	
1218.8	0.03715962	0.03320516	
1219	0.03698421	0.03317809	
1219.2	0.03697779	0.03315105	
1219.4	0.03738437	0.03312402	
1219.6	0.03715702	0.03309702	
1219.8	0.03691247	0.03307004	
1220	0.03651418	0.03304308	
1220.2	0.03649711	0.03301615	
1220.4	0.03696893	0.03298924	
1220.6	0.03650876	0.03296234	
1220.8	0.03621138	0.03293548	
1221	0.03644561	0.03290863	
1221.2	0.03612086	0.0328818	
1221.4	0.03643801	0.032855	
1221.6	0.03662825	0.03282822	
1221.8	0.03687249	0.03280146	
1222	0.03698256	0.03277472	
1222.2	0.03715336	0.032748	
1222.4	0.03705882	0.03272131	
1222.6	0.03686684	0.03269463	
1222.8	0.03687273	0.03266798	
1223	0.03646633	0.03264135	
1223.2	0.0368715	0.03261475	
1223.4	0.03693924	0.03258816	
1223.6	0.03702411	0.0325616	
1223.8	0.03719949	0.03253505	
1224	0.03689027	0.03250853	
1224.2	0.03658546	0.03248203	
1224.4	0.03611025	0.03245555	
1224.6	0.0356143	0.0324291	
1224.8	0.035391	0.03240266	
1225	0.03487743	0.03237625	
1225.2	0.03472023	0.03234986	
1225.4	0.03476862	0.03232349	
1225.6	0.03517265	0.03229714	
1225.8	0.03489974	0.03227081	
1226	0.03496646	0.03224451	
1226.2	0.03459182	0.03221822	
1226.4	0.03421772	0.03219196	
1226.6	0.03407944	0.03216572	
1226.8	0.03357018	0.0321395	
1227	0.03399713	0.0321133	
1227.2	0.03442808	0.03208712	
1227.4	0.03468203	0.03206097	
1227.6	0.0344889	0.03203483	
1227.8	0.03425866	0.03200872	
1228	0.0336798	0.03198263	
1228.2	0.03284004	0.03195656	
1228.4	0.03335938	0.03193051	
1228.6	0.03379964	0.03190448	
1228.8	0.03410252	0.03187847	
1229	0.03433376	0.03185248	
1229.2	0.03526003	0.03182652	
1229.4	0.03574876	0.03180058	
1229.6	0.03606074	0.03177465	
1229.8	0.03599409	0.03174875	
1230	0.0358367	0.03172287	
1230.2	0.03585942	0.03169701	
1230.4	0.03576108	0.03167118	
1230.6	0.03549348	0.03164536	
1230.8	0.03542513	0.03161956	
1231	0.03556273	0.03159379	
1231.2	0.03547157	0.03156803	
1231.4	0.03512093	0.0315423	
1231.6	0.03489404	0.03151659	
1231.8	0.03441379	0.0314909	
1232	0.03409934	0.03146523	
1232.2	0.03383687	0.03143958	
1232.4	0.03428611	0.03141395	
1232.6	0.0345216	0.03138834	
1232.8	0.03460833	0.03136276	
1233	0.03472258	0.03133719	
1233.2	0.03464472	0.03131165	
1233.4	0.03465709	0.03128612	
1233.6	0.03458538	0.03126062	
1233.8	0.03446897	0.03123514	
1234	0.03433538	0.03120968	
1234.2	0.03461506	0.03118424	
1234.4	0.03477022	0.03115882	
1234.6	0.03434208	0.03113342	
1234.8	0.03442531	0.03110804	
1235	0.03457322	0.03108268	
1235.2	0.03444697	0.03105734	
1235.4	0.03475405	0.03103203	
1235.6	0.03442403	0.03100673	
1235.8	0.03434736	0.03098146	
1236	0.03426748	0.0309562	
1236.2	0.03404574	0.03093097	
1236.4	0.03396925	0.03090575	
1236.6	0.03372601	0.03088056	
1236.8	0.03345573	0.03085539	
1237	0.03283641	0.03083024	
1237.2	0.03276034	0.0308051	
1237.4	0.03225131	0.03077999	
1237.6	0.03194825	0.0307549	
1237.8	0.03142825	0.03072983	
1238	0.03118377	0.03070478	
1238.2	0.03094019	0.03067975	
1238.4	0.03042176	0.03065475	
1238.6	0.03047453	0.03062976	
1238.8	0.03057773	0.03060479	
1239	0.03110527	0.03057984	
1239.2	0.03104824	0.03055491	
1239.4	0.03178935	0.03053001	
1239.6	0.03174725	0.03050512	
1239.8	0.03208279	0.03048025	
1240	0.03245099	0.03045541	
1240.2	0.03240279	0.03043058	
1240.4	0.03293887	0.03040578	
1240.6	0.03353816	0.03038099	
1240.8	0.0338154	0.03035623	
1241	0.03386816	0.03033148	
1241.2	0.03356306	0.03030676	
1241.4	0.03348325	0.03028205	
1241.6	0.03286141	0.03025737	
1241.8	0.03252173	0.0302327	
1242	0.03223716	0.03020806	
1242.2	0.03200262	0.03018343	
1242.4	0.0321196	0.03015883	
1242.6	0.03208687	0.03013425	
1242.8	0.03217665	0.03010968	
1243	0.03213032	0.03008514	
1243.2	0.03162399	0.03006061	
1243.4	0.03145641	0.03003611	
1243.6	0.03105648	0.03001163	
1243.8	0.03107291	0.02998716	
1244	0.03121099	0.02996272	
1244.2	0.03080633	0.02993829	
1244.4	0.03074715	0.02991389	
1244.6	0.03085915	0.0298895	
1244.8	0.03032386	0.02986514	
1245	0.03026284	0.02984079	
1245.2	0.0300814	0.02981647	
1245.4	0.03007307	0.02979216	
1245.6	0.02989862	0.02976788	
1245.8	0.03004341	0.02974361	
1246	0.03025799	0.02971937	
1246.2	0.03049858	0.02969514	
1246.4	0.03099894	0.02967094	
1246.6	0.03107476	0.02964675	
1246.8	0.03126549	0.02962258	
1247	0.03159785	0.02959844	
1247.2	0.03156862	0.02957431	
1247.4	0.03183779	0.0295502	
1247.6	0.03216578	0.02952611	
1247.8	0.03203948	0.02950204	
1248	0.03194818	0.029478	
1248.2	0.03127785	0.02945397	
1248.4	0.03141298	0.02942996	
1248.6	0.03129858	0.02940597	
1248.8	0.03109942	0.029382	
1249	0.03071831	0.02935805	
1249.2	0.03017448	0.02933411	
1249.4	0.02978684	0.0293102	
1249.6	0.02932599	0.02928631	
1249.8	0.02910968	0.02926244	
1250	0.02902171	0.02923858	
1250.2	0.02914891	0.02921475	
1250.4	0.02948153	0.02919094	
1250.6	0.02914777	0.02916714	
1250.8	0.02918932	0.02914337	
1251	0.02955604	0.02911961	
1251.2	0.02982783	0.02909587	
1251.4	0.02994944	0.02907215	
1251.6	0.03009703	0.02904846	
1251.8	0.02997051	0.02902478	
1252	0.03006569	0.02900112	
1252.2	0.03016813	0.02897748	
1252.4	0.03036955	0.02895386	
1252.6	0.03021768	0.02893025	
1252.8	0.03007574	0.02890667	
1253	0.0298682	0.02888311	
1253.2	0.02999321	0.02885956	
1253.4	0.02977122	0.02883604	
1253.6	0.02943124	0.02881253	
1253.8	0.02960692	0.02878905	
1254	0.0294993	0.02876558	
1254.2	0.02948807	0.02874213	
1254.4	0.02971278	0.0287187	
1254.6	0.02935925	0.02869529	
1254.8	0.02920268	0.0286719	
1255	0.02958334	0.02864853	
1255.2	0.02988869	0.02862517	
1255.4	0.02966245	0.02860184	
1255.6	0.02974984	0.02857853	
1255.8	0.02989349	0.02855523	
1256	0.02983219	0.02853195	
1256.2	0.0296458	0.02850869	
1256.4	0.02980436	0.02848546	
1256.6	0.02987573	0.02846224	
1256.8	0.0295508	0.02843903	
1257	0.02969237	0.02841585	
1257.2	0.0296149	0.02839269	
1257.4	0.02894513	0.02836954	
1257.6	0.02843554	0.02834642	
1257.8	0.02831446	0.02832331	
1258	0.02811167	0.02830022	
1258.2	0.02806579	0.02827716	
1258.4	0.02802387	0.02825411	
1258.6	0.02780024	0.02823107	
1258.8	0.02796886	0.02820806	
1259	0.02816544	0.02818507	
1259.2	0.02820598	0.02816209	
1259.4	0.02826148	0.02813914	
1259.6	0.0284416	0.0281162	
1259.8	0.02859286	0.02809328	
1260	0.02871144	0.02807038	
1260.2	0.02873764	0.0280475	
1260.4	0.02881378	0.02802463	
1260.6	0.02867692	0.02800179	
1260.8	0.0286258	0.02797896	
1261	0.02879034	0.02795616	
1261.2	0.02859152	0.02793337	
1261.4	0.02814615	0.0279106	
1261.6	0.02827761	0.02788785	
1261.8	0.02802596	0.02786511	
1262	0.02790738	0.0278424	
1262.2	0.02804237	0.0278197	
1262.4	0.02743744	0.02779703	
1262.6	0.02747204	0.02777437	
1262.8	0.02738107	0.02775173	
1263	0.02740041	0.0277291	
1263.2	0.02670729	0.0277065	
1263.4	0.02643862	0.02768392	
1263.6	0.02649271	0.02766135	
1263.8	0.02621321	0.0276388	
1264	0.0261992	0.02761627	
1264.2	0.02565533	0.02759376	
1264.4	0.02566846	0.02757127	
1264.6	0.02583921	0.02754879	
1264.8	0.02575149	0.02752633	
1265	0.02586405	0.0275039	
1265.2	0.0257558	0.02748148	
1265.4	0.02565454	0.02745907	
1265.6	0.02608282	0.02743669	
1265.8	0.02640758	0.02741433	
1266	0.02647343	0.02739198	
1266.2	0.02653579	0.02736965	
1266.4	0.02681088	0.02734734	
1266.6	0.02699883	0.02732505	
1266.8	0.02698714	0.02730277	
1267	0.02683407	0.02728052	
1267.2	0.02650414	0.02725828	
1267.4	0.0271829	0.02723606	
1267.6	0.02726389	0.02721386	
1267.8	0.02718618	0.02719167	
1268	0.02679058	0.02716951	
1268.2	0.02662741	0.02714736	
1268.4	0.02657109	0.02712523	
1268.6	0.02657043	0.02710312	
1268.8	0.02628885	0.02708103	
1269	0.02614379	0.02705895	
1269.2	0.02628612	0.0270369	
1269.4	0.02623028	0.02701486	
1269.6	0.02652028	0.02699284	
1269.8	0.02646295	0.02697083	
1270	0.02589412	0.02694885	
1270.2	0.02589216	0.02692688	
1270.4	0.02568817	0.02690493	
1270.6	0.02554875	0.026883	
1270.8	0.02542495	0.02686108	
1271	0.02533479	0.02683919	
1271.2	0.02522276	0.02681731	
1271.4	0.02532189	0.02679545	
1271.6	0.02559535	0.02677361	
1271.8	0.02539154	0.02675178	
1272	0.02523088	0.02672998	
1272.2	0.02543217	0.02670819	
1272.4	0.02584989	0.02668642	
1272.6	0.02608432	0.02666466	
1272.8	0.02597443	0.02664293	
1273	0.02691078	0.02662121	
1273.2	0.02711035	0.02659951	
1273.4	0.02708606	0.02657782	
1273.6	0.02705543	0.02655616	
1273.8	0.02662897	0.02653451	
1274	0.02620636	0.02651288	
1274.2	0.02599821	0.02649127	
1274.4	0.02583637	0.02646968	
1274.6	0.02553247	0.0264481	
1274.8	0.02525722	0.02642654	
1275	0.02450603	0.026405	
1275.2	0.02387036	0.02638347	
1275.4	0.02364864	0.02636197	
1275.6	0.02360871	0.02634048	
1275.8	0.02312408	0.02631901	
1276	0.02293699	0.02629755	
1276.2	0.02284701	0.02627612	
1276.4	0.02300028	0.0262547	
1276.6	0.02289097	0.0262333	
1276.8	0.02339584	0.02621191	
1277	0.02356875	0.02619054	
1277.2	0.02369611	0.0261692	
1277.4	0.02374874	0.02614786	
1277.6	0.02396864	0.02612655	
1277.8	0.0239111	0.02610525	
1278	0.0242244	0.02608397	
1278.2	0.02493398	0.02606271	
1278.4	0.02489022	0.02604146	
1278.6	0.02507117	0.02602024	
1278.8	0.0249899	0.02599903	
1279	0.02478394	0.02597783	
1279.2	0.02467463	0.02595666	
1279.4	0.0247655	0.0259355	
1279.6	0.02483372	0.02591436	
1279.8	0.0239806	0.02589323	
1280	0.02367947	0.02587213	
1280.2	0.02308375	0.02585104	
1280.4	0.0232128	0.02582996	
1280.6	0.02299158	0.02580891	
1280.8	0.02288043	0.02578787	
1281	0.02270677	0.02576685	
1281.2	0.02277661	0.02574584	
1281.4	0.02266997	0.02572486	
1281.6	0.02269397	0.02570389	
1281.8	0.02297848	0.02568293	
1282	0.0228036	0.025662	
1282.2	0.02259025	0.02564108	
1282.4	0.02270145	0.02562018	
1282.6	0.02272319	0.02559929	
1282.8	0.02297	0.02557843	
1283	0.0232334	0.02555758	
1283.2	0.02347772	0.02553674	
1283.4	0.02331208	0.02551593	
1283.6	0.02282739	0.02549513	
1283.8	0.02227915	0.02547435	
1284	0.02245786	0.02545358	
1284.2	0.02290984	0.02543283	
1284.4	0.02295799	0.0254121	
1284.6	0.02272961	0.02539138	
1284.8	0.02293169	0.02537069	
1285	0.02318732	0.02535001	
1285.2	0.02327388	0.02532934	
1285.4	0.0231302	0.02530869	
1285.6	0.02391786	0.02528806	
1285.8	0.02373962	0.02526745	
1286	0.02324553	0.02524685	
1286.2	0.02379517	0.02522627	
1286.4	0.02395953	0.02520571	
1286.6	0.02410544	0.02518516	
1286.8	0.02395182	0.02516463	
1287	0.02381887	0.02514412	
1287.2	0.02376039	0.02512362	
1287.4	0.02326476	0.02510314	
1287.6	0.02318966	0.02508268	
1287.8	0.0228483	0.02506224	
1288	0.02326708	0.02504181	
1288.2	0.02298339	0.02502139	
1288.4	0.02254393	0.025001	
1288.6	0.02296195	0.02498062	
1288.8	0.0230462	0.02496025	
1289	0.02350472	0.02493991	
1289.2	0.0233637	0.02491958	
1289.4	0.02384724	0.02489926	
1289.6	0.02410292	0.02487897	
1289.8	0.02377732	0.02485869	
1290	0.0241078	0.02483842	
1290.2	0.02360748	0.02481818	
1290.4	0.02328223	0.02479795	
1290.6	0.02281856	0.02477773	
1290.8	0.02248868	0.02475753	
1291	0.02212484	0.02473735	
1291.2	0.02159249	0.02471719	
1291.4	0.02135457	0.02469704	
1291.6	0.020705	0.02467691	
1291.8	0.02038298	0.02465679	
1292	0.01994589	0.02463669	
1292.2	0.01963133	0.02461661	
1292.4	0.01981324	0.02459654	
1292.6	0.02018061	0.02457649	
1292.8	0.02037245	0.02455646	
1293	0.02017586	0.02453644	
1293.2	0.02063575	0.02451644	
1293.4	0.02086823	0.02449646	
1293.6	0.02107615	0.02447649	
1293.8	0.0211401	0.02445654	
1294	0.02098902	0.0244366	
1294.2	0.02072946	0.02441668	
1294.4	0.02131206	0.02439678	
1294.6	0.02118741	0.02437689	
1294.8	0.02099671	0.02435702	
1295	0.02089357	0.02433716	
1295.2	0.02063635	0.02431733	
1295.4	0.02034078	0.0242975	
1295.6	0.02022323	0.0242777	
1295.8	0.01960304	0.02425791	
1296	0.01974638	0.02423813	
1296.2	0.01981198	0.02421838	
1296.4	0.02012431	0.02419863	
1296.6	0.02065436	0.02417891	
1296.8	0.02060249	0.0241592	
1297	0.02056342	0.02413951	
1297.2	0.02084797	0.02411983	
1297.4	0.02102388	0.02410017	
1297.6	0.02116006	0.02408052	
1297.8	0.02069875	0.02406089	
1298	0.02085993	0.02404128	
1298.2	0.02075798	0.02402168	
1298.4	0.02086096	0.0240021	
1298.6	0.02027203	0.02398253	
1298.8	0.02033585	0.02396298	
1299	0.01994793	0.02394345	
1299.2	0.01975377	0.02392393	
1299.4	0.02016851	0.02390443	
1299.6	0.0196824	0.02388495	
1299.8	0.01970501	0.02386548	
1300	0.0201744	0.02384602	
1300.2	0.02001595	0.02382658	
1300.4	0.02068733	0.02380716	
1300.6	0.02089528	0.02378775	
1300.8	0.02091705	0.02376836	
1301	0.0209457	0.02374899	
1301.2	0.02127936	0.02372963	
1301.4	0.02114366	0.02371029	
1301.6	0.02103013	0.02369096	
1301.8	0.02091042	0.02367165	
1302	0.02079133	0.02365235	
1302.2	0.02102834	0.02363307	
1302.4	0.02024203	0.02361381	
1302.6	0.01992848	0.02359456	
1302.8	0.01959143	0.02357532	
1303	0.01864141	0.02355611	
1303.2	0.01893456	0.0235369	
1303.4	0.01832225	0.02351772	
1303.6	0.01778028	0.02349855	
1303.8	0.01787413	0.02347939	
1304	0.01815921	0.02346025	
1304.2	0.01798757	0.02344113	
1304.4	0.01822004	0.02342202	
1304.6	0.01842615	0.02340293	
1304.8	0.01822236	0.02338385	
1305	0.01854396	0.02336479	
1305.2	0.01875873	0.02334575	
1305.4	0.01887128	0.02332671	
1305.6	0.01913146	0.0233077	
1305.8	0.01925709	0.0232887	
1306	0.01957439	0.02326972	
1306.2	0.019703	0.02325075	
1306.4	0.01927684	0.0232318	
1306.6	0.01945714	0.02321286	
1306.8	0.01920913	0.02319394	
1307	0.0188765	0.02317503	
1307.2	0.01889258	0.02315614	
1307.4	0.01893527	0.02313726	
1307.6	0.01873121	0.0231184	
1307.8	0.01888894	0.02309956	
1308	0.01902479	0.02308073	
1308.2	0.01862114	0.02306191	
1308.4	0.01879064	0.02304311	
1308.6	0.01828256	0.02302433	
1308.8	0.01863519	0.02300556	
1309	0.01848268	0.02298681	
1309.2	0.01865184	0.02296807	
1309.4	0.01870788	0.02294935	
1309.6	0.0183744	0.02293064	
1309.8	0.01899125	0.02291195	
1310	0.01895838	0.02289327	
1310.2	0.01952951	0.02287461	
1310.4	0.01938591	0.02285596	
1310.6	0.01930754	0.02283733	
1310.8	0.01922917	0.02281872	
1311	0.01875046	0.02280012	
1311.2	0.0187468	0.02278153	
1311.4	0.01845592	0.02276296	
1311.6	0.01826512	0.0227444	
1311.8	0.01790468	0.02272586	
1312	0.01756183	0.02270734	
1312.2	0.0177374	0.02268883	
1312.4	0.01731804	0.02267033	
1312.6	0.01738159	0.02265185	
1312.8	0.01755624	0.02263339	
1313	0.01700723	0.02261494	
1313.2	0.01649921	0.02259651	
1313.4	0.0163437	0.02257809	
1313.6	0.01672966	0.02255968	
1313.8	0.01622706	0.02254129	
1314	0.01616929	0.02252292	
1314.2	0.01625107	0.02250456	
1314.4	0.015805	0.02248621	
1314.6	0.01584244	0.02246788	
1314.8	0.0157716	0.02244957	
1315	0.01572071	0.02243127	
1315.2	0.0155823	0.02241298	
1315.4	0.01624643	0.02239471	
1315.6	0.01617768	0.02237646	
1315.8	0.01598237	0.02235822	
1316	0.01649308	0.02233999	
1316.2	0.01685996	0.02232178	
1316.4	0.01707827	0.02230359	
1316.6	0.01736654	0.0222854	
1316.8	0.01716999	0.02226724	
1317	0.01707087	0.02224909	
1317.2	0.01682731	0.02223095	
1317.4	0.01753194	0.02221283	
1317.6	0.01743473	0.02219472	
1317.8	0.01717176	0.02217663	
1318	0.01724391	0.02215855	
1318.2	0.01726751	0.02214049	
1318.4	0.01733234	0.02212244	
1318.6	0.01708913	0.02210441	
1318.8	0.01698873	0.02208639	
1319	0.01672775	0.02206839	
1319.2	0.01665319	0.0220504	
1319.4	0.01645935	0.02203242	
1319.6	0.01562861	0.02201446	
1319.8	0.01568888	0.02199652	
1320	0.01528983	0.02197859	
1320.2	0.01571529	0.02196067	
1320.4	0.01536597	0.02194277	
1320.6	0.01501312	0.02192488	
1320.8	0.01480064	0.02190701	
1321	0.01479513	0.02188915	
1321.2	0.01516853	0.02187131	
1321.4	0.01503906	0.02185348	
1321.6	0.01541066	0.02183567	
1321.8	0.0157205	0.02181787	
1322	0.01577579	0.02180008	
1322.2	0.01589456	0.02178231	
1322.4	0.01563505	0.02176456	
1322.6	0.01587801	0.02174682	
1322.8	0.01576187	0.02172909	
1323	0.01593397	0.02171138	
1323.2	0.01583882	0.02169368	
1323.4	0.01556904	0.02167599	
1323.6	0.01527395	0.02165833	
1323.8	0.01484726	0.02164067	
1324	0.01516463	0.02162303	
1324.2	0.0146894	0.0216054	
1324.4	0.01404592	0.02158779	
1324.6	0.01366637	0.02157019	
1324.8	0.01402391	0.02155261	
1325	0.01438558	0.02153504	
1325.2	0.014104	0.02151749	
1325.4	0.01438401	0.02149995	
1325.6	0.01476355	0.02148242	
1325.8	0.01509506	0.02146491	
1326	0.01500973	0.02144741	
1326.2	0.01467728	0.02142993	
1326.4	0.01509352	0.02141246	
1326.6	0.01520701	0.02139501	
1326.8	0.01549761	0.02137757	
1327	0.01537687	0.02136014	
1327.2	0.01519376	0.02134273	
1327.4	0.01520348	0.02132533	
1327.6	0.01451171	0.02130795	
1327.8	0.01488568	0.02129058	
1328	0.01482153	0.02127322	
1328.2	0.01466212	0.02125588	
1328.4	0.01467256	0.02123856	
1328.6	0.01445404	0.02122124	
1328.8	0.01470824	0.02120394	
1329	0.01438315	0.02118666	
1329.2	0.01433111	0.02116939	
1329.4	0.01426477	0.02115213	
1329.6	0.01420818	0.02113489	
1329.8	0.01402093	0.02111766	
1330	0.01339506	0.02110045	
1330.2	0.01335327	0.02108325	
1330.4	0.01288286	0.02106606	
1330.6	0.01308923	0.02104889	
1330.8	0.01307114	0.02103173	
1331	0.01276281	0.02101459	
1331.2	0.01291173	0.02099746	
1331.4	0.01279043	0.02098034	
1331.6	0.01267171	0.02096324	
1331.8	0.01281539	0.02094615	
1332	0.01279113	0.02092908	
1332.2	0.01324311	0.02091202	
1332.4	0.01278788	0.02089497	
1332.6	0.01291749	0.02087794	
1332.8	0.01280191	0.02086092	
1333	0.01336715	0.02084391	
1333.2	0.01306741	0.02082692	
1333.4	0.01322386	0.02080995	
1333.6	0.01362299	0.02079298	
1333.8	0.01360945	0.02077603	
1334	0.01406398	0.0207591	
1334.2	0.01340761	0.02074218	
1334.4	0.01354121	0.02072527	
1334.6	0.01360346	0.02070837	
1334.8	0.01334239	0.02069149	
1335	0.01313845	0.02067463	
1335.2	0.0126099	0.02065777	
1335.4	0.01276724	0.02064093	
1335.6	0.01243152	0.02062411	
1335.8	0.01281821	0.0206073	
1336	0.01267447	0.0205905	
1336.2	0.01204519	0.02057371	
1336.4	0.01182597	0.02055694	
1336.6	0.01135782	0.02054019	
1336.8	0.0113879	0.02052344	
1337	0.01127852	0.02050671	
1337.2	0.01083681	0.02049	
1337.4	0.01150536	0.02047329	
1337.6	0.01150226	0.0204566	
1337.8	0.01212639	0.02043993	
1338	0.01164379	0.02042327	
1338.2	0.0114197	0.02040662	
1338.4	0.01143048	0.02038999	
1338.6	0.01108832	0.02037336	
1338.8	0.0116506	0.02035676	
1339	0.01123721	0.02034016	
1339.2	0.01158003	0.02032358	
1339.4	0.01153819	0.02030702	
1339.6	0.01177104	0.02029046	
1339.8	0.01197388	0.02027392	
1340	0.01140915	0.0202574	
1340.2	0.01159284	0.02024088	
1340.4	0.01171865	0.02022438	
1340.6	0.01229406	0.0202079	
1340.8	0.01231405	0.02019143	
1341	0.01244733	0.02017497	
1341.2	0.01307808	0.02015852	
1341.4	0.0130314	0.02014209	
1341.6	0.01340067	0.02012567	
1341.8	0.01331005	0.02010926	
1342	0.01283597	0.02009287	
1342.2	0.01271356	0.02007649	
1342.4	0.0120841	0.02006013	
1342.6	0.01248041	0.02004377	
1342.8	0.01214266	0.02002744	
1343	0.01206415	0.02001111	
1343.2	0.01141643	0.0199948	
1343.4	0.01128951	0.0199785	
1343.6	0.0114089	0.01996221	
1343.8	0.01118312	0.01994594	
1344	0.01142652	0.01992968	
1344.2	0.01127017	0.01991344	
1344.4	0.0112838	0.0198972	
1344.6	0.01116619	0.01988099	
1344.8	0.01066196	0.01986478	
1345	0.01136994	0.01984859	
1345.2	0.01150306	0.01983241	
1345.4	0.01171574	0.01981624	
1345.6	0.01167332	0.01980009	
1345.8	0.01127069	0.01978395	
1346	0.01129435	0.01976782	
1346.2	0.01093924	0.01975171	
1346.4	0.01082358	0.01973561	
1346.6	0.01020174	0.01971952	
1346.8	0.00990124	0.01970344	
1347	0.00968636	0.01968738	
1347.2	0.00875672	0.01967133	
1347.4	0.00867934	0.0196553	
1347.6	0.00775922	0.01963928	
1347.8	0.00827886	0.01962327	
1348	0.00789752	0.01960727	
1348.2	0.00770018	0.01959129	
1348.4	0.00790371	0.01957532	
1348.6	0.00790696	0.01955936	
1348.8	0.00880601	0.01954342	
1349	0.00944835	0.01952749	
1349.2	0.01038495	0.01951157	
1349.4	0.01045593	0.01949566	
1349.6	0.01047819	0.01947977	
1349.8	0.0108354	0.01946389	
1350	0.01047736	0.01944803	
1350.2	0.01013363	0.01943217	
1350.4	0.00941777	0.01941633	
1350.6	0.00950929	0.01940051	
1350.8	0.00983902	0.01938469	
1351	0.00919759	0.01936889	
1351.2	0.00902691	0.0193531	
1351.4	0.00815262	0.01933733	
1351.6	0.00840878	0.01932156	
1351.8	0.00864651	0.01930581	
1352	0.00821724	0.01929008	
1352.2	0.00821717	0.01927435	
1352.4	0.00784852	0.01925864	
1352.6	0.00812551	0.01924294	
1352.8	0.00797593	0.01922725	
1353	0.00811179	0.01921158	
1353.2	0.00832666	0.01919592	
1353.4	0.00761662	0.01918027	
1353.6	0.00793041	0.01916464	
1353.8	0.00734012	0.01914902	
1354	0.00742296	0.01913341	
1354.2	0.00756612	0.01911781	
1354.4	0.00794304	0.01910223	
1354.6	0.00866749	0.01908665	
1354.8	0.0084763	0.0190711	
1355	0.00855482	0.01905555	
1355.2	0.00859763	0.01904002	
1355.4	0.00865006	0.0190245	
1355.6	0.0093138	0.01900899	
1355.8	0.00923229	0.01899349	
1356	0.00970738	0.01897801	
1356.2	0.00930898	0.01896254	
1356.4	0.00930429	0.01894708	
1356.6	0.00917556	0.01893164	
1356.8	0.00890624	0.01891621	
1357	0.00891939	0.01890079	
1357.2	0.00839056	0.01888538	
1357.4	0.00791031	0.01886999	
1357.6	0.00718227	0.0188546	
1357.8	0.00726946	0.01883923	
1358	0.00728429	0.01882388	
1358.2	0.00693049	0.01880853	
1358.4	0.00700921	0.0187932	
1358.6	0.00616525	0.01877788	
1358.8	0.00642693	0.01876257	
1359	0.0059748	0.01874728	
1359.2	0.00622543	0.018732	
1359.4	0.00633604	0.01871673	
1359.6	0.00630633	0.01870147	
1359.8	0.00672256	0.01868623	
1360	0.00651046	0.01867099	
1360.2	0.00633542	0.01865577	
1360.4	0.00654856	0.01864057	
1360.6	0.00636231	0.01862537	
1360.8	0.00656951	0.01861019	
1361	0.00653074	0.01859502	
1361.2	0.00702288	0.01857986	
1361.4	0.0064487	0.01856472	
1361.6	0.00678623	0.01854958	
1361.8	0.00750182	0.01853446	
1362	0.00734604	0.01851935	
1362.2	0.008058	0.01850426	
1362.4	0.0078988	0.01848917	
1362.6	0.00776076	0.0184741	
1362.8	0.00813372	0.01845904	
1363	0.00710892	0.018444	
1363.2	0.00751803	0.01842896	
1363.4	0.0065116	0.01841394	
1363.6	0.00654904	0.01839893	
1363.8	0.00640471	0.01838393	
1364	0.00607135	0.01836895	
1364.2	0.00645372	0.01835397	
1364.4	0.00577169	0.01833901	
1364.6	0.00589641	0.01832406	
1364.8	0.00602695	0.01830912	
1365	0.00673762	0.0182942	
1365.2	0.0068065	0.01827929	
1365.4	0.00606597	0.01826439	
1365.6	0.00708863	0.0182495	
1365.8	0.00656552	0.01823462	
1366	0.00709702	0.01821976	
1366.2	0.00719632	0.01820491	
1366.4	0.00685663	0.01819007	
1366.6	0.0071841	0.01817524	
1366.8	0.00651644	0.01816042	
1367	0.00646074	0.01814562	
1367.2	0.00624931	0.01813083	
1367.4	0.00598326	0.01811605	
1367.6	0.00642024	0.01810128	
1367.8	0.00613361	0.01808653	
1368	0.00662558	0.01807178	
1368.2	0.00689855	0.01805705	
1368.4	0.00666541	0.01804233	
1368.6	0.00701459	0.01802762	
1368.8	0.00699727	0.01801293	
1369	0.00697471	0.01799825	
1369.2	0.00634239	0.01798357	
1369.4	0.00667774	0.01796892	
1369.6	0.00612614	0.01795427	
1369.8	0.00562268	0.01793963	
1370	0.00597062	0.01792501	
1370.2	0.00549232	0.0179104	
1370.4	0.00541273	0.0178958	
1370.6	0.00490181	0.01788121	
1370.8	0.00477452	0.01786663	
1371	0.00457189	0.01785207	
1371.2	0.00435161	0.01783752	
1371.4	0.00454601	0.01782298	
1371.6	0.00418728	0.01780845	
1371.8	0.00492982	0.01779393	
1372	0.00521564	0.01777943	
1372.2	0.00502863	0.01776493	
1372.4	0.00486163	0.01775045	
1372.6	0.00451339	0.01773598	
1372.8	0.00485643	0.01772153	
1373	0.00465753	0.01770708	
1373.2	0.00537417	0.01769265	
1373.4	0.0057033	0.01767822	
1373.6	0.00490837	0.01766381	
1373.8	0.00564232	0.01764941	
1374	0.00515875	0.01763503	
1374.2	0.00538775	0.01762065	
1374.4	0.00487805	0.01760629	
1374.6	0.00476869	0.01759194	
1374.8	0.00543287	0.0175776	
1375	0.00463204	0.01756327	
1375.2	0.00503758	0.01754895	
1375.4	0.00483836	0.01753465	
1375.6	0.00482161	0.01752035	
1375.8	0.00537597	0.01750607	
1376	0.00453145	0.0174918	
1376.2	0.00438888	0.01747754	
1376.4	0.0039212	0.0174633	
1376.6	0.00391967	0.01744906	
1376.8	0.00394546	0.01743484	
1377	0.00357445	0.01742062	
1377.2	0.0042203	0.01740642	
1377.4	0.00324265	0.01739224	
1377.6	0.00320455	0.01737806	
1377.8	0.00289442	0.01736389	
1378	0.00239067	0.01734974	
1378.2	0.00304011	0.01733559	
1378.4	0.00243538	0.01732146	
1378.6	0.00286682	0.01730734	
1378.8	0.00287456	0.01729324	
1379	0.00268495	0.01727914	
1379.2	0.003106	0.01726505	
1379.4	0.00309419	0.01725098	
1379.6	0.00341375	0.01723692	
1379.8	0.00350018	0.01722287	
1380	0.00389862	0.01720883	
1380.2	0.00394924	0.0171948	
1380.4	0.00385215	0.01718078	
1380.6	0.00442888	0.01716678	
1380.8	0.00429437	0.01715279	
1381	0.00495979	0.0171388	
1381.2	0.00463195	0.01712483	
1381.4	0.00416879	0.01711087	
1381.6	0.00463726	0.01709692	
1381.8	0.00428143	0.01708299	
1382	0.00425622	0.01706906	
1382.2	0.00401001	0.01705515	
1382.4	0.00386958	0.01704125	
1382.6	0.00350043	0.01702736	
1382.8	0.00311913	0.01701348	
1383	0.00348146	0.01699961	
1383.2	0.00307171	0.01698575	
1383.4	0.00331221	0.0169719	
1383.6	0.00343005	0.01695807	
1383.8	0.00376776	0.01694425	
1384	0.00421934	0.01693043	
1384.2	0.00403849	0.01691663	
1384.4	0.00428797	0.01690284	
1384.6	0.00442241	0.01688906	
1384.8	0.00492223	0.0168753	
1385	0.00516455	0.01686154	
1385.2	0.00444766	0.0168478	
1385.4	0.00493881	0.01683406	
1385.6	0.00431528	0.01682034	
1385.8	0.00443221	0.01680663	
1386	0.00393237	0.01679293	
1386.2	0.00411265	0.01677924	
1386.4	0.00454881	0.01676556	
1386.6	0.00425099	0.0167519	
1386.8	0.00486208	0.01673824	
1387	0.00472328	0.0167246	
1387.2	0.0045187	0.01671096	
1387.4	0.00451307	0.01669734	
1387.6	0.00437443	0.01668373	
1387.8	0.00461642	0.01667013	
1388	0.00411625	0.01665654	
1388.2	0.00389002	0.01664296	
1388.4	0.00338503	0.0166294	
1388.6	0.00287489	0.01661584	
1388.8	0.00290252	0.0166023	
1389	0.00200216	0.01658876	
1389.2	0.00201886	0.01657524	
1389.4	0.00169736	0.01656173	
1389.6	0.00139411	0.01654823	
1389.8	0.0020836	0.01653474	
1390	0.00199783	0.01652126	
1390.2	0.00295171	0.01650779	
1390.4	0.00266197	0.01649434	
1390.6	0.00316145	0.01648089	
1390.8	0.00327711	0.01646746	
1391	0.00298664	0.01645403	
1391.2	0.00340706	0.01644062	
1391.4	0.00316341	0.01642722	
1391.6	0.00389181	0.01641383	
1391.8	0.00389434	0.01640045	
1392	0.00394167	0.01638708	
1392.2	0.00406242	0.01637372	
1392.4	0.00373087	0.01636038	
1392.6	0.00387454	0.01634704	
1392.8	0.00377941	0.01633371	
1393	0.00376633	0.0163204	
1393.2	0.00361372	0.0163071	
1393.4	0.00305695	0.0162938	
1393.6	0.0033656	0.01628052	
1393.8	0.0026453	0.01626725	
1394	0.00249519	0.01625399	
1394.2	0.00222692	0.01624074	
1394.4	0.00112755	0.0162275	
1394.6	0.0012932	0.01621427	
1394.8	0.00019273	0.01620106	
1395	0.00022937	0.01618785	
1395.2	-0.00061757	0.01617465	
1395.4	-0.00057536	0.01616147	
1395.6	-0.0001518	0.0161483	
1395.8	-0.00023531	0.01613513	
1396	0.00037612	0.01612198	
1396.2	0.00036744	0.01610884	
1396.4	0.00078437	0.01609571	
1396.6	0.00113246	0.01608259	
1396.8	0.00131609	0.01606948	
1397	0.00217676	0.01605638	
1397.2	0.00221901	0.01604329	
1397.4	0.00288703	0.01603021	
1397.6	0.0031673	0.01601714	
1397.8	0.00302535	0.01600409	
1398	0.00326706	0.01599104	
1398.2	0.00282925	0.01597801	
1398.4	0.00328323	0.01596498	
1398.6	0.00275212	0.01595197	
1398.8	0.0029243	0.01593896	
1399	0.0029471	0.01592597	
1399.2	0.002333	0.01591299	
1399.4	0.00271411	0.01590002	
1399.6	0.00216032	0.01588706	
1399.8	0.00206873	0.01587411	
1400	0.00156815	0.01586117	
1400.2	0.00119411	0.01584824	
1400.4	0.00128485	0.01583532	
1400.6	0.00118684	0.01582241	
1400.8	0.00166275	0.01580951	
1401	0.00152996	0.01579663	
1401.2	0.001327	0.01578375	
1401.4	0.00155207	0.01577088	
1401.6	0.00111458	0.01575803	
1401.8	0.00153601	0.01574518	
1402	0.00103029	0.01573235	
1402.2	0.00123737	0.01571952	
1402.4	0.00161188	0.01570671	
1402.6	0.00076409	0.01569391	
1402.8	0.00192312	0.01568111	
1403	0.00113078	0.01566833	
1403.2	0.00171797	0.01565556	
1403.4	0.00132624	0.0156428	
1403.6	0.00102566	0.01563004	
1403.8	0.00129585	0.0156173	
1404	0.00084905	0.01560457	
1404.2	0.00150906	0.01559185	
1404.4	0.00134998	0.01557914	
1404.6	0.00122	0.01556644	
1404.8	0.00137206	0.01555376	
1405	0.00073855	0.01554108	
1405.2	0.00141631	0.01552841	
1405.4	0.00083202	0.01551575	
1405.6	0.0005059	0.0155031	
1405.8	0.00045967	0.01549046	
1406	0.00016992	0.01547784	
1406.2	0.00014849	0.01546522	
1406.4	-0.00045356	0.01545261	
1406.6	-0.00034957	0.01544002	
1406.8	-0.0001772	0.01542743	
1407	-0.00066047	0.01541486	
1407.2	-0.00039133	0.01540229	
1407.4	-0.00120557	0.01538974	
1407.6	-0.00101184	0.01537719	
1407.8	-0.0013863	0.01536466	
1408	-0.00174784	0.01535213	
1408.2	-0.00155762	0.01533962	
1408.4	-0.00211115	0.01532711	
1408.6	-0.00179392	0.01531462	
1408.8	-0.00198358	0.01530213	
1409	-0.0015643	0.01528966	
1409.2	-0.00133412	0.0152772	
1409.4	-0.00172538	0.01526474	
1409.6	-0.00091983	0.0152523	
1409.8	-0.00098943	0.01523987	
1410	-0.00027265	0.01522745	
1410.2	-0.00039738	0.01521503	
1410.4	-0.00002347	0.01520263	
1410.6	0.0006611	0.01519024	
1410.8	0.00044029	0.01517786	
1411	0.00085712	0.01516548	
1411.2	0.00041283	0.01515312	
1411.4	0.0002354	0.01514077	
1411.6	0.00022651	0.01512843	
1411.8	-0.00020201	0.01511609	
1412	0.00005528	0.01510377	
1412.2	-0.00021457	0.01509146	
1412.4	-0.00020251	0.01507916	
1412.6	-0.00050474	0.01506687	
1412.8	-0.00068247	0.01505459	
1413	-0.00075027	0.01504231	
1413.2	-0.00105719	0.01503005	
1413.4	-0.00060691	0.0150178	
1413.6	-0.00105973	0.01500556	
1413.8	-0.00185756	0.01499333	
1414	-0.00159787	0.0149811	
1414.2	-0.00168334	0.01496889	
1414.4	-0.00139071	0.01495669	
1414.6	-0.00175942	0.0149445	
1414.8	-0.00168128	0.01493232	
1415	-0.00146856	0.01492014	
1415.2	-0.00199815	0.01490798	
1415.4	-0.00143352	0.01489583	
1415.6	-0.00151834	0.01488369	
1415.8	-0.00111431	0.01487155	
1416	-0.00121911	0.01485943	
1416.2	-0.00106144	0.01484732	
1416.4	-0.00051764	0.01483522	
1416.6	-0.00089337	0.01482312	
1416.8	0.00018608	0.01481104	
1417	0.00003604	0.01479897	
1417.2	0.00078229	0.0147869	
1417.4	0.00080249	0.01477485	
1417.6	0.00027801	0.01476281	
1417.8	0.0005861	0.01475077	
1418	0.0008061	0.01473875	
1418.2	0.00109177	0.01472673	
1418.4	0.00062409	0.01471473	
1418.6	0.00028412	0.01470273	
1418.8	0.00037011	0.01469075	
1419	0.00003456	0.01467877	
1419.2	0.00021872	0.01466681	
1419.4	-0.00038255	0.01465485	
1419.6	-0.00106848	0.01464291	
1419.8	-0.00107843	0.01463097	
1420	-0.001557	0.01461904	
1420.2	-0.00118857	0.01460713	
1420.4	-0.00165034	0.01459522	
1420.6	-0.00183302	0.01458332	
1420.8	-0.00141447	0.01457144	
1421	-0.00223613	0.01455956	
1421.2	-0.0020098	0.01454769	
1421.4	-0.00251994	0.01453583	
1421.6	-0.001763	0.01452398	
1421.8	-0.00209105	0.01451214	
1422	-0.00223099	0.01450031	
1422.2	-0.00200769	0.01448849	
1422.4	-0.00280857	0.01447668	
1422.6	-0.00239822	0.01446488	
1422.8	-0.0023792	0.01445309	
1423	-0.00146261	0.01444131	
1423.2	-0.0018722	0.01442954	
1423.4	-0.00255465	0.01441777	
1423.6	-0.00217309	0.01440602	
1423.8	-0.00227715	0.01439428	
1424	-0.00184061	0.01438254	
1424.2	-0.00220865	0.01437082	
1424.4	-0.00252977	0.01435911	
1424.6	-0.00233141	0.0143474	
1424.8	-0.00283667	0.01433571	
1425	-0.00254929	0.01432402	
1425.2	-0.00299661	0.01431234	
1425.4	-0.00331785	0.01430068	
1425.6	-0.00306727	0.01428902	
1425.8	-0.00380879	0.01427737	
1426	-0.00318671	0.01426573	
1426.2	-0.00341751	0.01425411	
1426.4	-0.00357618	0.01424249	
1426.6	-0.00321688	0.01423088	
1426.8	-0.00324938	0.01421928	
1427	-0.00282113	0.01420768	
1427.2	-0.00372698	0.0141961	
1427.4	-0.00312806	0.01418453	
1427.6	-0.00318741	0.01417297	
1427.8	-0.00308206	0.01416142	
1428	-0.00301868	0.01414987	
1428.2	-0.00360613	0.01413834	
1428.4	-0.00322321	0.01412681	
1428.6	-0.00354878	0.0141153	
1428.8	-0.00333803	0.01410379	
1429	-0.00291924	0.01409229	
1429.2	-0.00362501	0.01408081	
1429.4	-0.00295507	0.01406933	
1429.6	-0.00303424	0.01405786	
1429.8	-0.00240994	0.0140464	
1430	-0.00244322	0.01403495	
1430.2	-0.00285059	0.01402351	
1430.4	-0.00213365	0.01401208	
1430.6	-0.00236006	0.01400066	
1430.8	-0.00213526	0.01398924	
1431	-0.00214607	0.01397784	
1431.2	-0.00233859	0.01396645	
1431.4	-0.00217043	0.01395506	
1431.6	-0.00269133	0.01394369	
1431.8	-0.00266136	0.01393232	
1432	-0.00346795	0.01392096	
1432.2	-0.00344785	0.01390962	
1432.4	-0.00318051	0.01389828	
1432.6	-0.00357221	0.01388695	
1432.8	-0.00272873	0.01387563	
1433	-0.00312902	0.01386432	
1433.2	-0.00311962	0.01385302	
1433.4	-0.00282607	0.01384172	
1433.6	-0.0030668	0.01383044	
1433.8	-0.00251314	0.01381917	
1434	-0.00320962	0.0138079	
1434.2	-0.00282305	0.01379665	
1434.4	-0.00267798	0.0137854	
1434.6	-0.00285464	0.01377416	
1434.8	-0.00266399	0.01376293	
1435	-0.00345928	0.01375171	
1435.2	-0.00336444	0.0137405	
1435.4	-0.00423506	0.0137293	
1435.6	-0.00452266	0.01371811	
1435.8	-0.00453184	0.01370693	
1436	-0.00508651	0.01369576	
1436.2	-0.00424287	0.01368459	
1436.4	-0.00451581	0.01367344	
1436.6	-0.00436782	0.01366229	
1436.8	-0.00401658	0.01365115	
1437	-0.00426461	0.01364003	
1437.2	-0.0032111	0.01362891	
1437.4	-0.00288982	0.0136178	
1437.6	-0.00208483	0.0136067	
1437.8	-0.00163736	0.01359561	
1438	-0.00172586	0.01358452	
1438.2	-0.00125619	0.01357345	
1438.4	-0.00130271	0.01356239	
1438.6	-0.00104119	0.01355133	
1438.8	-0.00138583	0.01354028	
1439	-0.00195053	0.01352925	
1439.2	-0.00199824	0.01351822	
1439.4	-0.00283386	0.0135072	
1439.6	-0.00268786	0.01349619	
1439.8	-0.00306806	0.01348519	
