Conc1	2.5E-08	
Start1	1020	
Stop1	1439.8	
Kobs	0.00407743624399587	
Error Kobs	4.86367150944756E-05	
Koff	0	
Error Koff	0	
Time1	Data1	Fit1	
1020	0.00881078	0	
1020.2	0.00881254	0.00083749	
1020.4	0.0087684	0.00166525	
1020.6	0.00867666	0.00248337	
1020.8	0.0086402	0.00329198	
1021	0.00855757	0.00409119	
1021.2	0.00863283	0.0048811	
1021.4	0.0083452	0.00566183	
1021.6	0.00869556	0.00643347	
1021.8	0.00892744	0.00719614	
1022	0.00930242	0.00794994	
1022.2	0.0095875	0.00869497	
1022.4	0.01055297	0.00943134	
1022.6	0.01134407	0.01015914	
1022.8	0.01206477	0.01087847	
1023	0.0125383	0.01158945	
1023.2	0.01286853	0.01229215	
1023.4	0.01336786	0.01298668	
1023.6	0.01381119	0.01367313	
1023.8	0.01451833	0.0143516	
1024	0.01500548	0.01502217	
1024.2	0.01581243	0.01568495	
1024.4	0.01612339	0.01634002	
1024.6	0.01629627	0.01698747	
1024.8	0.01662392	0.01762739	
1025	0.01702627	0.01825987	
1025.2	0.01714321	0.01888499	
1025.4	0.017573	0.01950284	
1025.6	0.01831217	0.02011351	
1025.8	0.0187794	0.02071707	
1026	0.01944231	0.02131361	
1026.2	0.02010027	0.02190322	
1026.4	0.02051813	0.02248596	
1026.6	0.02089802	0.02306193	
1026.8	0.02153596	0.0236312	
1027	0.02234815	0.02419385	
1027.2	0.02282912	0.02474996	
1027.4	0.02297175	0.0252996	
1027.6	0.02327315	0.02584284	
1027.8	0.02396414	0.02637977	
1028	0.02426027	0.02691045	
1028.2	0.02465582	0.02743496	
1028.4	0.02488455	0.02795337	
1028.6	0.02548528	0.02846575	
1028.8	0.02611137	0.02897218	
1029	0.02642067	0.02947271	
1029.2	0.02684692	0.02996742	
1029.4	0.02761486	0.03045637	
1029.6	0.02769399	0.03093964	
1029.8	0.02857904	0.03141729	
1030	0.0288773	0.03188938	
1030.2	0.02967629	0.03235599	
1030.4	0.0298672	0.03281716	
1030.6	0.03062283	0.03327297	
1030.8	0.03161505	0.03372349	
1031	0.03198754	0.03416876	
1031.2	0.03215391	0.03460885	
1031.4	0.03196596	0.03504382	
1031.6	0.03215553	0.03547374	
1031.8	0.03243045	0.03589865	
1032	0.03306399	0.03631862	
1032.2	0.0333732	0.03673371	
1032.4	0.03364317	0.03714397	
1032.6	0.03448136	0.03754946	
1032.8	0.03484157	0.03795023	
1033	0.03509725	0.03834635	
1033.2	0.03584622	0.03873785	
1033.4	0.03629982	0.0391248	
1033.6	0.03654993	0.03950725	
1033.8	0.03727809	0.03988525	
1034	0.0375891	0.04025886	
1034.2	0.038361	0.04062812	
1034.4	0.0381442	0.04099309	
1034.6	0.03853899	0.04135381	
1034.8	0.03923025	0.04171034	
1035	0.03953203	0.04206272	
1035.2	0.03999698	0.042411	
1035.4	0.04016759	0.04275523	
1035.6	0.04082808	0.04309545	
1035.8	0.04142108	0.04343172	
1036	0.04186357	0.04376408	
1036.2	0.042309	0.04409258	
1036.4	0.04276813	0.04441725	
1036.6	0.04365058	0.04473814	
1036.8	0.04366041	0.04505531	
1037	0.04388819	0.04536878	
1037.2	0.0442356	0.04567861	
1037.4	0.0444641	0.04598484	
1037.6	0.04455492	0.04628751	
1037.8	0.04448301	0.04658665	
1038	0.04481241	0.04688231	
1038.2	0.04436519	0.04717454	
1038.4	0.04426694	0.04746337	
1038.6	0.04445242	0.04774884	
1038.8	0.04483474	0.04803099	
1039	0.04500778	0.04830985	
1039.2	0.04551131	0.04858548	
1039.4	0.04594671	0.04885789	
1039.6	0.04638778	0.04912714	
1039.8	0.04676747	0.04939326	
1040	0.04689696	0.04965628	
1040.2	0.04731889	0.04991625	
1040.4	0.04714893	0.05017319	
1040.6	0.04717397	0.05042714	
1040.8	0.04705409	0.05067814	
1041	0.04746694	0.05092622	
1041.2	0.04803078	0.05117141	
1041.4	0.04853337	0.05141375	
1041.6	0.04891238	0.05165328	
1041.8	0.04918558	0.05189001	
1042	0.0497957	0.052124	
1042.2	0.04969284	0.05235526	
1042.4	0.05037463	0.05258383	
1042.6	0.05045032	0.05280975	
1042.8	0.05130323	0.05303304	
1043	0.05183794	0.05325373	
1043.2	0.05243646	0.05347185	
1043.4	0.05286623	0.05368744	
1043.6	0.05325661	0.05390051	
1043.8	0.05338972	0.05411112	
1044	0.053297	0.05431927	
1044.2	0.05329933	0.054525	
1044.4	0.05337109	0.05472834	
1044.6	0.05344054	0.05492931	
1044.8	0.05353604	0.05512794	
1045	0.05380866	0.05532427	
1045.2	0.05414976	0.05551831	
1045.4	0.05413101	0.0557101	
1045.6	0.05461395	0.05589965	
1045.8	0.05483309	0.056087	
1046	0.05508645	0.05627217	
1046.2	0.05520971	0.05645519	
1046.4	0.05561395	0.05663608	
1046.6	0.05571045	0.05681486	
1046.8	0.05625643	0.05699157	
1047	0.05664715	0.05716622	
1047.2	0.05704125	0.05733884	
1047.4	0.05727936	0.05750945	
1047.6	0.05736271	0.05767808	
1047.8	0.05731718	0.05784474	
1048	0.05732453	0.05800947	
1048.2	0.0574115	0.05817228	
1048.4	0.0575131	0.0583332	
1048.6	0.05707715	0.05849224	
1048.8	0.05660667	0.05864944	
1049	0.05652639	0.05880481	
1049.2	0.0565122	0.05895837	
1049.4	0.05674185	0.05911015	
1049.6	0.05684844	0.05926016	
1049.8	0.05658764	0.05940842	
1050	0.05679712	0.05955496	
1050.2	0.05677761	0.0596998	
1050.4	0.05724934	0.05984295	
1050.6	0.05738601	0.05998444	
1050.8	0.0575611	0.06012428	
1051	0.05828637	0.06026249	
1051.2	0.05815123	0.0603991	
1051.4	0.05832811	0.06053412	
1051.6	0.0585467	0.06066757	
1051.8	0.05844751	0.06079947	
1052	0.05890784	0.06092983	
1052.2	0.05921941	0.06105867	
1052.4	0.05926269	0.06118602	
1052.6	0.0594144	0.06131189	
1052.8	0.05959153	0.06143629	
1053	0.05976977	0.06155925	
1053.2	0.05973885	0.06168077	
1053.4	0.05996501	0.06180088	
1053.6	0.05965039	0.0619196	
1053.8	0.05974358	0.06203693	
1054	0.06032509	0.0621529	
1054.2	0.06062899	0.06226752	
1054.4	0.06081565	0.06238081	
1054.6	0.06070379	0.06249278	
1054.8	0.0607997	0.06260345	
1055	0.0612333	0.06271283	
1055.2	0.0610497	0.06282094	
1055.4	0.06106264	0.06292779	
1055.6	0.06082629	0.0630334	
1055.8	0.06105727	0.06313778	
1056	0.06158752	0.06324095	
1056.2	0.06173951	0.06334291	
1056.4	0.06188659	0.0634437	
1056.6	0.06230593	0.0635433	
1056.8	0.06235298	0.06364175	
1057	0.06239537	0.06373906	
1057.2	0.06267215	0.06383523	
1057.4	0.0625489	0.06393029	
1057.6	0.0625562	0.06402424	
1057.8	0.06271474	0.06411709	
1058	0.06342227	0.06420887	
1058.2	0.06360333	0.06429958	
1058.4	0.0633546	0.06438923	
1058.6	0.06358687	0.06447784	
1058.8	0.06387064	0.06456542	
1059	0.064108	0.06465199	
1059.2	0.06393522	0.06473754	
1059.4	0.06376947	0.0648221	
1059.6	0.06393337	0.06490568	
1059.8	0.06447726	0.06498828	
1060	0.06486763	0.06506993	
1060.2	0.06492013	0.06515062	
1060.4	0.06497422	0.06523038	
1060.6	0.06546345	0.06530921	
1060.8	0.065732	0.06538712	
1061	0.06555091	0.06546412	
1061.2	0.06549472	0.06554023	
1061.4	0.06536799	0.06561546	
1061.6	0.0657356	0.06568981	
1061.8	0.06586099	0.06576329	
1062	0.06648852	0.06583592	
1062.2	0.06622814	0.06590771	
1062.4	0.06602468	0.06597866	
1062.6	0.06600167	0.06604878	
1062.8	0.06575246	0.06611809	
1063	0.06534387	0.0661866	
1063.2	0.06485999	0.0662543	
1063.4	0.06476055	0.06632122	
1063.6	0.06472478	0.06638736	
1063.8	0.06441743	0.06645274	
1064	0.06392966	0.06651735	
1064.2	0.06359413	0.06658121	
1064.4	0.06374627	0.06664433	
1064.6	0.06402025	0.06670671	
1064.8	0.06375513	0.06676837	
1065	0.06361878	0.06682931	
1065.2	0.0640455	0.06688954	
1065.4	0.06450504	0.06694907	
1065.6	0.06487259	0.06700791	
1065.8	0.06527187	0.06706606	
1066	0.06567594	0.06712354	
1066.2	0.06576801	0.06718035	
1066.4	0.06646914	0.0672365	
1066.6	0.06671921	0.067292	
1066.8	0.06666214	0.06734685	
1067	0.06665808	0.06740106	
1067.2	0.06682589	0.06745464	
1067.4	0.06692238	0.0675076	
1067.6	0.06689984	0.06755994	
1067.8	0.06686659	0.06761168	
1068	0.06690713	0.06766281	
1068.2	0.06733567	0.06771335	
1068.4	0.06726231	0.0677633	
1068.6	0.06679453	0.06781267	
1068.8	0.06630458	0.06786146	
1069	0.06600694	0.06790969	
1069.2	0.0656514	0.06795736	
1069.4	0.06560528	0.06800447	
1069.6	0.06575301	0.06805103	
1069.8	0.06560614	0.06809706	
1070	0.06581388	0.06814254	
1070.2	0.06561854	0.0681875	
1070.4	0.06576499	0.06823194	
1070.6	0.06565969	0.06827585	
1070.8	0.06558312	0.06831926	
1071	0.06541699	0.06836217	
1071.2	0.06507088	0.06840457	
1071.4	0.06513835	0.06844648	
1071.6	0.06520283	0.0684879	
1071.8	0.06522875	0.06852885	
1072	0.06483224	0.06856931	
1072.2	0.06494225	0.06860931	
1072.4	0.0643738	0.06864883	
1072.6	0.06424105	0.0686879	
1072.8	0.06413509	0.06872652	
1073	0.06420854	0.06876469	
1073.2	0.06451312	0.06880241	
1073.4	0.06497912	0.06883969	
1073.6	0.06514828	0.06887654	
1073.8	0.06502225	0.06891296	
1074	0.06496021	0.06894896	
1074.2	0.06443191	0.06898454	
1074.4	0.06485313	0.06901971	
1074.6	0.06521042	0.06905446	
1074.8	0.06531513	0.06908881	
1075	0.06538141	0.06912277	
1075.2	0.06550282	0.06915632	
1075.4	0.065849	0.06918949	
1075.6	0.06567538	0.06922227	
1075.8	0.06573158	0.06925467	
1076	0.06594808	0.0692867	
1076.2	0.06620269	0.06931835	
1076.4	0.06605888	0.06934963	
1076.6	0.06605103	0.06938055	
1076.8	0.06624792	0.06941111	
1077	0.06673825	0.06944131	
1077.2	0.0666559	0.06947117	
1077.4	0.06652752	0.06950067	
1077.6	0.06664981	0.06952984	
1077.8	0.06632257	0.06955866	
1078	0.06605769	0.06958715	
1078.2	0.06594279	0.0696153	
1078.4	0.06613798	0.06964313	
1078.6	0.06610076	0.06967064	
1078.8	0.06609261	0.06969782	
1079	0.0660321	0.06972469	
1079.2	0.06580794	0.06975125	
1079.4	0.06596857	0.0697775	
1079.6	0.06610667	0.06980344	
1079.8	0.06606078	0.06982908	
1080	0.06644721	0.06985442	
1080.2	0.06652779	0.06987947	
1080.4	0.06591507	0.06990423	
1080.6	0.06572898	0.0699287	
1080.8	0.06595987	0.06995288	
1081	0.06630554	0.06997679	
1081.2	0.06621298	0.07000041	
1081.4	0.06667797	0.07002376	
1081.6	0.06717375	0.07004684	
1081.8	0.06670252	0.07006965	
1082	0.06674685	0.07009219	
1082.2	0.06651834	0.07011448	
1082.4	0.06635889	0.0701365	
1082.6	0.06606031	0.07015827	
1082.8	0.06561929	0.07017978	
1083	0.06527208	0.07020105	
1083.2	0.06518572	0.07022206	
1083.4	0.06540421	0.07024284	
1083.6	0.06512614	0.07026337	
1083.8	0.06485638	0.07028366	
1084	0.06477474	0.07030371	
1084.2	0.06442872	0.07032354	
1084.4	0.06391401	0.07034313	
1084.6	0.06434056	0.07036249	
1084.8	0.06485083	0.07038163	
1085	0.06544176	0.07040055	
1085.2	0.06568592	0.07041924	
1085.4	0.06597629	0.07043772	
1085.6	0.06589842	0.07045599	
1085.8	0.06573428	0.07047404	
1086	0.06607107	0.07049188	
1086.2	0.06604217	0.07050951	
1086.4	0.06595944	0.07052694	
1086.6	0.06583723	0.07054417	
1086.8	0.06556809	0.0705612	
1087	0.06547262	0.07057802	
1087.2	0.06572575	0.07059466	
1087.4	0.0659316	0.0706111	
1087.6	0.06588121	0.07062734	
1087.8	0.06575065	0.0706434	
1088	0.06575552	0.07065927	
1088.2	0.06596286	0.07067496	
1088.4	0.06606149	0.07069047	
1088.6	0.06669958	0.07070579	
1088.8	0.06654704	0.07072094	
1089	0.06623324	0.07073591	
1089.2	0.06640429	0.0707507	
1089.4	0.06590129	0.07076533	
1089.6	0.06541231	0.07077978	
1089.8	0.0655572	0.07079407	
1090	0.0656179	0.07080819	
1090.2	0.06542086	0.07082214	
1090.4	0.064915	0.07083593	
1090.6	0.06451421	0.07084957	
1090.8	0.06444905	0.07086304	
1091	0.06469516	0.07087636	
1091.2	0.06497916	0.07088952	
1091.4	0.06517884	0.07090253	
1091.6	0.06525138	0.07091539	
1091.8	0.06515773	0.0709281	
1092	0.06513271	0.07094066	
1092.2	0.06480571	0.07095307	
1092.4	0.06474433	0.07096534	
1092.6	0.06476254	0.07097747	
1092.8	0.06426655	0.07098946	
1093	0.06420988	0.0710013	
1093.2	0.06431999	0.07101301	
1093.4	0.06401359	0.07102459	
1093.6	0.0638646	0.07103602	
1093.8	0.06417414	0.07104733	
1094	0.06428392	0.0710585	
1094.2	0.06371328	0.07106955	
1094.4	0.06337341	0.07108046	
1094.6	0.06352025	0.07109125	
1094.8	0.06410773	0.07110191	
1095	0.06439324	0.07111245	
1095.2	0.06464814	0.07112287	
1095.4	0.06473948	0.07113317	
1095.6	0.06458518	0.07114334	
1095.8	0.06447032	0.0711534	
1096	0.06465598	0.07116334	
1096.2	0.06446821	0.07117316	
1096.4	0.06431923	0.07118287	
1096.6	0.06410657	0.07119247	
1096.8	0.06413259	0.07120196	
1097	0.06435826	0.07121133	
1097.2	0.06466031	0.0712206	
1097.4	0.06491138	0.07122976	
1097.6	0.06477005	0.07123881	
1097.8	0.06507685	0.07124776	
1098	0.06511441	0.0712566	
1098.2	0.0646537	0.07126534	
1098.4	0.06499331	0.07127398	
1098.6	0.06495064	0.07128252	
1098.8	0.06516919	0.07129095	
1099	0.06513213	0.0712993	
1099.2	0.06504841	0.07130754	
1099.4	0.06464874	0.07131569	
1099.6	0.06451556	0.07132374	
1099.8	0.06441102	0.0713317	
1100	0.06447903	0.07133956	
1100.2	0.06429888	0.07134734	
1100.4	0.06402475	0.07135502	
1100.6	0.06395117	0.07136262	
1100.8	0.06439802	0.07137013	
1101	0.06487134	0.07137755	
1101.2	0.06493817	0.07138488	
1101.4	0.06471797	0.07139213	
1101.6	0.06460824	0.07139929	
1101.8	0.06473444	0.07140637	
1102	0.06470174	0.07141337	
1102.2	0.06466211	0.07142029	
1102.4	0.06462859	0.07142712	
1102.6	0.0647424	0.07143388	
1102.8	0.06460214	0.07144056	
1103	0.06426277	0.07144716	
1103.2	0.06400494	0.07145368	
1103.4	0.06366371	0.07146013	
1103.6	0.06350221	0.0714665	
1103.8	0.06330097	0.0714728	
1104	0.06347802	0.07147903	
1104.2	0.06388925	0.07148518	
1104.4	0.06345667	0.07149126	
1104.6	0.06351141	0.07149727	
1104.8	0.06374031	0.07150321	
1105	0.06387505	0.07150909	
1105.2	0.06356011	0.07151489	
1105.4	0.0633051	0.07152062	
1105.6	0.06313417	0.07152629	
1105.8	0.06280247	0.0715319	
1106	0.06315658	0.07153744	
1106.2	0.06300204	0.07154291	
1106.4	0.06286317	0.07154832	
1106.6	0.06293214	0.07155367	
1106.8	0.06262889	0.07155895	
1107	0.06239535	0.07156417	
1107.2	0.06228262	0.07156934	
1107.4	0.06224335	0.07157444	
1107.6	0.06234092	0.07157948	
1107.8	0.06243324	0.07158447	
1108	0.06284664	0.0715894	
1108.2	0.06333434	0.07159426	
1108.4	0.06320258	0.07159908	
1108.6	0.06344243	0.07160383	
1108.8	0.06403413	0.07160854	
1109	0.06445641	0.07161318	
1109.2	0.06424873	0.07161778	
1109.4	0.06422605	0.07162231	
1109.6	0.0640067	0.0716268	
1109.8	0.06400407	0.07163124	
1110	0.06444214	0.07163562	
1110.2	0.0641467	0.07163995	
1110.4	0.06425796	0.07164423	
1110.6	0.06441369	0.07164846	
1110.8	0.06448591	0.07165265	
1111	0.06443242	0.07165678	
1111.2	0.06458685	0.07166087	
1111.4	0.06443032	0.0716649	
1111.6	0.06432235	0.07166889	
1111.8	0.06447737	0.07167284	
1112	0.06453257	0.07167674	
1112.2	0.0645332	0.07168059	
1112.4	0.064269	0.0716844	
1112.6	0.0640566	0.07168817	
1112.8	0.06366775	0.07169189	
1113	0.06315083	0.07169556	
1113.2	0.06291432	0.0716992	
1113.4	0.06288371	0.07170279	
1113.6	0.06258235	0.07170634	
1113.8	0.06222855	0.07170985	
1114	0.0622686	0.07171332	
1114.2	0.06220199	0.07171675	
1114.4	0.06233733	0.07172014	
1114.6	0.06224611	0.07172348	
1114.8	0.06260323	0.07172679	
1115	0.0627027	0.07173007	
1115.2	0.06253376	0.0717333	
1115.4	0.06246692	0.07173649	
1115.6	0.06266774	0.07173965	
1115.8	0.06318716	0.07174277	
1116	0.06307541	0.07174586	
1116.2	0.06310915	0.07174891	
1116.4	0.06273828	0.07175192	
1116.6	0.06281562	0.0717549	
1116.8	0.06270775	0.07175785	
1117	0.06279553	0.07176076	
1117.2	0.06299546	0.07176363	
1117.4	0.06272027	0.07176648	
1117.6	0.0623564	0.07176929	
1117.8	0.06230338	0.07177206	
1118	0.0624581	0.07177481	
1118.2	0.06230588	0.07177752	
1118.4	0.0622692	0.0717802	
1118.6	0.06220721	0.07178285	
1118.8	0.06224374	0.07178547	
1119	0.06160943	0.07178806	
1119.2	0.06125099	0.07179062	
1119.4	0.06100816	0.07179315	
1119.6	0.06091195	0.07179565	
1119.8	0.06107481	0.07179812	
1120	0.06111049	0.07180056	
1120.2	0.06102408	0.07180298	
1120.4	0.06088178	0.07180536	
1120.6	0.06074746	0.07180772	
1120.8	0.06052834	0.07181005	
1121	0.06058306	0.07181235	
1121.2	0.06064168	0.07181463	
1121.4	0.06089942	0.07181688	
1121.6	0.06115892	0.0718191	
1121.8	0.06150765	0.0718213	
1122	0.06201898	0.07182347	
1122.2	0.06216299	0.07182562	
1122.4	0.06264418	0.07182774	
1122.6	0.06254864	0.07182984	
1122.8	0.06258129	0.07183191	
1123	0.06233179	0.07183396	
1123.2	0.06217156	0.07183599	
1123.4	0.06208104	0.07183799	
1123.6	0.06225491	0.07183996	
1123.8	0.06199151	0.07184192	
1124	0.06201969	0.07184385	
1124.2	0.06128756	0.07184576	
1124.4	0.06100412	0.07184765	
1124.6	0.06042257	0.07184952	
1124.8	0.06037993	0.07185136	
1125	0.06051739	0.07185318	
1125.2	0.0602603	0.07185498	
1125.4	0.06041628	0.07185676	
1125.6	0.0604276	0.07185852	
1125.8	0.06055121	0.07186026	
1126	0.06102236	0.07186198	
1126.2	0.06096477	0.07186368	
1126.4	0.06099919	0.07186536	
1126.6	0.06099473	0.07186702	
1126.8	0.06106638	0.07186866	
1127	0.06096045	0.07187028	
1127.2	0.06107721	0.07187189	
1127.4	0.061638	0.07187347	
1127.6	0.06177876	0.07187503	
1127.8	0.06166375	0.07187658	
1128	0.06178175	0.07187811	
1128.2	0.06151299	0.07187962	
1128.4	0.06154135	0.07188112	
1128.6	0.061352	0.07188259	
1128.8	0.06147243	0.07188405	
1129	0.06190736	0.0718855	
1129.2	0.06180948	0.07188692	
1129.4	0.0616095	0.07188833	
1129.6	0.06139229	0.07188972	
1129.8	0.06101632	0.0718911	
1130	0.06067474	0.07189246	
1130.2	0.06013419	0.0718938	
1130.4	0.0596328	0.07189513	
1130.6	0.05962951	0.07189645	
1130.8	0.05948335	0.07189774	
1131	0.05980084	0.07189903	
1131.2	0.06010534	0.0719003	
1131.4	0.0603301	0.07190155	
1131.6	0.06032026	0.07190279	
1131.8	0.06072961	0.07190401	
1132	0.06046379	0.07190522	
1132.2	0.05998301	0.07190642	
1132.4	0.05991749	0.0719076	
1132.6	0.05999107	0.07190877	
1132.8	0.05994329	0.07190993	
1133	0.05988562	0.07191107	
1133.2	0.05943756	0.07191219	
1133.4	0.0592094	0.07191331	
1133.6	0.05931217	0.07191441	
1133.8	0.05896762	0.0719155	
1134	0.05912706	0.07191658	
1134.2	0.05960306	0.07191764	
1134.4	0.05985234	0.07191869	
1134.6	0.06000681	0.07191973	
1134.8	0.06044249	0.07192076	
1135	0.06074886	0.07192178	
1135.2	0.06049102	0.07192278	
1135.4	0.06073768	0.07192377	
1135.6	0.06054462	0.07192475	
1135.8	0.06046085	0.07192572	
1136	0.0594435	0.07192668	
1136.2	0.05905728	0.07192763	
1136.4	0.05901068	0.07192856	
1136.6	0.05892759	0.07192949	
1136.8	0.05900211	0.0719304	
1137	0.05900045	0.0719313	
1137.2	0.05912916	0.0719322	
1137.4	0.0587575	0.07193308	
1137.6	0.05861104	0.07193395	
1137.8	0.05846552	0.07193481	
1138	0.05887196	0.07193567	
1138.2	0.05893434	0.07193651	
1138.4	0.05866876	0.07193734	
1138.6	0.05845462	0.07193816	
1138.8	0.0585157	0.07193898	
1139	0.05821255	0.07193978	
1139.2	0.05778532	0.07194057	
1139.4	0.05794302	0.07194136	
1139.6	0.05744634	0.07194213	
1139.8	0.05753292	0.0719429	
1140	0.07391126	0.07194366	
1140.2	0.07332526	0.07188502	
1140.4	0.07307439	0.07182642	
1140.6	0.07248494	0.07176787	
1140.8	0.07195505	0.07170937	
1141	0.07153535	0.07165091	
1141.2	0.07111965	0.07159251	
1141.4	0.07064546	0.07153415	
1141.6	0.0705853	0.07147584	
1141.8	0.07037216	0.07141757	
1142	0.0706392	0.07135936	
1142.2	0.07111007	0.07130119	
1142.4	0.07124426	0.07124307	
1142.6	0.07126289	0.07118499	
1142.8	0.07188062	0.07112697	
1143	0.07225181	0.07106899	
1143.2	0.07269058	0.07101105	
1143.4	0.07270428	0.07095317	
1143.6	0.07312503	0.07089533	
1143.8	0.07330814	0.07083754	
1144	0.07299268	0.0707798	
1144.2	0.07333733	0.0707221	
1144.4	0.07350743	0.07066445	
1144.6	0.07341717	0.07060685	
1144.8	0.0734611	0.07054929	
1145	0.07369835	0.07049178	
1145.2	0.07345054	0.07043432	
1145.4	0.07359535	0.07037691	
1145.6	0.07398441	0.07031954	
1145.8	0.07405261	0.07026222	
1146	0.07472967	0.07020494	
1146.2	0.07475899	0.07014772	
1146.4	0.07410025	0.07009053	
1146.6	0.07454316	0.0700334	
1146.8	0.07500369	0.06997631	
1147	0.07531829	0.06991927	
1147.2	0.07560985	0.06986228	
1147.4	0.07576445	0.06980533	
1147.6	0.07574243	0.06974842	
1147.8	0.07538761	0.06969157	
1148	0.074843	0.06963476	
1148.2	0.07492874	0.069578	
1148.4	0.07477116	0.06952128	
1148.6	0.07467849	0.06946461	
1148.8	0.07435114	0.06940798	
1149	0.07405417	0.06935141	
1149.2	0.07392754	0.06929487	
1149.4	0.07399702	0.06923839	
1149.6	0.07411442	0.06918195	
1149.8	0.07390333	0.06912555	
1150	0.07403549	0.06906921	
1150.2	0.07365443	0.0690129	
1150.4	0.0738087	0.06895665	
1150.6	0.07404992	0.06890044	
1150.8	0.07428574	0.06884427	
1151	0.07500884	0.06878815	
1151.2	0.0752491	0.06873208	
1151.4	0.07511191	0.06867605	
1151.6	0.0749159	0.06862007	
1151.8	0.0751319	0.06856414	
1152	0.07490348	0.06850825	
1152.2	0.07528582	0.0684524	
1152.4	0.07495039	0.0683966	
1152.6	0.07464092	0.06834085	
1152.8	0.0744122	0.06828514	
1153	0.07453847	0.06822948	
1153.2	0.07452617	0.06817386	
1153.4	0.07411071	0.06811829	
1153.6	0.07403802	0.06806276	
1153.8	0.07342953	0.06800728	
1154	0.07329626	0.06795184	
1154.2	0.07317023	0.06789645	
1154.4	0.0735218	0.0678411	
1154.6	0.07312075	0.0677858	
1154.8	0.07344429	0.06773055	
1155	0.07398786	0.06767534	
1155.2	0.07381548	0.06762017	
1155.4	0.07370864	0.06756505	
1155.6	0.07394048	0.06750997	
1155.8	0.07402872	0.06745494	
1156	0.07359787	0.06739996	
1156.2	0.07377188	0.06734501	
1156.4	0.07343193	0.06729012	
1156.6	0.07353905	0.06723527	
1156.8	0.07340571	0.06718046	
1157	0.07323326	0.0671257	
1157.2	0.07294663	0.06707098	
1157.4	0.07302317	0.06701631	
1157.6	0.07287805	0.06696168	
1157.8	0.07247032	0.06690709	
1158	0.07229221	0.06685255	
1158.2	0.07241188	0.06679806	
1158.4	0.07253226	0.06674361	
1158.6	0.07262885	0.0666892	
1158.8	0.07272562	0.06663484	
1159	0.07288898	0.06658052	
1159.2	0.07336974	0.06652625	
1159.4	0.07383435	0.06647202	
1159.6	0.07438574	0.06641783	
1159.8	0.07444714	0.06636369	
1160	0.07450692	0.0663096	
1160.2	0.07461343	0.06625554	
1160.4	0.07457075	0.06620154	
1160.6	0.07436771	0.06614757	
1160.8	0.07420205	0.06609365	
1161	0.07413281	0.06603977	
1161.2	0.07383808	0.06598594	
1161.4	0.07346453	0.06593215	
1161.6	0.07301678	0.06587841	
1161.8	0.07249088	0.06582471	
1162	0.07209885	0.06577105	
1162.2	0.07220028	0.06571744	
1162.4	0.0721101	0.06566387	
1162.6	0.07230375	0.06561034	
1162.8	0.07223752	0.06555686	
1163	0.07240012	0.06550342	
1163.2	0.07281555	0.06545002	
1163.4	0.0725851	0.06539667	
1163.6	0.07241282	0.06534336	
1163.8	0.07234019	0.0652901	
1164	0.07186268	0.06523688	
1164.2	0.07186118	0.0651837	
1164.4	0.07177803	0.06513056	
1164.6	0.07181207	0.06507747	
1164.8	0.0715075	0.06502442	
1165	0.07119157	0.06497142	
1165.2	0.07091779	0.06491846	
1165.4	0.07122927	0.06486554	
1165.6	0.07110275	0.06481266	
1165.8	0.07114676	0.06475983	
1166	0.07109593	0.06470704	
1166.2	0.07138675	0.06465429	
1166.4	0.07186234	0.06460159	
1166.6	0.07201745	0.06454893	
1166.8	0.07223437	0.06449631	
1167	0.07223746	0.06444374	
1167.2	0.07216594	0.06439121	
1167.4	0.07200525	0.06433872	
1167.6	0.07220525	0.06428627	
1167.8	0.07231044	0.06423387	
1168	0.07207625	0.06418151	
1168.2	0.07252807	0.06412919	
1168.4	0.0727599	0.06407692	
1168.6	0.07240233	0.06402468	
1168.8	0.07230019	0.06397249	
1169	0.07211616	0.06392034	
1169.2	0.07191872	0.06386824	
1169.4	0.07156456	0.06381618	
1169.6	0.07106132	0.06376416	
1169.8	0.07116529	0.06371218	
1170	0.07055613	0.06366024	
1170.2	0.07054479	0.06360835	
1170.4	0.07043183	0.0635565	
1170.6	0.06968231	0.06350469	
1170.8	0.06960501	0.06345293	
1171	0.06957017	0.0634012	
1171.2	0.06949989	0.06334952	
1171.4	0.06939356	0.06329788	
1171.6	0.06954501	0.06324628	
1171.8	0.06945384	0.06319473	
1172	0.06948815	0.06314321	
1172.2	0.06982207	0.06309174	
1172.4	0.07025292	0.06304031	
1172.6	0.07017639	0.06298893	
1172.8	0.06994762	0.06293758	
1173	0.06945575	0.06288628	
1173.2	0.06933608	0.06283501	
1173.4	0.06964802	0.06278379	
1173.6	0.06992332	0.06273262	
1173.8	0.07009255	0.06268148	
1174	0.07004	0.06263038	
1174.2	0.06997568	0.06257933	
1174.4	0.06986464	0.06252832	
1174.6	0.06958067	0.06247735	
1174.8	0.06997329	0.06242642	
1175	0.07006526	0.06237553	
1175.2	0.07009322	0.06232469	
1175.4	0.07001877	0.06227388	
1175.6	0.06976516	0.06222312	
1175.8	0.06951004	0.0621724	
1176	0.06974282	0.06212172	
1176.2	0.06965052	0.06207108	
1176.4	0.06941651	0.06202048	
1176.6	0.06906997	0.06196992	
1176.8	0.06885941	0.06191941	
1177	0.06889009	0.06186894	
1177.2	0.06887963	0.0618185	
1177.4	0.06923929	0.06176811	
1177.6	0.06906979	0.06171776	
1177.8	0.0693463	0.06166745	
1178	0.06892247	0.06161718	
1178.2	0.06868432	0.06156696	
1178.4	0.06886124	0.06151677	
1178.6	0.06857841	0.06146662	
1178.8	0.06862662	0.06141652	
1179	0.06817036	0.06136645	
1179.2	0.0679295	0.06131643	
1179.4	0.06763498	0.06126645	
1179.6	0.06764218	0.06121651	
1179.8	0.06762254	0.06116661	
1180	0.0674522	0.06111675	
1180.2	0.0668248	0.06106693	
1180.4	0.06665523	0.06101715	
1180.6	0.06667563	0.06096741	
1180.8	0.06639044	0.06091771	
1181	0.06608439	0.06086805	
1181.2	0.066137	0.06081844	
1181.4	0.06682273	0.06076886	
1181.6	0.06661304	0.06071932	
1181.8	0.0671192	0.06066983	
1182	0.06678599	0.06062037	
1182.2	0.06701515	0.06057096	
1182.4	0.06722409	0.06052158	
1182.6	0.06717793	0.06047225	
1182.8	0.06727467	0.06042295	
1183	0.06720232	0.0603737	
1183.2	0.06747515	0.06032449	
1183.4	0.06778012	0.06027531	
1183.6	0.0676534	0.06022618	
1183.8	0.06752089	0.06017709	
1184	0.06713177	0.06012803	
1184.2	0.06654561	0.06007902	
1184.4	0.06629564	0.06003004	
1184.6	0.0659293	0.05998111	
1184.8	0.06557816	0.05993222	
1185	0.06582248	0.05988336	
1185.2	0.06571378	0.05983455	
1185.4	0.06559314	0.05978577	
1185.6	0.06491194	0.05973704	
1185.8	0.06524101	0.05968834	
1186	0.06462939	0.05963969	
1186.2	0.06451754	0.05959107	
1186.4	0.06470749	0.0595425	
1186.6	0.06459969	0.05949396	
1186.8	0.06460297	0.05944546	
1187	0.06486624	0.05939701	
1187.2	0.06521765	0.05934859	
1187.4	0.06541886	0.05930021	
1187.6	0.06567047	0.05925187	
1187.8	0.06619595	0.05920357	
1188	0.06624731	0.05915531	
1188.2	0.0660905	0.05910709	
1188.4	0.06642823	0.05905891	
1188.6	0.06639749	0.05901077	
1188.8	0.06603969	0.05896267	
1189	0.06596036	0.0589146	
1189.2	0.06547075	0.05886658	
1189.4	0.06534252	0.05881859	
1189.6	0.06500224	0.05877065	
1189.8	0.06487434	0.05872274	
1190	0.064382	0.05867487	
1190.2	0.06446891	0.05862704	
1190.4	0.06439835	0.05857925	
1190.6	0.06475278	0.0585315	
1190.8	0.06537771	0.05848379	
1191	0.06557434	0.05843611	
1191.2	0.06591483	0.05838848	
1191.4	0.06603135	0.05834088	
1191.6	0.06644792	0.05829333	
1191.8	0.06670443	0.05824581	
1192	0.06716684	0.05819833	
1192.2	0.06699055	0.05815089	
1192.4	0.06726063	0.05810349	
1192.6	0.06706685	0.05805612	
1192.8	0.06694614	0.0580088	
1193	0.06680511	0.05796151	
1193.2	0.06644577	0.05791427	
1193.4	0.06635907	0.05786706	
1193.6	0.0657663	0.05781989	
1193.8	0.06564805	0.05777275	
1194	0.06540991	0.05772566	
1194.2	0.06552535	0.0576786	
1194.4	0.06530556	0.05763159	
1194.6	0.06561418	0.05758461	
1194.8	0.06525961	0.05753767	
1195	0.064528	0.05749077	
1195.2	0.06477936	0.0574439	
1195.4	0.06440953	0.05739708	
1195.6	0.06477205	0.05735029	
1195.8	0.06491095	0.05730354	
1196	0.06511202	0.05725683	
1196.2	0.06484682	0.05721016	
1196.4	0.06481551	0.05716352	
1196.6	0.06481036	0.05711692	
1196.8	0.06475551	0.05707036	
1197	0.06440654	0.05702384	
1197.2	0.06445533	0.05697736	
1197.4	0.06445703	0.05693091	
1197.6	0.06387415	0.05688451	
1197.8	0.06394418	0.05683814	
1198	0.06346393	0.05679181	
1198.2	0.06314106	0.05674551	
1198.4	0.06260575	0.05669926	
1198.6	0.06222809	0.05665304	
1198.8	0.06178333	0.05660686	
1199	0.06140195	0.05656071	
1199.2	0.06205998	0.05651461	
1199.4	0.06164437	0.05646854	
1199.6	0.06188477	0.05642251	
1199.8	0.06173141	0.05637651	
1200	0.06203177	0.05633056	
1200.2	0.06243332	0.05628464	
1200.4	0.06278207	0.05623876	
1200.6	0.06335141	0.05619292	
1200.8	0.06348936	0.05614711	
1201	0.06336427	0.05610134	
1201.2	0.06384439	0.05605561	
1201.4	0.06403064	0.05600992	
1201.6	0.06384929	0.05596426	
1201.8	0.06340884	0.05591864	
1202	0.06326705	0.05587306	
1202.2	0.06333928	0.05582751	
1202.4	0.06310013	0.05578201	
1202.6	0.06301332	0.05573653	
1202.8	0.06289733	0.0556911	
1203	0.06289704	0.0556457	
1203.2	0.062924	0.05560034	
1203.4	0.06281137	0.05555502	
1203.6	0.06277859	0.05550973	
1203.8	0.06272406	0.05546449	
1204	0.06326375	0.05541927	
1204.2	0.06341351	0.0553741	
1204.4	0.06303681	0.05532896	
1204.6	0.06255911	0.05528386	
1204.8	0.06221065	0.05523879	
1205	0.06213736	0.05519376	
1205.2	0.06250651	0.05514877	
1205.4	0.06229983	0.05510382	
1205.6	0.0618089	0.0550589	
1205.8	0.06159356	0.05501402	
1206	0.06219996	0.05496917	
1206.2	0.06234158	0.05492437	
1206.4	0.06225209	0.05487959	
1206.6	0.06235357	0.05483486	
1206.8	0.06217372	0.05479016	
1207	0.06248825	0.0547455	
1207.2	0.06233308	0.05470087	
1207.4	0.06249763	0.05465628	
1207.6	0.06234192	0.05461173	
1207.8	0.06275367	0.05456721	
1208	0.06257859	0.05452273	
1208.2	0.06206317	0.05447829	
1208.4	0.06175216	0.05443388	
1208.6	0.06145485	0.05438951	
1208.8	0.06136151	0.05434517	
1209	0.06137065	0.05430087	
1209.2	0.06109186	0.05425661	
1209.4	0.06100649	0.05421238	
1209.6	0.06101721	0.05416819	
1209.8	0.06100958	0.05412403	
1210	0.06136738	0.05407991	
1210.2	0.06127863	0.05403583	
1210.4	0.06090917	0.05399178	
1210.6	0.0606128	0.05394777	
1210.8	0.06047339	0.05390379	
1211	0.06040709	0.05385985	
1211.2	0.06029357	0.05381595	
1211.4	0.06019738	0.05377208	
1211.6	0.06041712	0.05372825	
1211.8	0.06029256	0.05368445	
1212	0.05973167	0.05364069	
1212.2	0.06006415	0.05359697	
1212.4	0.06012689	0.05355328	
1212.6	0.05998387	0.05350962	
1212.8	0.05975821	0.053466	
1213	0.05981997	0.05342242	
1213.2	0.0596892	0.05337887	
1213.4	0.05984484	0.05333536	
1213.6	0.0596442	0.05329188	
1213.8	0.0589121	0.05324844	
1214	0.05880982	0.05320504	
1214.2	0.05835689	0.05316167	
1214.4	0.0581891	0.05311833	
1214.6	0.05821625	0.05307503	
1214.8	0.05794594	0.05303177	
1215	0.05794455	0.05298854	
1215.2	0.05806839	0.05294534	
1215.4	0.05804265	0.05290219	
1215.6	0.05825918	0.05285906	
1215.8	0.05835844	0.05281597	
1216	0.05869974	0.05277292	
1216.2	0.05870024	0.0527299	
1216.4	0.05858278	0.05268692	
1216.6	0.05891944	0.05264397	
1216.8	0.05849163	0.05260106	
1217	0.05835713	0.05255818	
1217.2	0.05822048	0.05251534	
1217.4	0.05766538	0.05247253	
1217.6	0.05770379	0.05242976	
1217.8	0.05710291	0.05238702	
1218	0.05717288	0.05234431	
1218.2	0.0571041	0.05230165	
1218.4	0.05720031	0.05225901	
1218.6	0.05703356	0.05221641	
1218.8	0.05669678	0.05217385	
1219	0.05711915	0.05213132	
1219.2	0.05715942	0.05208882	
1219.4	0.05732718	0.05204636	
1219.6	0.05753061	0.05200394	
1219.8	0.05729843	0.05196155	
1220	0.05733185	0.05191919	
1220.2	0.05719028	0.05187687	
1220.4	0.05732853	0.05183458	
1220.6	0.05737912	0.05179233	
1220.8	0.05706538	0.05175011	
1221	0.05732655	0.05170792	
1221.2	0.05747954	0.05166577	
1221.4	0.05718523	0.05162366	
1221.6	0.05742814	0.05158158	
1221.8	0.05681678	0.05153953	
1222	0.05665253	0.05149752	
1222.2	0.05692096	0.05145554	
1222.4	0.05675574	0.05141359	
1222.6	0.05645864	0.05137168	
1222.8	0.05653384	0.05132981	
1223	0.0568443	0.05128797	
1223.2	0.05660307	0.05124616	
1223.4	0.05667671	0.05120438	
1223.6	0.05672997	0.05116265	
1223.8	0.05630732	0.05112094	
1224	0.05656329	0.05107927	
1224.2	0.05683424	0.05103763	
1224.4	0.05670877	0.05099603	
1224.6	0.05673848	0.05095446	
1224.8	0.05704304	0.05091292	
1225	0.05726051	0.05087142	
1225.2	0.0567328	0.05082995	
1225.4	0.05628232	0.05078852	
1225.6	0.05592114	0.05074712	
1225.8	0.05569403	0.05070575	
1226	0.05602667	0.05066442	
1226.2	0.05611916	0.05062312	
1226.4	0.05555689	0.05058185	
1226.6	0.05545325	0.05054062	
1226.8	0.05526844	0.05049942	
1227	0.05511385	0.05045826	
1227.2	0.05465537	0.05041713	
1227.4	0.05449024	0.05037603	
1227.6	0.05444711	0.05033496	
1227.8	0.05446352	0.05029393	
1228	0.05475805	0.05025294	
1228.2	0.05494413	0.05021197	
1228.4	0.05468815	0.05017104	
1228.6	0.05484438	0.05013014	
1228.8	0.05521554	0.05008928	
1229	0.0550759	0.05004845	
1229.2	0.05467071	0.05000765	
1229.4	0.05477673	0.04996689	
1229.6	0.05492252	0.04992616	
1229.8	0.05543135	0.04988546	
1230	0.05587569	0.0498448	
1230.2	0.05566637	0.04980416	
1230.4	0.05542037	0.04976357	
1230.6	0.05539926	0.049723	
1230.8	0.05527376	0.04968247	
1231	0.05539725	0.04964197	
1231.2	0.05516232	0.0496015	
1231.4	0.0552865	0.04956107	
1231.6	0.05547075	0.04952067	
1231.8	0.05519924	0.0494803	
1232	0.05502514	0.04943997	
1232.2	0.05478699	0.04939967	
1232.4	0.05465868	0.0493594	
1232.6	0.05466468	0.04931917	
1232.8	0.054057	0.04927896	
1233	0.05367546	0.04923879	
1233.2	0.05333947	0.04919866	
1233.4	0.05318295	0.04915855	
1233.6	0.0531142	0.04911848	
1233.8	0.05311275	0.04907844	
1234	0.0531017	0.04903843	
1234.2	0.05293756	0.04899846	
1234.4	0.05250423	0.04895852	
1234.6	0.0530601	0.04891861	
1234.8	0.05310173	0.04887873	
1235	0.05340879	0.04883889	
1235.2	0.05354326	0.04879908	
1235.4	0.05386828	0.0487593	
1235.6	0.05422863	0.04871955	
1235.8	0.05429338	0.04867984	
1236	0.05460164	0.04864016	
1236.2	0.05443209	0.04860051	
1236.4	0.05441031	0.04856089	
1236.6	0.05407566	0.04852131	
1236.8	0.05360963	0.04848175	
1237	0.05336519	0.04844223	
1237.2	0.05359414	0.04840275	
1237.4	0.05366633	0.04836329	
1237.6	0.05395925	0.04832387	
1237.8	0.05391919	0.04828448	
1238	0.05406267	0.04824512	
1238.2	0.05389761	0.04820579	
1238.4	0.05327801	0.04816649	
1238.6	0.05367824	0.04812723	
1238.8	0.05310581	0.048088	
1239	0.05352447	0.0480488	
1239.2	0.05357983	0.04800963	
1239.4	0.05333647	0.0479705	
1239.6	0.05316305	0.04793139	
1239.8	0.05249503	0.04789232	
1240	0.05231997	0.04785328	
1240.2	0.05192985	0.04781428	
1240.4	0.05166469	0.0477753	
1240.6	0.05159433	0.04773635	
1240.8	0.0514299	0.04769744	
1241	0.0515771	0.04765856	
1241.2	0.05223307	0.04761971	
1241.4	0.05224537	0.04758089	
1241.6	0.05252487	0.04754211	
1241.8	0.05232043	0.04750335	
1242	0.05251347	0.04746463	
1242.2	0.05204145	0.04742594	
1242.4	0.05168841	0.04738728	
1242.6	0.05176694	0.04734865	
1242.8	0.05128243	0.04731006	
1243	0.05141356	0.04727149	
1243.2	0.05099178	0.04723296	
1243.4	0.05062341	0.04719446	
1243.6	0.05033894	0.04715599	
1243.8	0.0504542	0.04711755	
1244	0.05056498	0.04707914	
1244.2	0.05075272	0.04704076	
1244.4	0.05090665	0.04700242	
1244.6	0.05126176	0.0469641	
1244.8	0.0514141	0.04692582	
1245	0.05172341	0.04688757	
1245.2	0.05191319	0.04684935	
1245.4	0.05172879	0.04681116	
1245.6	0.05161252	0.046773	
1245.8	0.05147378	0.04673487	
1246	0.051628	0.04669678	
1246.2	0.0512105	0.04665871	
1246.4	0.05132404	0.04662068	
1246.6	0.05158724	0.04658267	
1246.8	0.05132934	0.0465447	
1247	0.05133207	0.04650676	
1247.2	0.05132373	0.04646885	
1247.4	0.05165033	0.04643097	
1247.6	0.05149971	0.04639312	
1247.8	0.05157307	0.0463553	
1248	0.05136545	0.04631752	
1248.2	0.05144497	0.04627976	
1248.4	0.05102142	0.04624204	
1248.6	0.05058513	0.04620434	
1248.8	0.05041025	0.04616668	
1249	0.05019003	0.04612905	
1249.2	0.04963185	0.04609144	
1249.4	0.04915043	0.04605387	
1249.6	0.04892443	0.04601633	
1249.8	0.04876908	0.04597882	
1250	0.04886725	0.04594134	
1250.2	0.04875437	0.04590389	
1250.4	0.04906202	0.04586647	
1250.6	0.04911566	0.04582908	
1250.8	0.04877466	0.04579173	
1251	0.04902683	0.0457544	
1251.2	0.04949471	0.0457171	
1251.4	0.04990204	0.04567983	
1251.6	0.04970107	0.0456426	
1251.8	0.04967413	0.04560539	
1252	0.04983279	0.04556822	
1252.2	0.04984514	0.04553107	
1252.4	0.04960591	0.04549396	
1252.6	0.04976513	0.04545687	
1252.8	0.05004107	0.04541982	
1253	0.05022947	0.04538279	
1253.2	0.04994141	0.0453458	
1253.4	0.05000173	0.04530884	
1253.6	0.0500019	0.0452719	
1253.8	0.04986155	0.045235	
1254	0.05023703	0.04519813	
1254.2	0.05027819	0.04516128	
1254.4	0.05045979	0.04512447	
1254.6	0.05043574	0.04508769	
1254.8	0.0507337	0.04505093	
1255	0.05074149	0.04501421	
1255.2	0.05065596	0.04497751	
1255.4	0.05066191	0.04494085	
1255.6	0.05040563	0.04490422	
1255.8	0.05010083	0.04486761	
1256	0.04978393	0.04483104	
1256.2	0.04966181	0.0447945	
1256.4	0.04924111	0.04475798	
1256.6	0.0493106	0.0447215	
1256.8	0.04905072	0.04468504	
1257	0.04859302	0.04464862	
1257.2	0.04819348	0.04461222	
1257.4	0.04832806	0.04457585	
1257.6	0.04816188	0.04453952	
1257.8	0.04821704	0.04450321	
1258	0.04876723	0.04446693	
1258.2	0.04882063	0.04443069	
1258.4	0.04914362	0.04439447	
1258.6	0.04903407	0.04435828	
1258.8	0.04905356	0.04432212	
1259	0.04865597	0.04428599	
1259.2	0.04901763	0.04424989	
1259.4	0.04910353	0.04421382	
1259.6	0.04878084	0.04417778	
1259.8	0.04869014	0.04414177	
1260	0.04849945	0.04410579	
1260.2	0.04835256	0.04406983	
1260.4	0.04820444	0.04403391	
1260.6	0.04792461	0.04399802	
1260.8	0.04752276	0.04396215	
1261	0.04710504	0.04392631	
1261.2	0.04679101	0.04389051	
1261.4	0.04681625	0.04385473	
1261.6	0.04668525	0.04381898	
1261.8	0.0468489	0.04378326	
1262	0.04654247	0.04374757	
1262.2	0.04658777	0.04371191	
1262.4	0.04655072	0.04367628	
1262.6	0.04628414	0.04364068	
1262.8	0.04616705	0.0436051	
1263	0.04610955	0.04356956	
1263.2	0.04672973	0.04353404	
1263.4	0.04677707	0.04349855	
1263.6	0.04715749	0.0434631	
1263.8	0.04755163	0.04342767	
1264	0.04765757	0.04339227	
1264.2	0.04758642	0.0433569	
1264.4	0.04790879	0.04332155	
1264.6	0.04808162	0.04328624	
1264.8	0.04841605	0.04325095	
1265	0.04841627	0.0432157	
1265.2	0.04800254	0.04318047	
1265.4	0.04818718	0.04314527	
1265.6	0.04806793	0.0431101	
1265.8	0.04769937	0.04307496	
1266	0.04689407	0.04303985	
1266.2	0.04704681	0.04300476	
1266.4	0.04669746	0.04296971	
1266.6	0.04639549	0.04293468	
1266.8	0.04619168	0.04289968	
1267	0.04604257	0.04286471	
1267.2	0.04639322	0.04282977	
1267.4	0.04619684	0.04279486	
1267.6	0.0459957	0.04275997	
1267.8	0.04592102	0.04272512	
1268	0.04557539	0.04269029	
1268.2	0.04564109	0.04265549	
1268.4	0.04602244	0.04262072	
1268.6	0.04627635	0.04258598	
1268.8	0.0464768	0.04255126	
1269	0.04659313	0.04251658	
1269.2	0.04644306	0.04248192	
1269.4	0.04621653	0.04244729	
1269.6	0.045882	0.04241269	
1269.8	0.04603677	0.04237812	
1270	0.04602998	0.04234357	
1270.2	0.04683578	0.04230906	
1270.4	0.0467395	0.04227457	
1270.6	0.04676954	0.04224011	
1270.8	0.0467942	0.04220567	
1271	0.04675839	0.04217127	
1271.2	0.04726616	0.04213689	
1271.4	0.04691959	0.04210255	
1271.6	0.04678381	0.04206823	
1271.8	0.04652096	0.04203393	
1272	0.04650887	0.04199967	
1272.2	0.04673633	0.04196543	
1272.4	0.04644763	0.04193123	
1272.6	0.04657628	0.04189705	
1272.8	0.04669545	0.04186289	
1273	0.04658485	0.04182877	
1273.2	0.04618784	0.04179467	
1273.4	0.04565488	0.0417606	
1273.6	0.04592046	0.04172656	
1273.8	0.04610283	0.04169255	
1274	0.04586659	0.04165856	
1274.2	0.04586972	0.0416246	
1274.4	0.04570681	0.04159067	
1274.6	0.04607997	0.04155677	
1274.8	0.04609167	0.04152289	
1275	0.04627269	0.04148905	
1275.2	0.0465236	0.04145523	
1275.4	0.04642781	0.04142143	
1275.6	0.04658744	0.04138767	
1275.8	0.04635128	0.04135393	
1276	0.04662844	0.04132022	
1276.2	0.0464149	0.04128654	
1276.4	0.04632881	0.04125288	
1276.6	0.04621336	0.04121926	
1276.8	0.04607133	0.04118566	
1277	0.04581159	0.04115208	
1277.2	0.04525116	0.04111854	
1277.4	0.04511193	0.04108502	
1277.6	0.04502721	0.04105153	
1277.8	0.04456641	0.04101807	
1278	0.04436996	0.04098463	
1278.2	0.04442112	0.04095122	
1278.4	0.04450975	0.04091784	
1278.6	0.04451571	0.04088449	
1278.8	0.04414332	0.04085116	
1279	0.04444193	0.04081786	
1279.2	0.04456264	0.04078459	
1279.4	0.04484811	0.04075134	
1279.6	0.04466031	0.04071812	
1279.8	0.04496595	0.04068493	
1280	0.04488324	0.04065177	
1280.2	0.0445783	0.04061863	
1280.4	0.04441402	0.04058552	
1280.6	0.04410964	0.04055243	
1280.8	0.04398565	0.04051938	
1281	0.04365242	0.04048635	
1281.2	0.04343072	0.04045335	
1281.4	0.0438368	0.04042037	
1281.6	0.04358993	0.04038742	
1281.8	0.04349587	0.0403545	
1282	0.04384348	0.0403216	
1282.2	0.04377155	0.04028874	
1282.4	0.04390993	0.04025589	
1282.6	0.04380553	0.04022308	
1282.8	0.04407425	0.04019029	
1283	0.04452016	0.04015753	
1283.2	0.04472626	0.0401248	
1283.4	0.04505649	0.04009209	
1283.6	0.04523956	0.04005941	
1283.8	0.04542386	0.04002675	
1284	0.04472287	0.03999412	
1284.2	0.04442462	0.03996152	
1284.4	0.04438813	0.03992895	
1284.6	0.04410842	0.0398964	
1284.8	0.04366636	0.03986388	
1285	0.04339829	0.03983138	
1285.2	0.04342006	0.03979891	
1285.4	0.04355427	0.03976647	
1285.6	0.04303971	0.03973406	
1285.8	0.04322005	0.03970167	
1286	0.04308619	0.0396693	
1286.2	0.04297546	0.03963697	
1286.4	0.04311566	0.03960466	
1286.6	0.04294243	0.03957237	
1286.8	0.04316432	0.03954011	
1287	0.04330479	0.03950788	
1287.2	0.04342799	0.03947568	
1287.4	0.04364665	0.0394435	
1287.6	0.04380649	0.03941135	
1287.8	0.04395427	0.03937922	
1288	0.04402857	0.03934712	
1288.2	0.0441111	0.03931505	
1288.4	0.04431983	0.039283	
1288.6	0.04402689	0.03925098	
1288.8	0.04379299	0.03921898	
1289	0.04375406	0.03918701	
1289.2	0.04365066	0.03915507	
1289.4	0.04335531	0.03912315	
1289.6	0.04288604	0.03909126	
1289.8	0.04313126	0.03905939	
1290	0.04271633	0.03902755	
1290.2	0.0430616	0.03899574	
1290.4	0.04242617	0.03896395	
1290.6	0.04187562	0.03893219	
1290.8	0.04164126	0.03890046	
1291	0.0417452	0.03886875	
1291.2	0.04180921	0.03883706	
1291.4	0.04188238	0.0388054	
1291.6	0.04218766	0.03877377	
1291.8	0.04217439	0.03874216	
1292	0.0421501	0.03871058	
1292.2	0.04237825	0.03867903	
1292.4	0.04257012	0.0386475	
1292.6	0.04231571	0.038616	
1292.8	0.04214843	0.03858452	
1293	0.04203885	0.03855307	
1293.2	0.04170151	0.03852164	
1293.4	0.04208495	0.03849024	
1293.6	0.04228572	0.03845886	
1293.8	0.04261039	0.03842751	
1294	0.04235953	0.03839619	
1294.2	0.04231149	0.03836489	
1294.4	0.04197739	0.03833362	
1294.6	0.04205952	0.03830237	
1294.8	0.04222771	0.03827115	
1295	0.04219082	0.03823995	
1295.2	0.04211758	0.03820878	
1295.4	0.04188191	0.03817763	
1295.6	0.04196185	0.03814651	
1295.8	0.04183327	0.03811541	
1296	0.04224376	0.03808434	
1296.2	0.04205876	0.0380533	
1296.4	0.04206564	0.03802228	
1296.6	0.04149262	0.03799129	
1296.8	0.04123199	0.03796032	
1297	0.04117522	0.03792937	
1297.2	0.04143686	0.03789846	
1297.4	0.04135645	0.03786756	
1297.6	0.04084693	0.03783669	
1297.8	0.04049404	0.03780585	
1298	0.04037052	0.03777503	
1298.2	0.04034906	0.03774424	
1298.4	0.04028816	0.03771347	
1298.6	0.04081943	0.03768273	
1298.8	0.04075197	0.03765202	
1299	0.04044213	0.03762132	
1299.2	0.04063518	0.03759066	
1299.4	0.04065405	0.03756001	
1299.6	0.0407907	0.0375294	
1299.8	0.04079359	0.0374988	
1300	0.04077377	0.03746824	
1300.2	0.04069489	0.03743769	
1300.4	0.04101065	0.03740718	
1300.6	0.04058529	0.03737668	
1300.8	0.04063726	0.03734622	
1301	0.04098819	0.03731577	
1301.2	0.04093201	0.03728536	
1301.4	0.04042617	0.03725496	
1301.6	0.04023028	0.03722459	
1301.8	0.04029476	0.03719425	
1302	0.04035314	0.03716393	
1302.2	0.04025947	0.03713364	
1302.4	0.04020986	0.03710337	
1302.6	0.04044851	0.03707312	
1302.8	0.03986285	0.0370429	
1303	0.03966372	0.03701271	
1303.2	0.03997647	0.03698253	
1303.4	0.039931	0.03695239	
1303.6	0.03985045	0.03692227	
1303.8	0.03999332	0.03689217	
1304	0.04013187	0.0368621	
1304.2	0.04000563	0.03683205	
1304.4	0.03976058	0.03680202	
1304.6	0.03932089	0.03677202	
1304.8	0.03940368	0.03674205	
1305	0.03931056	0.0367121	
1305.2	0.03910912	0.03668217	
1305.4	0.03897055	0.03665227	
1305.6	0.03845652	0.03662239	
1305.8	0.03839187	0.03659254	
1306	0.03802268	0.03656271	
1306.2	0.0379594	0.03653291	
1306.4	0.03798525	0.03650313	
1306.6	0.03793307	0.03647337	
1306.8	0.03796601	0.03644364	
1307	0.03852398	0.03641393	
1307.2	0.03903705	0.03638425	
1307.4	0.03899636	0.03635459	
1307.6	0.03913806	0.03632496	
1307.8	0.03966228	0.03629535	
1308	0.03961183	0.03626576	
1308.2	0.03946428	0.0362362	
1308.4	0.03967831	0.03620666	
1308.6	0.03951662	0.03617715	
1308.8	0.03941796	0.03614766	
1309	0.03933665	0.03611819	
1309.2	0.03956348	0.03608875	
1309.4	0.0394068	0.03605933	
1309.6	0.03895959	0.03602994	
1309.8	0.03899862	0.03600057	
1310	0.03847644	0.03597122	
1310.2	0.0382068	0.0359419	
1310.4	0.03820842	0.0359126	
1310.6	0.03783592	0.03588333	
1310.8	0.03811883	0.03585408	
1311	0.03808766	0.03582485	
1311.2	0.03748961	0.03579565	
1311.4	0.03753113	0.03576647	
1311.6	0.03750001	0.03573731	
1311.8	0.03754434	0.03570818	
1312	0.0380028	0.03567907	
1312.2	0.03808494	0.03564999	
1312.4	0.03809036	0.03562093	
1312.6	0.03827865	0.03559189	
1312.8	0.03827386	0.03556288	
1313	0.03865081	0.03553389	
1313.2	0.03879883	0.03550492	
1313.4	0.03858554	0.03547598	
1313.6	0.03830232	0.03544706	
1313.8	0.038171	0.03541817	
1314	0.03729883	0.0353893	
1314.2	0.03751614	0.03536045	
1314.4	0.03800531	0.03533163	
1314.6	0.03777732	0.03530282	
1314.8	0.03789201	0.03527405	
1315	0.0373231	0.03524529	
1315.2	0.03727632	0.03521656	
1315.4	0.03766953	0.03518786	
1315.6	0.03740617	0.03515917	
1315.8	0.03734988	0.03513051	
1316	0.03801411	0.03510188	
1316.2	0.03803664	0.03507326	
1316.4	0.03784035	0.03504467	
1316.6	0.03808278	0.03501611	
1316.8	0.03772913	0.03498756	
1317	0.03786302	0.03495904	
1317.2	0.03757025	0.03493054	
1317.4	0.03709768	0.03490207	
1317.6	0.0371553	0.03487362	
1317.8	0.03714906	0.03484519	
1318	0.03688432	0.03481679	
1318.2	0.03731764	0.03478841	
1318.4	0.0372864	0.03476005	
1318.6	0.03677797	0.03473171	
1318.8	0.03675917	0.0347034	
1319	0.03665616	0.03467511	
1319.2	0.03660092	0.03464685	
1319.4	0.03643686	0.03461861	
1319.6	0.03603851	0.03459039	
1319.8	0.03572796	0.03456219	
1320	0.03559012	0.03453402	
1320.2	0.03496576	0.03450587	
1320.4	0.0345129	0.03447774	
1320.6	0.03480145	0.03444963	
1320.8	0.03472886	0.03442155	
1321	0.03465452	0.03439349	
1321.2	0.03469931	0.03436546	
1321.4	0.03513335	0.03433744	
1321.6	0.03569104	0.03430945	
1321.8	0.03562262	0.03428149	
1322	0.03560902	0.03425354	
1322.2	0.03577158	0.03422562	
1322.4	0.03625552	0.03419772	
1322.6	0.0362065	0.03416984	
1322.8	0.03667172	0.03414199	
1323	0.03661533	0.03411416	
1323.2	0.03656018	0.03408635	
1323.4	0.03679433	0.03405856	
1323.6	0.03651685	0.0340308	
1323.8	0.03591072	0.03400306	
1324	0.03576548	0.03397534	
1324.2	0.03523209	0.03394765	
1324.4	0.03519717	0.03391998	
1324.6	0.03548003	0.03389233	
1324.8	0.0350774	0.0338647	
1325	0.03502512	0.03383709	
1325.2	0.0351128	0.03380951	
1325.4	0.03516882	0.03378195	
1325.6	0.03514797	0.03375441	
1325.8	0.03492807	0.0337269	
1326	0.03529382	0.03369941	
1326.2	0.03558794	0.03367194	
1326.4	0.0358378	0.03364449	
1326.6	0.03567385	0.03361706	
1326.8	0.03597435	0.03358966	
1327	0.03616577	0.03356228	
1327.2	0.03629617	0.03353492	
1327.4	0.03678787	0.03350758	
1327.6	0.03625693	0.03348027	
1327.8	0.03624434	0.03345298	
1328	0.0364279	0.03342571	
1328.2	0.03600902	0.03339846	
1328.4	0.03617843	0.03337124	
1328.6	0.03648679	0.03334403	
1328.8	0.03572659	0.03331685	
1329	0.03542131	0.0332897	
1329.2	0.03508959	0.03326256	
1329.4	0.03511872	0.03323544	
1329.6	0.03488974	0.03320835	
1329.8	0.03483328	0.03318128	
1330	0.03453765	0.03315424	
1330.2	0.03440081	0.03312721	
1330.4	0.03418392	0.03310021	
1330.6	0.03406885	0.03307322	
1330.8	0.03441193	0.03304626	
1331	0.03444864	0.03301933	
1331.2	0.03413004	0.03299241	
1331.4	0.0343692	0.03296552	
1331.6	0.03422512	0.03293864	
1331.8	0.03451252	0.03291179	
1332	0.03423729	0.03288497	
1332.2	0.03428971	0.03285816	
1332.4	0.03442335	0.03283138	
1332.6	0.03463579	0.03280461	
1332.8	0.03461206	0.03277787	
1333	0.03490995	0.03275115	
1333.2	0.03512905	0.03272446	
1333.4	0.03519722	0.03269778	
1333.6	0.03525941	0.03267113	
1333.8	0.03514338	0.03264449	
1334	0.03475589	0.03261788	
1334.2	0.03507259	0.0325913	
1334.4	0.0350259	0.03256473	
1334.6	0.0351806	0.03253818	
1334.8	0.03543152	0.03251166	
1335	0.03490691	0.03248516	
1335.2	0.03454742	0.03245868	
1335.4	0.03457285	0.03243222	
1335.6	0.0343955	0.03240578	
1335.8	0.03388994	0.03237936	
1336	0.03345008	0.03235297	
1336.2	0.03348969	0.0323266	
1336.4	0.03342018	0.03230025	
1336.6	0.0335381	0.03227392	
1336.8	0.03307161	0.03224761	
1337	0.0332124	0.03222132	
1337.2	0.03286714	0.03219506	
1337.4	0.03265794	0.03216881	
1337.6	0.03266647	0.03214259	
1337.8	0.03229754	0.03211639	
1338	0.03226463	0.03209021	
1338.2	0.03255887	0.03206405	
1338.4	0.03239592	0.03203791	
1338.6	0.03279025	0.0320118	
1338.8	0.03264277	0.0319857	
1339	0.03245849	0.03195963	
1339.2	0.03253895	0.03193358	
1339.4	0.03254653	0.03190755	
1339.6	0.03216163	0.03188154	
1339.8	0.03183174	0.03185555	
1340	0.03163044	0.03182958	
1340.2	0.03137466	0.03180364	
1340.4	0.030848	0.03177771	
1340.6	0.0305255	0.03175181	
1340.8	0.03024113	0.03172592	
1341	0.03070358	0.03170006	
1341.2	0.03065375	0.03167422	
1341.4	0.03092041	0.0316484	
1341.6	0.03082118	0.0316226	
1341.8	0.03081271	0.03159683	
1342	0.03086409	0.03157107	
1342.2	0.03122074	0.03154534	
1342.4	0.03109115	0.03151962	
1342.6	0.03147982	0.03149393	
1342.8	0.03167183	0.03146826	
1343	0.03179634	0.0314426	
1343.2	0.03159709	0.03141697	
1343.4	0.03178073	0.03139136	
1343.6	0.03152545	0.03136578	
1343.8	0.03173194	0.03134021	
1344	0.03145458	0.03131466	
1344.2	0.03170951	0.03128913	
1344.4	0.03146012	0.03126363	
1344.6	0.03147703	0.03123814	
1344.8	0.03159967	0.03121268	
1345	0.03176997	0.03118724	
1345.2	0.031741	0.03116181	
1345.4	0.03161179	0.03113641	
1345.6	0.03147499	0.03111103	
1345.8	0.03125084	0.03108567	
1346	0.03129583	0.03106033	
1346.2	0.03117097	0.03103501	
1346.4	0.03101213	0.03100971	
1346.6	0.03095625	0.03098444	
1346.8	0.03087146	0.03095918	
1347	0.03051505	0.03093394	
1347.2	0.03053621	0.03090873	
1347.4	0.03055514	0.03088353	
1347.6	0.03016975	0.03085836	
1347.8	0.03033404	0.0308332	
1348	0.02992745	0.03080807	
1348.2	0.03043585	0.03078295	
1348.4	0.02999557	0.03075786	
1348.6	0.03027885	0.03073279	
1348.8	0.03009254	0.03070774	
1349	0.03008522	0.03068271	
1349.2	0.02995993	0.03065769	
1349.4	0.02974672	0.0306327	
1349.6	0.02970668	0.03060773	
1349.8	0.02938647	0.03058278	
1350	0.02960797	0.03055785	
1350.2	0.02942463	0.03053294	
1350.4	0.02978225	0.03050806	
1350.6	0.02925523	0.03048319	
1350.8	0.02941092	0.03045834	
1351	0.02936839	0.03043351	
1351.2	0.02940658	0.0304087	
1351.4	0.02919953	0.03038391	
1351.6	0.02936857	0.03035915	
1351.8	0.02923227	0.0303344	
1352	0.02893683	0.03030967	
1352.2	0.02947667	0.03028496	
1352.4	0.02997193	0.03026028	
1352.6	0.02985909	0.03023561	
1352.8	0.02950062	0.03021096	
1353	0.02964947	0.03018634	
1353.2	0.02958765	0.03016173	
1353.4	0.02928449	0.03013714	
1353.6	0.02925173	0.03011258	
1353.8	0.02889653	0.03008803	
1354	0.02898512	0.03006351	
1354.2	0.029076	0.030039	
1354.4	0.02917967	0.03001451	
1354.6	0.02854756	0.02999005	
1354.8	0.02832646	0.0299656	
1355	0.02828571	0.02994117	
1355.2	0.02826752	0.02991677	
1355.4	0.02782831	0.02989238	
1355.6	0.02747963	0.02986801	
1355.8	0.02758583	0.02984367	
1356	0.02786413	0.02981934	
1356.2	0.02832047	0.02979503	
1356.4	0.02817522	0.02977074	
1356.6	0.02766771	0.02974648	
1356.8	0.02800187	0.02972223	
1357	0.02794776	0.029698	
1357.2	0.02771536	0.02967379	
1357.4	0.02777611	0.0296496	
1357.6	0.0277304	0.02962543	
1357.8	0.02777872	0.02960128	
1358	0.02820812	0.02957715	
1358.2	0.02857546	0.02955304	
1358.4	0.02867947	0.02952895	
1358.6	0.02854246	0.02950488	
1358.8	0.0284683	0.02948083	
1359	0.02864776	0.0294568	
1359.2	0.02854532	0.02943279	
1359.4	0.02823306	0.0294088	
1359.6	0.02842913	0.02938482	
1359.8	0.02888128	0.02936087	
1360	0.02879441	0.02933694	
1360.2	0.02831661	0.02931302	
1360.4	0.02783439	0.02928913	
1360.6	0.02761695	0.02926525	
1360.8	0.02774331	0.0292414	
1361	0.02737892	0.02921756	
1361.2	0.02741769	0.02919374	
1361.4	0.02782238	0.02916995	
1361.6	0.02809177	0.02914617	
1361.8	0.02818892	0.02912241	
1362	0.02829915	0.02909867	
1362.2	0.02847793	0.02907495	
1362.4	0.02830284	0.02905125	
1362.6	0.02815939	0.02902757	
1362.8	0.02778816	0.02900391	
1363	0.02778241	0.02898026	
1363.2	0.02796012	0.02895664	
1363.4	0.02780756	0.02893304	
1363.6	0.02789534	0.02890945	
1363.8	0.02757785	0.02888589	
1364	0.02711357	0.02886234	
1364.2	0.02649251	0.02883881	
1364.4	0.02633849	0.0288153	
1364.6	0.02629919	0.02879182	
1364.8	0.02645857	0.02876835	
1365	0.02622625	0.0287449	
1365.2	0.0263678	0.02872146	
1365.4	0.02675338	0.02869805	
1365.6	0.0270753	0.02867466	
1365.8	0.0268925	0.02865128	
1366	0.02691651	0.02862793	
1366.2	0.02686837	0.02860459	
1366.4	0.02646559	0.02858128	
1366.6	0.0261773	0.02855798	
1366.8	0.02614024	0.0285347	
1367	0.02635121	0.02851144	
1367.2	0.02671302	0.0284882	
1367.4	0.02664485	0.02846497	
1367.6	0.02641962	0.02844177	
1367.8	0.02619522	0.02841859	
1368	0.02590783	0.02839542	
1368.2	0.02545242	0.02837227	
1368.4	0.02517215	0.02834915	
1368.6	0.02455792	0.02832604	
1368.8	0.02445336	0.02830295	
1369	0.02442328	0.02827988	
1369.2	0.02433657	0.02825682	
1369.4	0.02476999	0.02823379	
1369.6	0.02507615	0.02821077	
1369.8	0.02519195	0.02818778	
1370	0.02541934	0.0281648	
1370.2	0.02549903	0.02814184	
1370.4	0.02536069	0.0281189	
1370.6	0.02570318	0.02809598	
1370.8	0.02628071	0.02807308	
1371	0.02661703	0.02805019	
1371.2	0.02684624	0.02802733	
1371.4	0.02675952	0.02800448	
1371.6	0.02688184	0.02798165	
1371.8	0.02660299	0.02795885	
1372	0.02606692	0.02793605	
1372.2	0.02560411	0.02791328	
1372.4	0.02544786	0.02789053	
1372.6	0.02491087	0.02786779	
1372.8	0.02493069	0.02784508	
1373	0.02484444	0.02782238	
1373.2	0.02460124	0.0277997	
1373.4	0.02497232	0.02777704	
1373.6	0.02505928	0.0277544	
1373.8	0.02515747	0.02773177	
1374	0.02522562	0.02770917	
1374.2	0.02521957	0.02768658	
1374.4	0.02547358	0.02766401	
1374.6	0.02530965	0.02764146	
1374.8	0.02523498	0.02761893	
1375	0.02502683	0.02759641	
1375.2	0.02511989	0.02757392	
1375.4	0.02543161	0.02755144	
1375.6	0.02568802	0.02752898	
1375.8	0.0256518	0.02750654	
1376	0.02581143	0.02748412	
1376.2	0.025978	0.02746172	
1376.4	0.02648593	0.02743933	
1376.6	0.02620857	0.02741696	
1376.8	0.02633287	0.02739461	
1377	0.0261629	0.02737228	
1377.2	0.0258596	0.02734997	
1377.4	0.02606641	0.02732768	
1377.6	0.02599118	0.0273054	
1377.8	0.02568912	0.02728314	
1378	0.02547786	0.0272609	
1378.2	0.02543603	0.02723868	
1378.4	0.02475694	0.02721648	
1378.6	0.02454866	0.02719429	
1378.8	0.02432777	0.02717212	
1379	0.02405473	0.02714997	
1379.2	0.02417636	0.02712784	
1379.4	0.02405496	0.02710573	
1379.6	0.0242854	0.02708363	
1379.8	0.0240436	0.02706156	
1380	0.02402905	0.0270395	
1380.2	0.02426759	0.02701746	
1380.4	0.02420133	0.02699543	
1380.6	0.02396301	0.02697343	
1380.8	0.02402477	0.02695144	
1381	0.02373245	0.02692947	
1381.2	0.02396499	0.02690752	
1381.4	0.02443368	0.02688558	
1381.6	0.02412229	0.02686367	
1381.8	0.0241781	0.02684177	
1382	0.02447131	0.02681989	
1382.2	0.02458626	0.02679803	
1382.4	0.02433722	0.02677618	
1382.6	0.02476729	0.02675436	
1382.8	0.02426313	0.02673255	
1383	0.02437144	0.02671076	
1383.2	0.02478644	0.02668898	
1383.4	0.02500657	0.02666723	
1383.6	0.02479178	0.02664549	
1383.8	0.0245834	0.02662377	
1384	0.02460628	0.02660207	
1384.2	0.02433478	0.02658038	
1384.4	0.02415819	0.02655871	
1384.6	0.02425183	0.02653707	
1384.8	0.02444125	0.02651543	
1385	0.02397194	0.02649382	
1385.2	0.02369628	0.02647222	
1385.4	0.02342205	0.02645064	
1385.6	0.02282622	0.02642908	
1385.8	0.02273217	0.02640754	
1386	0.02267112	0.02638601	
1386.2	0.02274066	0.0263645	
1386.4	0.02210273	0.02634301	
1386.6	0.02204948	0.02632154	
1386.8	0.02185751	0.02630008	
1387	0.02195452	0.02627864	
1387.2	0.0221332	0.02625722	
1387.4	0.02208411	0.02623582	
1387.6	0.02206613	0.02621443	
1387.8	0.02260367	0.02619306	
1388	0.02273647	0.02617171	
1388.2	0.02290038	0.02615038	
1388.4	0.02335212	0.02612906	
1388.6	0.02341207	0.02610776	
1388.8	0.02351643	0.02608648	
1389	0.02324853	0.02606522	
1389.2	0.02334822	0.02604397	
1389.4	0.02346641	0.02602274	
1389.6	0.02353032	0.02600153	
1389.8	0.0230829	0.02598033	
1390	0.02316628	0.02595915	
1390.2	0.02316223	0.02593799	
1390.4	0.02247988	0.02591685	
1390.6	0.02284302	0.02589572	
1390.8	0.02251466	0.02587461	
1391	0.0226119	0.02585352	
1391.2	0.02280596	0.02583245	
1391.4	0.02264744	0.02581139	
1391.6	0.02301897	0.02579035	
1391.8	0.02344479	0.02576933	
1392	0.02373778	0.02574832	
1392.2	0.0238618	0.02572733	
1392.4	0.02350331	0.02570636	
1392.6	0.02316284	0.02568541	
1392.8	0.02335511	0.02566447	
1393	0.02337701	0.02564355	
1393.2	0.02350074	0.02562264	
1393.4	0.02296903	0.02560176	
1393.6	0.02247558	0.02558089	
1393.8	0.02200878	0.02556004	
1394	0.02225982	0.0255392	
1394.2	0.02240905	0.02551838	
1394.4	0.0228249	0.02549758	
1394.6	0.02303038	0.0254768	
1394.8	0.02321838	0.02545603	
1395	0.02343627	0.02543528	
1395.2	0.02331404	0.02541454	
1395.4	0.02299242	0.02539383	
1395.6	0.02332865	0.02537313	
1395.8	0.02345897	0.02535244	
1396	0.02315427	0.02533178	
1396.2	0.02260487	0.02531113	
1396.4	0.02202455	0.0252905	
1396.6	0.02210563	0.02526988	
1396.8	0.02208586	0.02524928	
1397	0.02168554	0.0252287	
1397.2	0.02153645	0.02520813	
1397.4	0.02092725	0.02518759	
1397.6	0.02116843	0.02516705	
1397.8	0.02132905	0.02514654	
1398	0.02192897	0.02512604	
1398.2	0.02211294	0.02510556	
1398.4	0.02218972	0.02508509	
1398.6	0.02186337	0.02506465	
1398.8	0.02214466	0.02504421	
1399	0.02190417	0.0250238	
1399.2	0.02156778	0.0250034	
1399.4	0.02120597	0.02498302	
1399.6	0.02096233	0.02496265	
1399.8	0.02090472	0.02494231	
1400	0.02061591	0.02492197	
1400.2	0.02026964	0.02490166	
1400.4	0.02026675	0.02488136	
1400.6	0.0201108	0.02486108	
1400.8	0.02020129	0.02484081	
1401	0.02008537	0.02482056	
1401.2	0.02022278	0.02480033	
1401.4	0.02040585	0.02478011	
1401.6	0.02045038	0.02475992	
1401.8	0.02090571	0.02473973	
1402	0.02158719	0.02471957	
1402.2	0.02123812	0.02469942	
1402.4	0.02118842	0.02467928	
1402.6	0.02146679	0.02465916	
1402.8	0.02178115	0.02463906	
1403	0.02154061	0.02461898	
1403.2	0.02187829	0.02459891	
1403.4	0.02203696	0.02457886	
1403.6	0.02191948	0.02455882	
1403.8	0.02186915	0.0245388	
1404	0.02195717	0.0245188	
1404.2	0.02197303	0.02449881	
1404.4	0.0225631	0.02447884	
1404.6	0.0228453	0.02445889	
1404.8	0.02333368	0.02443895	
1405	0.02307263	0.02441903	
1405.2	0.02324151	0.02439912	
1405.4	0.02295699	0.02437924	
1405.6	0.02260706	0.02435936	
1405.8	0.02305032	0.02433951	
1406	0.02259786	0.02431967	
1406.2	0.02221063	0.02429984	
1406.4	0.02189126	0.02428003	
1406.6	0.02165576	0.02426024	
1406.8	0.02141297	0.02424047	
1407	0.02127464	0.02422071	
1407.2	0.02095221	0.02420096	
1407.4	0.02067879	0.02418123	
1407.6	0.01987346	0.02416152	
1407.8	0.01946825	0.02414183	
1408	0.01942988	0.02412215	
1408.2	0.01930913	0.02410249	
1408.4	0.01946652	0.02408284	
1408.6	0.01937925	0.02406321	
1408.8	0.01962367	0.02404359	
1409	0.01931756	0.02402399	
1409.2	0.019444	0.02400441	
1409.4	0.01918679	0.02398484	
1409.6	0.01927691	0.02396529	
1409.8	0.01961268	0.02394575	
1410	0.01973747	0.02392624	
1410.2	0.0200459	0.02390673	
1410.4	0.02039598	0.02388724	
1410.6	0.02029715	0.02386777	
1410.8	0.02060947	0.02384832	
1411	0.02072837	0.02382888	
1411.2	0.02037434	0.02380945	
1411.4	0.02073992	0.02379004	
1411.6	0.02002602	0.02377065	
1411.8	0.01979203	0.02375127	
1412	0.01965118	0.02373191	
1412.2	0.0194415	0.02371257	
1412.4	0.01965219	0.02369324	
1412.6	0.01953605	0.02367392	
1412.8	0.01946975	0.02365463	
1413	0.01911533	0.02363534	
1413.2	0.01900949	0.02361608	
1413.4	0.01896173	0.02359683	
1413.6	0.01900217	0.02357759	
1413.8	0.0189729	0.02355837	
1414	0.0191849	0.02353917	
1414.2	0.0190314	0.02351998	
1414.4	0.01919876	0.02350081	
1414.6	0.0189995	0.02348165	
1414.8	0.01945173	0.02346251	
1415	0.01958283	0.02344339	
1415.2	0.01935367	0.02342428	
1415.4	0.0191095	0.02340518	
1415.6	0.01883109	0.0233861	
1415.8	0.0191577	0.02336704	
1416	0.01909166	0.02334799	
1416.2	0.01917787	0.02332896	
1416.4	0.01913939	0.02330994	
1416.6	0.01870114	0.02329094	
1416.8	0.01855615	0.02327196	
1417	0.01868915	0.02325298	
1417.2	0.01873888	0.02323403	
1417.4	0.01883836	0.02321509	
1417.6	0.01917534	0.02319617	
1417.8	0.01954516	0.02317726	
1418	0.01976212	0.02315837	
1418.2	0.01969678	0.02313949	
1418.4	0.01987262	0.02312063	
1418.6	0.02012931	0.02310178	
1418.8	0.0198244	0.02308295	
1419	0.0197104	0.02306413	
1419.2	0.01935706	0.02304533	
1419.4	0.01907771	0.02302654	
1419.6	0.01927969	0.02300777	
1419.8	0.01942438	0.02298902	
1420	0.01852972	0.02297028	
1420.2	0.01865772	0.02295156	
1420.4	0.01835139	0.02293285	
1420.6	0.01803988	0.02291415	
1420.8	0.01773275	0.02289547	
1421	0.01736184	0.02287681	
1421.2	0.01693308	0.02285816	
1421.4	0.01679628	0.02283953	
1421.6	0.01706818	0.02282091	
1421.8	0.01708162	0.02280231	
1422	0.0169319	0.02278372	
1422.2	0.01709444	0.02276515	
1422.4	0.017531	0.02274659	
1422.6	0.01788416	0.02272805	
1422.8	0.01784441	0.02270952	
1423	0.01814946	0.02269101	
1423.2	0.01823105	0.02267252	
1423.4	0.01864351	0.02265403	
1423.6	0.0189985	0.02263557	
1423.8	0.01935641	0.02261712	
1424	0.01936363	0.02259868	
1424.2	0.01993391	0.02258026	
1424.4	0.01968766	0.02256185	
1424.6	0.0195005	0.02254346	
1424.8	0.01947366	0.02252508	
1425	0.01923108	0.02250672	
1425.2	0.01904511	0.02248838	
1425.4	0.01901864	0.02247004	
1425.6	0.01878849	0.02245173	
1425.8	0.0187156	0.02243343	
1426	0.01817125	0.02241514	
1426.2	0.01797242	0.02239687	
1426.4	0.01759054	0.02237861	
1426.6	0.01726459	0.02236037	
1426.8	0.01715435	0.02234214	
1427	0.01661776	0.02232393	
1427.2	0.01655954	0.02230573	
1427.4	0.01664978	0.02228755	
1427.6	0.01661239	0.02226938	
1427.8	0.01701146	0.02225123	
1428	0.01690489	0.02223309	
1428.2	0.0167619	0.02221497	
1428.4	0.01703679	0.02219686	
1428.6	0.01747669	0.02217876	
1428.8	0.01765682	0.02216068	
1429	0.01797671	0.02214262	
1429.2	0.01782505	0.02212457	
1429.4	0.01801605	0.02210654	
1429.6	0.01810872	0.02208852	
1429.8	0.01824196	0.02207051	
1430	0.01793631	0.02205252	
1430.2	0.01773994	0.02203454	
1430.4	0.01763401	0.02201658	
1430.6	0.01793862	0.02199863	
1430.8	0.01793565	0.0219807	
1431	0.01766432	0.02196278	
1431.2	0.01783932	0.02194488	
1431.4	0.01807016	0.02192699	
1431.6	0.01774101	0.02190912	
1431.8	0.01740581	0.02189126	
1432	0.01700422	0.02187341	
1432.2	0.01734175	0.02185558	
1432.4	0.01743216	0.02183777	
1432.6	0.01761631	0.02181997	
1432.8	0.01767237	0.02180218	
1433	0.01790294	0.02178441	
1433.2	0.01737887	0.02176665	
1433.4	0.0176545	0.02174891	
1433.6	0.01774727	0.02173118	
1433.8	0.01761153	0.02171347	
1434	0.01760217	0.02169577	
1434.2	0.01755499	0.02167808	
1434.4	0.01807861	0.02166041	
1434.6	0.01809444	0.02164275	
1434.8	0.01793118	0.02162511	
1435	0.01770192	0.02160748	
1435.2	0.01738949	0.02158987	
1435.4	0.01703871	0.02157227	
1435.6	0.01634566	0.02155469	
1435.8	0.01632805	0.02153711	
1436	0.01704403	0.02151956	
1436.2	0.01769205	0.02150202	
1436.4	0.017581	0.02148449	
1436.6	0.01770282	0.02146698	
1436.8	0.01766424	0.02144948	
1437	0.01756871	0.02143199	
1437.2	0.01720774	0.02141452	
1437.4	0.01736127	0.02139707	
1437.6	0.01742759	0.02137962	
1437.8	0.01731103	0.0213622	
1438	0.01738914	0.02134478	
1438.2	0.01739874	0.02132738	
1438.4	0.01750992	0.02131	
1438.6	0.01716212	0.02129263	
1438.8	0.01697498	0.02127527	
1439	0.01685829	0.02125793	
1439.2	0.01687614	0.0212406	
1439.4	0.01698498	0.02122329	
1439.6	0.01730146	0.02120598	
1439.8	0.01780246	0.0211887	
