Conc1	5E-08	
Start1	1020	
Stop1	1439.8	
Kobs	0.00407743624399587	
Error Kobs	4.86367150944756E-05	
Koff	0	
Error Koff	0	
Time1	Data1	Fit1	
1020	0.00670324	0	
1020.2	0.00678871	0.0017498	
1020.4	0.00714741	0.00346053	
1020.6	0.00759434	0.00513306	
1020.8	0.00761661	0.00676825	
1021	0.00858289	0.00836692	
1021.2	0.00928733	0.0099299	
1021.4	0.01069443	0.01145798	
1021.6	0.01156984	0.01295193	
1021.8	0.01350703	0.01441253	
1022	0.01506025	0.01584052	
1022.2	0.01663219	0.01723662	
1022.4	0.01815102	0.01860155	
1022.6	0.01944575	0.019936	
1022.8	0.02146379	0.02124065	
1023	0.02218762	0.02251617	
1023.2	0.02397588	0.02376321	
1023.4	0.02426892	0.0249824	
1023.6	0.02573514	0.02617438	
1023.8	0.02598821	0.02733973	
1024	0.02754315	0.02847907	
1024.2	0.02773241	0.02959296	
1024.4	0.0288387	0.03068199	
1024.6	0.02957436	0.03174669	
1024.8	0.03013459	0.03278763	
1025	0.03159315	0.03380532	
1025.2	0.03181421	0.03480028	
1025.4	0.03329834	0.03577303	
1025.6	0.03374633	0.03672406	
1025.8	0.03529602	0.03765386	
1026	0.03583703	0.03856289	
1026.2	0.03723544	0.03945162	
1026.4	0.03819894	0.04032051	
1026.6	0.03976002	0.04117	
1026.8	0.04060659	0.04200052	
1027	0.04097941	0.0428125	
1027.2	0.04212919	0.04360634	
1027.4	0.04256301	0.04438246	
1027.6	0.04428463	0.04514126	
1027.8	0.04473476	0.0458831	
1028	0.04598796	0.04660838	
1028.2	0.04610635	0.04731747	
1028.4	0.04757988	0.04801073	
1028.6	0.04797675	0.0486885	
1028.8	0.04835781	0.04935114	
1029	0.04908619	0.04999899	
1029.2	0.04909212	0.05063237	
1029.4	0.05032542	0.05125161	
1029.6	0.05029986	0.05185701	
1029.8	0.05132409	0.05244891	
1030	0.05221106	0.05302758	
1030.2	0.05347925	0.05359334	
1030.4	0.05371525	0.05414646	
1030.6	0.05464931	0.05468723	
1030.8	0.05442182	0.05521593	
1031	0.0552446	0.05573282	
1031.2	0.05631732	0.05623817	
1031.4	0.05675728	0.05673223	
1031.6	0.05815068	0.05721527	
1031.8	0.05804897	0.05768751	
1032	0.05889533	0.05814922	
1032.2	0.05859111	0.05860061	
1032.4	0.05945992	0.05904193	
1032.6	0.05939647	0.05947339	
1032.8	0.06017079	0.05989521	
1033	0.06091384	0.06030762	
1033.2	0.06122171	0.06071082	
1033.4	0.06198286	0.06110502	
1033.6	0.06190324	0.06149041	
1033.8	0.063495	0.0618672	
1034	0.06368145	0.06223557	
1034.2	0.0647473	0.06259572	
1034.4	0.06438769	0.06294783	
1034.6	0.06498727	0.06329208	
1034.8	0.06498786	0.06362864	
1035	0.06583365	0.06395768	
1035.2	0.06582633	0.06427938	
1035.4	0.06588781	0.06459389	
1035.6	0.06666939	0.06490139	
1035.8	0.06625155	0.06520201	
1036	0.0669306	0.06549592	
1036.2	0.06675757	0.06578327	
1036.4	0.06778852	0.06606421	
1036.6	0.06771632	0.06633887	
1036.8	0.06863269	0.0666074	
1037	0.06900093	0.06686993	
1037.2	0.06940404	0.0671266	
1037.4	0.06950287	0.06737754	
1037.6	0.06944151	0.06762287	
1037.8	0.07044028	0.06786273	
1038	0.06971299	0.06809723	
1038.2	0.07051401	0.0683265	
1038.4	0.06946422	0.06855065	
1038.6	0.07046605	0.06876979	
1038.8	0.07031432	0.06898404	
1039	0.07098024	0.0691935	
1039.2	0.0707458	0.06939829	
1039.4	0.07101778	0.0695985	
1039.6	0.07110141	0.06979425	
1039.8	0.07124747	0.06998562	
1040	0.07202535	0.07017272	
1040.2	0.07205739	0.07035564	
1040.4	0.07256593	0.07053448	
1040.6	0.07228249	0.07070933	
1040.8	0.07308177	0.07088027	
1041	0.07285961	0.07104739	
1041.2	0.07312704	0.07121078	
1041.4	0.07287673	0.07137053	
1041.6	0.07304095	0.0715267	
1041.8	0.07316123	0.07167939	
1042	0.07307009	0.07182867	
1042.2	0.07367264	0.07197462	
1042.4	0.07319696	0.07211731	
1042.6	0.07449136	0.07225681	
1042.8	0.07402997	0.0723932	
1043	0.07440513	0.07252654	
1043.2	0.07369713	0.0726569	
1043.4	0.07410718	0.07278436	
1043.6	0.07397767	0.07290896	
1043.8	0.07421185	0.07303079	
1044	0.07410906	0.07314989	
1044.2	0.07372219	0.07326634	
1044.4	0.07388001	0.07338018	
1044.6	0.07360437	0.07349149	
1044.8	0.07398723	0.07360031	
1045	0.0738335	0.07370669	
1045.2	0.07454876	0.07381071	
1045.4	0.0743246	0.0739124	
1045.6	0.07504452	0.07401182	
1045.8	0.07513172	0.07410902	
1046	0.07578399	0.07420405	
1046.2	0.07604385	0.07429695	
1046.4	0.07615697	0.07438779	
1046.6	0.07702241	0.07447659	
1046.8	0.07662054	0.07456341	
1047	0.07702288	0.0746483	
1047.2	0.076518	0.07473128	
1047.4	0.07660297	0.07481242	
1047.6	0.07601572	0.07489174	
1047.8	0.07631715	0.07496929	
1048	0.07587544	0.07504511	
1048.2	0.07604858	0.07511924	
1048.4	0.07590898	0.07519171	
1048.6	0.07562333	0.07526257	
1048.8	0.07618496	0.07533184	
1049	0.07616801	0.07539956	
1049.2	0.07649927	0.07546578	
1049.4	0.07615851	0.07553051	
1049.6	0.07689643	0.0755938	
1049.8	0.07628166	0.07565568	
1050	0.07690672	0.07571617	
1050.2	0.0765851	0.07577531	
1050.4	0.07693916	0.07583314	
1050.6	0.07717817	0.07588967	
1050.8	0.07676028	0.07594494	
1051	0.0771138	0.07599897	
1051.2	0.07647354	0.0760518	
1051.4	0.07640788	0.07610345	
1051.6	0.07639917	0.07615395	
1051.8	0.07678602	0.07620331	
1052	0.07632207	0.07625158	
1052.2	0.07697894	0.07629877	
1052.4	0.07693859	0.0763449	
1052.6	0.07715018	0.07639001	
1052.8	0.07759158	0.0764341	
1053	0.077012	0.07647722	
1053.2	0.07724986	0.07651937	
1053.4	0.07684306	0.07656058	
1053.6	0.07730941	0.07660087	
1053.8	0.07650328	0.07664025	
1054	0.07700005	0.07667876	
1054.2	0.07606772	0.07671641	
1054.4	0.07662615	0.07675322	
1054.6	0.07626163	0.07678921	
1054.8	0.0761752	0.07682439	
1055	0.07637138	0.07685879	
1055.2	0.07567315	0.07689242	
1055.4	0.07600573	0.0769253	
1055.6	0.07551363	0.07695745	
1055.8	0.07613331	0.07698887	
1056	0.07579514	0.0770196	
1056.2	0.07645936	0.07704964	
1056.4	0.07592004	0.07707901	
1056.6	0.07570328	0.07710772	
1056.8	0.07571694	0.07713579	
1057	0.07540861	0.07716323	
1057.2	0.0758036	0.07719007	
1057.4	0.07535742	0.0772163	
1057.6	0.07545269	0.07724195	
1057.8	0.0748132	0.07726702	
1058	0.07491191	0.07729154	
1058.2	0.07436409	0.0773155	
1058.4	0.07472283	0.07733894	
1058.6	0.07421648	0.07736184	
1058.8	0.07454511	0.07738424	
1059	0.07452854	0.07740614	
1059.2	0.07455895	0.07742755	
1059.4	0.07493334	0.07744848	
1059.6	0.07435757	0.07746894	
1059.8	0.07526184	0.07748895	
1060	0.07501965	0.07750851	
1060.2	0.07603288	0.07752763	
1060.4	0.07583701	0.07754632	
1060.6	0.07634457	0.0775646	
1060.8	0.07645196	0.07758247	
1061	0.0766456	0.07759994	
1061.2	0.07668833	0.07761702	
1061.4	0.07646939	0.07763372	
1061.6	0.07666821	0.07765005	
1061.8	0.07603164	0.07766601	
1062	0.07601694	0.07768162	
1062.2	0.075443	0.07769687	
1062.4	0.0756964	0.07771179	
1062.6	0.07530455	0.07772637	
1062.8	0.07576415	0.07774063	
1063	0.0754877	0.07775457	
1063.2	0.07514662	0.0777682	
1063.4	0.07479365	0.07778152	
1063.6	0.07451169	0.07779455	
1063.8	0.07499059	0.07780728	
1064	0.07490118	0.07781974	
1064.2	0.07549143	0.07783191	
1064.4	0.07476262	0.07784381	
1064.6	0.07483241	0.07785545	
1064.8	0.07487622	0.07786682	
1065	0.07538483	0.07787794	
1065.2	0.07549317	0.07788882	
1065.4	0.07508951	0.07789945	
1065.6	0.0752638	0.07790984	
1065.8	0.07440122	0.07792	
1066	0.07494677	0.07792994	
1066.2	0.07441877	0.07793965	
1066.4	0.07502029	0.07794914	
1066.6	0.07415991	0.07795843	
1066.8	0.07448788	0.0779675	
1067	0.07384722	0.07797638	
1067.2	0.07361732	0.07798505	
1067.4	0.07352919	0.07799353	
1067.6	0.07367935	0.07800183	
1067.8	0.0737504	0.07800993	
1068	0.07348108	0.07801786	
1068.2	0.07401164	0.07802561	
1068.4	0.07311968	0.07803319	
1068.6	0.07378955	0.07804059	
1068.8	0.07384702	0.07804783	
1069	0.07445215	0.07805491	
1069.2	0.07395026	0.07806184	
1069.4	0.07354613	0.0780686	
1069.6	0.07379502	0.07807522	
1069.8	0.07341062	0.07808169	
1070	0.07387086	0.07808801	
1070.2	0.0731628	0.07809419	
1070.4	0.07366669	0.07810024	
1070.6	0.07270074	0.07810615	
1070.8	0.07310679	0.07811193	
1071	0.0726789	0.07811758	
1071.2	0.07293659	0.0781231	
1071.4	0.07284977	0.0781285	
1071.6	0.07278707	0.07813378	
1071.8	0.07230834	0.07813894	
1072	0.07236737	0.07814398	
1072.2	0.07285703	0.07814892	
1072.4	0.07183767	0.07815374	
1072.6	0.07262625	0.07815845	
1072.8	0.07216138	0.07816306	
1073	0.07293697	0.07816757	
1073.2	0.072308	0.07817198	
1073.4	0.07245465	0.07817629	
1073.6	0.07288064	0.0781805	
1073.8	0.07272783	0.07818461	
1074	0.07306648	0.07818864	
1074.2	0.07281531	0.07819258	
1074.4	0.0735653	0.07819642	
1074.6	0.07286919	0.07820019	
1074.8	0.07333351	0.07820386	
1075	0.07306359	0.07820746	
1075.2	0.07322568	0.07821098	
1075.4	0.07241655	0.07821441	
1075.6	0.07223218	0.07821777	
1075.8	0.0720682	0.07822106	
1076	0.07249121	0.07822427	
1076.2	0.07248763	0.07822741	
1076.4	0.0716776	0.07823048	
1076.6	0.071842	0.07823348	
1076.8	0.07140035	0.07823642	
1077	0.07188992	0.07823929	
1077.2	0.07117458	0.07824209	
1077.4	0.07127556	0.07824483	
1077.6	0.07085078	0.07824752	
1077.8	0.07049548	0.07825014	
1078	0.07063942	0.0782527	
1078.2	0.07035383	0.0782552	
1078.4	0.07075007	0.07825765	
1078.6	0.06986576	0.07826005	
1078.8	0.07033872	0.07826239	
1079	0.06965514	0.07826468	
1079.2	0.0700626	0.07826692	
1079.4	0.06972359	0.07826911	
1079.6	0.07034808	0.07827124	
1079.8	0.07045234	0.07827334	
1080	0.07091248	0.07827538	
1080.2	0.07083807	0.07827738	
1080.4	0.07045456	0.07827933	
1080.6	0.07068816	0.07828124	
1080.8	0.07026779	0.07828311	
1081	0.07063745	0.07828494	
1081.2	0.07017143	0.07828673	
1081.4	0.07049753	0.07828847	
1081.6	0.06991336	0.07829018	
1081.8	0.07027269	0.07829185	
1082	0.07028124	0.07829348	
1082.2	0.07003099	0.07829507	
1082.4	0.07025512	0.07829663	
1082.6	0.06948755	0.07829816	
1082.8	0.07044091	0.07829965	
1083	0.06999609	0.0783011	
1083.2	0.07086707	0.07830253	
1083.4	0.07044464	0.07830392	
1083.6	0.07093423	0.07830528	
1083.8	0.07094043	0.07830661	
1084	0.0710729	0.07830792	
1084.2	0.07068258	0.07830919	
1084.4	0.0701658	0.07831043	
1084.6	0.07034095	0.07831165	
1084.8	0.06990422	0.07831284	
1085	0.07125109	0.078314	
1085.2	0.07092306	0.07831514	
1085.4	0.07168878	0.07831625	
1085.6	0.0712461	0.07831734	
1085.8	0.07119056	0.0783184	
1086	0.07085963	0.07831944	
1086.2	0.07053185	0.07832045	
1086.4	0.07059109	0.07832144	
1086.6	0.07006253	0.07832242	
1086.8	0.07081317	0.07832336	
1087	0.07018625	0.07832429	
1087.2	0.07082254	0.0783252	
1087.4	0.07050542	0.07832609	
1087.6	0.07106715	0.07832695	
1087.8	0.0706659	0.0783278	
1088	0.07079004	0.07832863	
1088.2	0.07085963	0.07832944	
1088.4	0.07072488	0.07833023	
1088.6	0.07193296	0.078331	
1088.8	0.07163568	0.07833176	
1089	0.07247549	0.0783325	
1089.2	0.07138469	0.07833323	
1089.4	0.07185551	0.07833393	
1089.6	0.07073827	0.07833462	
1089.8	0.07064783	0.0783353	
1090	0.06991906	0.07833596	
1090.2	0.06906505	0.07833661	
1090.4	0.06879665	0.07833724	
1090.6	0.0682093	0.07833786	
1090.8	0.06848056	0.07833846	
1091	0.0676221	0.07833905	
1091.2	0.06789088	0.07833963	
1091.4	0.06742604	0.07834019	
1091.6	0.06793671	0.07834075	
1091.8	0.06786651	0.07834129	
1092	0.06838248	0.07834181	
1092.2	0.06892617	0.07834233	
1092.4	0.06908507	0.07834283	
1092.6	0.06990097	0.07834333	
1092.8	0.06934306	0.07834381	
1093	0.0702954	0.07834428	
1093.2	0.06979867	0.07834474	
1093.4	0.07058688	0.07834519	
1093.6	0.0704112	0.07834563	
1093.8	0.0709085	0.07834606	
1094	0.07043729	0.07834648	
1094.2	0.07020058	0.07834689	
1094.4	0.07057946	0.0783473	
1094.6	0.07000285	0.07834769	
1094.8	0.07041957	0.07834807	
1095	0.06913998	0.07834845	
1095.2	0.06922874	0.07834882	
1095.4	0.06860421	0.07834918	
1095.6	0.06856244	0.07834953	
1095.8	0.06811058	0.07834987	
1096	0.06778303	0.07835021	
1096.2	0.06783109	0.07835053	
1096.4	0.06736999	0.07835086	
1096.6	0.06764377	0.07835117	
1096.8	0.06713499	0.07835148	
1097	0.06778338	0.07835178	
1097.2	0.0672633	0.07835207	
1097.4	0.06831382	0.07835236	
1097.6	0.06845315	0.07835264	
1097.8	0.06851148	0.07835291	
1098	0.06887226	0.07835318	
1098.2	0.06843345	0.07835344	
1098.4	0.06880303	0.0783537	
1098.6	0.06821646	0.07835395	
1098.8	0.06872434	0.07835419	
1099	0.06768453	0.07835443	
1099.2	0.06825611	0.07835466	
1099.4	0.06785082	0.07835489	
1099.6	0.06773604	0.07835512	
1099.8	0.0680112	0.07835534	
1100	0.06756635	0.07835555	
1100.2	0.06776086	0.07835576	
1100.4	0.06711419	0.07835596	
1100.6	0.06710632	0.07835616	
1100.8	0.06632486	0.07835636	
1101	0.06714778	0.07835655	
1101.2	0.06679569	0.07835674	
1101.4	0.06712973	0.07835692	
1101.6	0.06685701	0.0783571	
1101.8	0.06664642	0.07835727	
1102	0.06681227	0.07835744	
1102.2	0.06596146	0.07835761	
1102.4	0.06649328	0.07835777	
1102.6	0.06603617	0.07835793	
1102.8	0.06671393	0.07835809	
1103	0.06624551	0.07835824	
1103.2	0.06676867	0.07835839	
1103.4	0.06685051	0.07835853	
1103.6	0.06654503	0.07835868	
1103.8	0.06657314	0.07835881	
1104	0.06604681	0.07835895	
1104.2	0.06645658	0.07835908	
1104.4	0.06577434	0.07835921	
1104.6	0.06609857	0.07835934	
1104.8	0.06577701	0.07835946	
1105	0.06640216	0.07835959	
1105.2	0.06585287	0.07835971	
1105.4	0.06581231	0.07835982	
1105.6	0.0659538	0.07835994	
1105.8	0.06534196	0.07836005	
1106	0.06549219	0.07836015	
1106.2	0.06527245	0.07836026	
1106.4	0.06622417	0.07836036	
1106.6	0.06618063	0.07836047	
1106.8	0.06637853	0.07836057	
1107	0.06609567	0.07836066	
1107.2	0.06636691	0.07836076	
1107.4	0.06634954	0.07836085	
1107.6	0.06576785	0.07836094	
1107.8	0.0663515	0.07836103	
1108	0.06642488	0.07836112	
1108.2	0.06665769	0.0783612	
1108.4	0.06581058	0.07836128	
1108.6	0.06598214	0.07836136	
1108.8	0.06533282	0.07836144	
1109	0.06484593	0.07836152	
1109.2	0.06469817	0.0783616	
1109.4	0.06432309	0.07836167	
1109.6	0.06435901	0.07836174	
1109.8	0.06372082	0.07836181	
1110	0.06451797	0.07836188	
1110.2	0.06468017	0.07836195	
1110.4	0.06527777	0.07836202	
1110.6	0.06507049	0.07836208	
1110.8	0.06476333	0.07836214	
1111	0.06465656	0.07836221	
1111.2	0.06429727	0.07836227	
1111.4	0.06419911	0.07836232	
1111.6	0.06379527	0.07836238	
1111.8	0.0641469	0.07836244	
1112	0.0634176	0.07836249	
1112.2	0.06317655	0.07836255	
1112.4	0.06263853	0.0783626	
1112.6	0.06282348	0.07836265	
1112.8	0.06231566	0.0783627	
1113	0.06191057	0.07836275	
1113.2	0.06259235	0.0783628	
1113.4	0.06208198	0.07836285	
1113.6	0.06291936	0.07836289	
1113.8	0.062499	0.07836294	
1114	0.06341911	0.07836298	
1114.2	0.06331185	0.07836302	
1114.4	0.06378993	0.07836307	
1114.6	0.06394895	0.07836311	
1114.8	0.06341995	0.07836315	
1115	0.06389598	0.07836319	
1115.2	0.06338719	0.07836323	
1115.4	0.06406007	0.07836326	
1115.6	0.0639902	0.0783633	
1115.8	0.06446226	0.07836334	
1116	0.06428021	0.07836337	
1116.2	0.06444216	0.07836341	
1116.4	0.06430725	0.07836344	
1116.6	0.06432097	0.07836347	
1116.8	0.06462723	0.0783635	
1117	0.06423595	0.07836354	
1117.2	0.06482051	0.07836357	
1117.4	0.06389692	0.0783636	
1117.6	0.06427289	0.07836363	
1117.8	0.06381129	0.07836365	
1118	0.06409837	0.07836368	
1118.2	0.06396562	0.07836371	
1118.4	0.06348922	0.07836374	
1118.6	0.0635519	0.07836376	
1118.8	0.06272981	0.07836379	
1119	0.06326115	0.07836381	
1119.2	0.06226332	0.07836384	
1119.4	0.06316032	0.07836386	
1119.6	0.06266141	0.07836388	
1119.8	0.06254288	0.07836391	
1120	0.06305191	0.07836393	
1120.2	0.06289261	0.07836395	
1120.4	0.06355407	0.07836397	
1120.6	0.06350475	0.07836399	
1120.8	0.06422569	0.07836401	
1121	0.06348899	0.07836403	
1121.2	0.06398675	0.07836405	
1121.4	0.06354739	0.07836407	
1121.6	0.06413318	0.07836409	
1121.8	0.06426613	0.07836411	
1122	0.06403389	0.07836413	
1122.2	0.06433147	0.07836415	
1122.4	0.06375487	0.07836416	
1122.6	0.0645774	0.07836418	
1122.8	0.06376048	0.0783642	
1123	0.06405389	0.07836421	
1123.2	0.0632062	0.07836423	
1123.4	0.06336199	0.07836424	
1123.6	0.06322947	0.07836426	
1123.8	0.06307187	0.07836427	
1124	0.06334889	0.07836429	
1124.2	0.06251749	0.0783643	
1124.4	0.06312335	0.07836431	
1124.6	0.06190929	0.07836433	
1124.8	0.0624282	0.07836434	
1125	0.06140094	0.07836435	
1125.2	0.06133545	0.07836436	
1125.4	0.06110312	0.07836438	
1125.6	0.06080305	0.07836439	
1125.8	0.06088252	0.0783644	
1126	0.06041575	0.07836441	
1126.2	0.06076654	0.07836442	
1126.4	0.06072947	0.07836443	
1126.6	0.06122197	0.07836444	
1126.8	0.06051752	0.07836445	
1127	0.0608627	0.07836446	
1127.2	0.06074988	0.07836447	
1127.4	0.06108943	0.07836448	
1127.6	0.06189135	0.07836449	
1127.8	0.06152275	0.0783645	
1128	0.06211032	0.07836451	
1128.2	0.06183392	0.07836452	
1128.4	0.06263845	0.07836453	
1128.6	0.06230299	0.07836454	
1128.8	0.06303759	0.07836455	
1129	0.06232036	0.07836455	
1129.2	0.06230777	0.07836456	
1129.4	0.06258806	0.07836457	
1129.6	0.06225616	0.07836458	
1129.8	0.06261231	0.07836458	
1130	0.06222236	0.07836459	
1130.2	0.06265936	0.0783646	
1130.4	0.0625717	0.07836461	
1130.6	0.06234768	0.07836461	
1130.8	0.06202582	0.07836462	
1131	0.06188738	0.07836463	
1131.2	0.0620637	0.07836463	
1131.4	0.06174774	0.07836464	
1131.6	0.06207248	0.07836464	
1131.8	0.06136317	0.07836465	
1132	0.06156573	0.07836466	
1132.2	0.06097349	0.07836466	
1132.4	0.06138399	0.07836467	
1132.6	0.0610906	0.07836467	
1132.8	0.06060326	0.07836468	
1133	0.06057612	0.07836468	
1133.2	0.06031501	0.07836469	
1133.4	0.06018952	0.07836469	
1133.6	0.05968887	0.0783647	
1133.8	0.06022395	0.0783647	
1134	0.0599712	0.07836471	
1134.2	0.06022216	0.07836471	
1134.4	0.05988746	0.07836472	
1134.6	0.05979507	0.07836472	
1134.8	0.05978498	0.07836472	
1135	0.05953227	0.07836473	
1135.2	0.06012844	0.07836473	
1135.4	0.05964219	0.07836474	
1135.6	0.05996111	0.07836474	
1135.8	0.05918431	0.07836474	
1136	0.05934281	0.07836475	
1136.2	0.05932903	0.07836475	
1136.4	0.05912078	0.07836475	
1136.6	0.05912045	0.07836476	
1136.8	0.0587922	0.07836476	
1137	0.05966033	0.07836476	
1137.2	0.0590906	0.07836477	
1137.4	0.05944356	0.07836477	
1137.6	0.05964666	0.07836477	
1137.8	0.06054826	0.07836478	
1138	0.06071284	0.07836478	
1138.2	0.06115482	0.07836478	
1138.4	0.06125131	0.07836479	
1138.6	0.06159124	0.07836479	
1138.8	0.06173833	0.07836479	
1139	0.06175893	0.07836479	
1139.2	0.06188406	0.0783648	
1139.4	0.06145832	0.0783648	
1139.6	0.06142614	0.0783648	
1139.8	0.06085491	0.0783648	
1140	0.07958259	0.07836481	
1140.2	0.07850028	0.07830093	
1140.4	0.07706988	0.0782371	
1140.6	0.07630441	0.07817332	
1140.8	0.07512089	0.0781096	
1141	0.07443712	0.07804593	
1141.2	0.07357164	0.07798231	
1141.4	0.07333514	0.07791874	
1141.6	0.0734458	0.07785523	
1141.8	0.07364031	0.07779176	
1142	0.07417889	0.07772835	
1142.2	0.07510784	0.07766499	
1142.4	0.07506901	0.07760168	
1142.6	0.07526447	0.07753842	
1142.8	0.0750445	0.07747522	
1143	0.07472119	0.07741206	
1143.2	0.07546237	0.07734896	
1143.4	0.07545711	0.07728591	
1143.6	0.07571709	0.07722291	
1143.8	0.07612125	0.07715996	
1144	0.07631853	0.07709706	
1144.2	0.07647641	0.07703422	
1144.4	0.07652164	0.07697142	
1144.6	0.07673121	0.07690868	
1144.8	0.07632835	0.07684599	
1145	0.07654015	0.07678334	
1145.2	0.0768157	0.07672075	
1145.4	0.07694782	0.07665821	
1145.6	0.07722246	0.07659573	
1145.8	0.07678396	0.07653329	
1146	0.07713544	0.0764709	
1146.2	0.07684071	0.07640857	
1146.4	0.07675121	0.07634628	
1146.6	0.07687395	0.07628405	
1146.8	0.07634211	0.07622186	
1147	0.07692536	0.07615973	
1147.2	0.07683876	0.07609765	
1147.4	0.07729603	0.07603562	
1147.6	0.07716455	0.07597364	
1147.8	0.07762797	0.07591171	
1148	0.07763915	0.07584983	
1148.2	0.07795602	0.075788	
1148.4	0.07813889	0.07572622	
1148.6	0.0778166	0.07566449	
1148.8	0.07830741	0.07560281	
1149	0.07810623	0.07554118	
1149.2	0.07845768	0.07547961	
1149.4	0.07803591	0.07541808	
1149.6	0.07825701	0.0753566	
1149.8	0.07815774	0.07529517	
1150	0.07826946	0.0752338	
1150.2	0.07794906	0.07517247	
1150.4	0.07785445	0.07511119	
1150.6	0.07789373	0.07504997	
1150.8	0.07734941	0.07498879	
1151	0.07707809	0.07492766	
1151.2	0.07691959	0.07486658	
1151.4	0.07726718	0.07480556	
1151.6	0.07706696	0.07474458	
1151.8	0.07692379	0.07468365	
1152	0.07754918	0.07462277	
1152.2	0.07722692	0.07456194	
1152.4	0.07788707	0.07450116	
1152.6	0.07805523	0.07444043	
1152.8	0.07850444	0.07437975	
1153	0.07852131	0.07431912	
1153.2	0.07846014	0.07425854	
1153.4	0.078748	0.07419801	
1153.6	0.07906365	0.07413752	
1153.8	0.07953742	0.07407709	
1154	0.079249	0.07401671	
1154.2	0.07911846	0.07395637	
1154.4	0.07892294	0.07389608	
1154.6	0.07850852	0.07383585	
1154.8	0.07786644	0.07377566	
1155	0.07743486	0.07371552	
1155.2	0.07791933	0.07365543	
1155.4	0.077706	0.07359539	
1155.6	0.077759	0.0735354	
1155.8	0.07773153	0.07347546	
1156	0.07805846	0.07341556	
1156.2	0.07799519	0.07335572	
1156.4	0.07850316	0.07329592	
1156.6	0.07869242	0.07323617	
1156.8	0.07880726	0.07317648	
1157	0.07905457	0.07311683	
1157.2	0.07916815	0.07305722	
1157.4	0.07949866	0.07299767	
1157.6	0.0800062	0.07293817	
1157.8	0.07983216	0.07287871	
1158	0.07964837	0.0728193	
1158.2	0.07921242	0.07275994	
1158.4	0.0790726	0.07270063	
1158.6	0.07885777	0.07264137	
1158.8	0.07899451	0.07258216	
1159	0.07959038	0.07252299	
1159.2	0.0795622	0.07246387	
1159.4	0.07967651	0.0724048	
1159.6	0.07940592	0.07234578	
1159.8	0.07926137	0.07228681	
1160	0.07901768	0.07222789	
1160.2	0.07933669	0.07216901	
1160.4	0.07949862	0.07211018	
1160.6	0.07927151	0.0720514	
1160.8	0.07975586	0.07199267	
1161	0.07937808	0.07193398	
1161.2	0.07965173	0.07187534	
1161.4	0.07882777	0.07181675	
1161.6	0.07912678	0.07175821	
1161.8	0.07848854	0.07169972	
1162	0.07815611	0.07164127	
1162.2	0.07756194	0.07158287	
1162.4	0.07718085	0.07152452	
1162.6	0.07767149	0.07146622	
1162.8	0.07711472	0.07140796	
1163	0.07717358	0.07134975	
1163.2	0.07628609	0.07129159	
1163.4	0.07611571	0.07123348	
1163.6	0.07591306	0.07117541	
1163.8	0.0755295	0.07111739	
1164	0.07572101	0.07105942	
1164.2	0.07571245	0.0710015	
1164.4	0.07599701	0.07094362	
1164.6	0.07602001	0.07088579	
1164.8	0.07636731	0.07082801	
1165	0.07613697	0.07077027	
1165.2	0.07643695	0.07071258	
1165.4	0.07658045	0.07065494	
1165.6	0.07653245	0.07059735	
1165.8	0.07694684	0.0705398	
1166	0.07694626	0.0704823	
1166.2	0.07735666	0.07042484	
1166.4	0.07738544	0.07036744	
1166.6	0.07755808	0.07031008	
1166.8	0.07738763	0.07025276	
1167	0.07724191	0.0701955	
1167.2	0.07736692	0.07013828	
1167.4	0.07721466	0.0700811	
1167.6	0.07698576	0.07002397	
1167.8	0.0764648	0.06996689	
1168	0.07624295	0.06990986	
1168.2	0.07651051	0.06985287	
1168.4	0.07623699	0.06979593	
1168.6	0.0764793	0.06973904	
1168.8	0.07602381	0.06968219	
1169	0.07637508	0.06962539	
1169.2	0.07621398	0.06956863	
1169.4	0.07644732	0.06951192	
1169.6	0.07617467	0.06945526	
1169.8	0.07619212	0.06939864	
1170	0.07645521	0.06934207	
1170.2	0.07592062	0.06928555	
1170.4	0.07610729	0.06922907	
1170.6	0.07617128	0.06917264	
1170.8	0.07640978	0.06911625	
1171	0.07596122	0.06905991	
1171.2	0.07598279	0.06900362	
1171.4	0.07576475	0.06894737	
1171.6	0.07535741	0.06889116	
1171.8	0.07610751	0.06883501	
1172	0.07543136	0.0687789	
1172.2	0.07621748	0.06872283	
1172.4	0.07595697	0.06866681	
1172.6	0.07624897	0.06861084	
1172.8	0.07633756	0.06855491	
1173	0.07658194	0.06849903	
1173.2	0.07679946	0.06844319	
1173.4	0.07642437	0.0683874	
1173.6	0.07669643	0.06833165	
1173.8	0.07622988	0.06827595	
1174	0.07651152	0.06822029	
1174.2	0.07614381	0.06816468	
1174.4	0.0763112	0.06810912	
1174.6	0.07616418	0.0680536	
1174.8	0.07565795	0.06799813	
1175	0.07553813	0.0679427	
1175.2	0.07505173	0.06788731	
1175.4	0.07541974	0.06783197	
1175.6	0.0747727	0.06777668	
1175.8	0.07507683	0.06772143	
1176	0.07404966	0.06766623	
1176.2	0.07428748	0.06761107	
1176.4	0.07449493	0.06755596	
1176.6	0.07395139	0.06750089	
1176.8	0.07456808	0.06744586	
1177	0.07434068	0.06739089	
1177.2	0.0746743	0.06733595	
1177.4	0.07472327	0.06728106	
1177.6	0.07526898	0.06722622	
1177.8	0.07517817	0.06717142	
1178	0.0750441	0.06711666	
1178.2	0.07564989	0.06706195	
1178.4	0.07539823	0.06700729	
1178.6	0.07589607	0.06695267	
1178.8	0.0758048	0.06689809	
1179	0.07576429	0.06684356	
1179.2	0.07564014	0.06678907	
1179.4	0.07523981	0.06673463	
1179.6	0.07538078	0.06668023	
1179.8	0.07479534	0.06662587	
1180	0.07458394	0.06657156	
1180.2	0.07411132	0.06651729	
1180.4	0.07369442	0.06646307	
1180.6	0.07316562	0.0664089	
1180.8	0.07310058	0.06635476	
1181	0.07315135	0.06630067	
1181.2	0.07318539	0.06624663	
1181.4	0.07360365	0.06619263	
1181.6	0.07357853	0.06613867	
1181.8	0.07363141	0.06608476	
1182	0.07366252	0.06603089	
1182.2	0.07341833	0.06597706	
1182.4	0.07361798	0.06592328	
1182.6	0.07347252	0.06586954	
1182.8	0.07352938	0.06581585	
1183	0.07321644	0.0657622	
1183.2	0.07338606	0.06570859	
1183.4	0.07329503	0.06565503	
1183.6	0.07355131	0.06560151	
1183.8	0.07280622	0.06554803	
1184	0.07279285	0.0654946	
1184.2	0.07244419	0.06544121	
1184.4	0.0723541	0.06538787	
1184.6	0.07293398	0.06533457	
1184.8	0.07269872	0.06528131	
1185	0.07288695	0.0652281	
1185.2	0.07296173	0.06517492	
1185.4	0.0732472	0.0651218	
1185.6	0.07373845	0.06506871	
1185.8	0.07348771	0.06501567	
1186	0.07387038	0.06496267	
1186.2	0.07284711	0.06490972	
1186.4	0.07326836	0.06485681	
1186.6	0.07266406	0.06480394	
1186.8	0.07235181	0.06475111	
1187	0.07258196	0.06469833	
1187.2	0.07236159	0.06464559	
1187.4	0.07232579	0.0645929	
1187.6	0.07175659	0.06454024	
1187.8	0.07198525	0.06448763	
1188	0.07175189	0.06443507	
1188.2	0.07187967	0.06438254	
1188.4	0.07193925	0.06433006	
1188.6	0.07182773	0.06427762	
1188.8	0.07170688	0.06422522	
1189	0.07120618	0.06417287	
1189.2	0.07219032	0.06412056	
1189.4	0.07199389	0.06406829	
1189.6	0.07207533	0.06401607	
1189.8	0.07179426	0.06396388	
1190	0.07211651	0.06391174	
1190.2	0.07182545	0.06385964	
1190.4	0.07165143	0.06380759	
1190.6	0.07179372	0.06375558	
1190.8	0.07162982	0.06370361	
1191	0.07214762	0.06365168	
1191.2	0.07176511	0.06359979	
1191.4	0.07167989	0.06354795	
1191.6	0.07189385	0.06349615	
1191.8	0.0718914	0.06344439	
1192	0.0718896	0.06339267	
1192.2	0.07156075	0.063341	
1192.4	0.07173031	0.06328936	
1192.6	0.07116128	0.06323777	
1192.8	0.07091808	0.06318622	
1193	0.07061579	0.06313472	
1193.2	0.0707745	0.06308325	
1193.4	0.07025669	0.06303183	
1193.6	0.06981094	0.06298045	
1193.8	0.07028254	0.06292911	
1194	0.0704546	0.06287781	
1194.2	0.07059519	0.06282656	
1194.4	0.0703743	0.06277534	
1194.6	0.0709235	0.06272417	
1194.8	0.07124945	0.06267304	
1195	0.0710709	0.06262195	
1195.2	0.0715499	0.06257091	
1195.4	0.07126754	0.0625199	
1195.6	0.0717764	0.06246894	
1195.8	0.07179363	0.06241802	
1196	0.07139398	0.06236714	
1196.2	0.07127772	0.0623163	
1196.4	0.07108966	0.0622655	
1196.6	0.07105609	0.06221475	
1196.8	0.07037373	0.06216403	
1197	0.07040601	0.06211336	
1197.2	0.06989917	0.06206273	
1197.4	0.06937473	0.06201213	
1197.6	0.06897479	0.06196158	
1197.8	0.06871558	0.06191108	
1198	0.06908705	0.06186061	
1198.2	0.06864472	0.06181018	
1198.4	0.06915344	0.0617598	
1198.6	0.06907677	0.06170945	
1198.8	0.06939544	0.06165915	
1199	0.06916763	0.06160889	
1199.2	0.06935031	0.06155867	
1199.4	0.06909406	0.06150849	
1199.6	0.06938199	0.06145835	
1199.8	0.06978051	0.06140825	
1200	0.06918564	0.0613582	
1200.2	0.0699409	0.06130818	
1200.4	0.06976303	0.0612582	
1200.6	0.06937192	0.06120827	
1200.8	0.06919118	0.06115837	
1201	0.06890994	0.06110852	
1201.2	0.06899971	0.06105871	
1201.4	0.06861426	0.06100894	
1201.6	0.06907822	0.0609592	
1201.8	0.06880652	0.06090951	
1202	0.06944783	0.06085986	
1202.2	0.06913163	0.06081025	
1202.4	0.06930907	0.06076068	
1202.6	0.06901592	0.06071115	
1202.8	0.06846644	0.06066166	
1203	0.06829849	0.06061221	
1203.2	0.06743943	0.06056281	
1203.4	0.06723325	0.06051344	
1203.6	0.06680729	0.06046411	
1203.8	0.06640703	0.06041482	
1204	0.06617577	0.06036558	
1204.2	0.06597291	0.06031637	
1204.4	0.0658672	0.0602672	
1204.6	0.06529729	0.06021807	
1204.8	0.06629946	0.06016899	
1205	0.0663502	0.06011994	
1205.2	0.06721232	0.06007093	
1205.4	0.06780122	0.06002197	
1205.6	0.06814497	0.05997304	
1205.8	0.06862329	0.05992415	
1206	0.06870687	0.0598753	
1206.2	0.06896724	0.0598265	
1206.4	0.06880853	0.05977773	
1206.6	0.06862539	0.059729	
1206.8	0.06792979	0.05968031	
1207	0.06766842	0.05963166	
1207.2	0.06706306	0.05958305	
1207.4	0.06621731	0.05953448	
1207.6	0.06584347	0.05948595	
1207.8	0.06557594	0.05943746	
1208	0.0650469	0.05938901	
1208.2	0.06495529	0.0593406	
1208.4	0.06495237	0.05929223	
1208.6	0.06498564	0.0592439	
1208.8	0.0654905	0.05919561	
1209	0.06601647	0.05914735	
1209.2	0.06601171	0.05909914	
1209.4	0.06655734	0.05905096	
1209.6	0.06667031	0.05900283	
1209.8	0.06691803	0.05895473	
1210	0.06682319	0.05890667	
1210.2	0.06695085	0.05885866	
1210.4	0.06754492	0.05881068	
1210.6	0.06740992	0.05876274	
1210.8	0.06751727	0.05871484	
1211	0.06777858	0.05866697	
1211.2	0.06769681	0.05861915	
1211.4	0.06773259	0.05857137	
1211.6	0.06769934	0.05852362	
1211.8	0.06766524	0.05847592	
1212	0.06711617	0.05842825	
1212.2	0.06716687	0.05838062	
1212.4	0.06678507	0.05833303	
1212.6	0.06670866	0.05828548	
1212.8	0.06669171	0.05823797	
1213	0.06634503	0.0581905	
1213.2	0.06606553	0.05814306	
1213.4	0.06568084	0.05809567	
1213.6	0.0654526	0.05804831	
1213.8	0.06508219	0.05800099	
1214	0.06480664	0.05795371	
1214.2	0.0650257	0.05790647	
1214.4	0.06510425	0.05785927	
1214.6	0.06519445	0.0578121	
1214.8	0.06511392	0.05776498	
1215	0.0657148	0.05771789	
1215.2	0.06559301	0.05767084	
1215.4	0.06554399	0.05762383	
1215.6	0.06513577	0.05757686	
1215.8	0.06514891	0.05752993	
1216	0.0652778	0.05748303	
1216.2	0.06505664	0.05743617	
1216.4	0.06544992	0.05738935	
1216.6	0.06534367	0.05734257	
1216.8	0.06562718	0.05729583	
1217	0.06562076	0.05724912	
1217.2	0.06579572	0.05720246	
1217.4	0.06568268	0.05715583	
1217.6	0.06519574	0.05710924	
1217.8	0.06511091	0.05706268	
1218	0.06508573	0.05701617	
1218.2	0.06512884	0.05696969	
1218.4	0.06481325	0.05692325	
1218.6	0.06468494	0.05687685	
1218.8	0.06474722	0.05683049	
1219	0.06468358	0.05678416	
1219.2	0.06416332	0.05673787	
1219.4	0.06345991	0.05669162	
1219.6	0.06369439	0.05664541	
1219.8	0.06358472	0.05659924	
1220	0.06354721	0.0565531	
1220.2	0.06336055	0.056507	
1220.4	0.06308178	0.05646094	
1220.6	0.06306724	0.05641491	
1220.8	0.06320886	0.05636893	
1221	0.0633055	0.05632298	
1221.2	0.063281	0.05627707	
1221.4	0.06293336	0.05623119	
1221.6	0.06287596	0.05618535	
1221.8	0.06307967	0.05613955	
1222	0.06326089	0.05609379	
1222.2	0.06301704	0.05604807	
1222.4	0.06290584	0.05600238	
1222.6	0.06278852	0.05595673	
1222.8	0.06286529	0.05591112	
1223	0.0629315	0.05586554	
1223.2	0.06288597	0.05582	
1223.4	0.06327332	0.0557745	
1223.6	0.06346018	0.05572903	
1223.8	0.06334156	0.05568361	
1224	0.06324423	0.05563821	
1224.2	0.06286739	0.05559286	
1224.4	0.06261632	0.05554754	
1224.6	0.06261896	0.05550226	
1224.8	0.06257938	0.05545702	
1225	0.06239689	0.05541182	
1225.2	0.06232245	0.05536665	
1225.4	0.06195008	0.05532151	
1225.6	0.06200198	0.05527642	
1225.8	0.06147909	0.05523136	
1226	0.06091341	0.05518634	
1226.2	0.06060583	0.05514135	
1226.4	0.0602003	0.0550964	
1226.6	0.06015456	0.05505149	
1226.8	0.05992817	0.05500662	
1227	0.06020857	0.05496178	
1227.2	0.06015524	0.05491697	
1227.4	0.06054963	0.05487221	
1227.6	0.06051247	0.05482748	
1227.8	0.06044894	0.05478279	
1228	0.06071258	0.05473813	
1228.2	0.06088468	0.05469351	
1228.4	0.06112006	0.05464893	
1228.6	0.06116792	0.05460438	
1228.8	0.06120831	0.05455987	
1229	0.061315	0.05451539	
1229.2	0.06138874	0.05447095	
1229.4	0.06126777	0.05442655	
1229.6	0.06099797	0.05438219	
1229.8	0.06091024	0.05433786	
1230	0.06057359	0.05429356	
1230.2	0.06019611	0.0542493	
1230.4	0.06036188	0.05420508	
1230.6	0.06015737	0.0541609	
1230.8	0.06008187	0.05411675	
1231	0.05983413	0.05407263	
1231.2	0.05972988	0.05402856	
1231.4	0.0597987	0.05398452	
1231.6	0.05977115	0.05394051	
1231.8	0.06002147	0.05389654	
1232	0.0599418	0.05385261	
1232.2	0.06002301	0.05380871	
1232.4	0.05946266	0.05376484	
1232.6	0.05936869	0.05372102	
1232.8	0.05929952	0.05367723	
1233	0.05918489	0.05363347	
1233.2	0.0595359	0.05358975	
1233.4	0.05940401	0.05354607	
1233.6	0.05958938	0.05350242	
1233.8	0.0598836	0.05345881	
1234	0.05982965	0.05341523	
1234.2	0.05975955	0.05337169	
1234.4	0.05997379	0.05332818	
1234.6	0.06011148	0.05328471	
1234.8	0.05987779	0.05324128	
1235	0.05973809	0.05319788	
1235.2	0.05942869	0.05315451	
1235.4	0.05999853	0.05311118	
1235.6	0.06009233	0.05306789	
1235.8	0.05990622	0.05302463	
1236	0.05935102	0.05298141	
1236.2	0.05897481	0.05293822	
1236.4	0.05835531	0.05289507	
1236.6	0.0579257	0.05285195	
1236.8	0.05820066	0.05280887	
1237	0.05812899	0.05276582	
1237.2	0.05824682	0.05272281	
1237.4	0.05798649	0.05267983	
1237.6	0.05793067	0.05263689	
1237.8	0.05824789	0.05259398	
1238	0.05772464	0.05255111	
1238.2	0.05749781	0.05250827	
1238.4	0.0572929	0.05246547	
1238.6	0.05755901	0.0524227	
1238.8	0.05724928	0.05237997	
1239	0.05749454	0.05233727	
1239.2	0.05769891	0.05229461	
1239.4	0.05787685	0.05225198	
1239.6	0.05794904	0.05220939	
1239.8	0.05765892	0.05216683	
1240	0.05725144	0.0521243	
1240.2	0.05739171	0.05208181	
1240.4	0.05716611	0.05203936	
1240.6	0.05754778	0.05199694	
1240.8	0.05767296	0.05195455	
1241	0.05817825	0.0519122	
1241.2	0.0582263	0.05186989	
1241.4	0.05805095	0.0518276	
1241.6	0.05801005	0.05178536	
1241.8	0.05793378	0.05174314	
1242	0.05773693	0.05170096	
1242.2	0.05774878	0.05165882	
1242.4	0.05811482	0.05161671	
1242.6	0.05864863	0.05157463	
1242.8	0.05860499	0.05153259	
1243	0.05882755	0.05149059	
1243.2	0.05862272	0.05144861	
1243.4	0.05859439	0.05140667	
1243.6	0.05884282	0.05136477	
1243.8	0.05845215	0.0513229	
1244	0.05801765	0.05128106	
1244.2	0.05820047	0.05123926	
1244.4	0.05783237	0.05119749	
1244.6	0.05789203	0.05115576	
1244.8	0.05803513	0.05111406	
1245	0.05843553	0.05107239	
1245.2	0.05806015	0.05103076	
1245.4	0.05733432	0.05098916	
1245.6	0.05705625	0.0509476	
1245.8	0.05696364	0.05090607	
1246	0.05690083	0.05086457	
1246.2	0.05666863	0.05082311	
1246.4	0.05638221	0.05078168	
1246.6	0.05672458	0.05074029	
1246.8	0.05631295	0.05069893	
1247	0.05637396	0.0506576	
1247.2	0.0562598	0.05061631	
1247.4	0.05629463	0.05057504	
1247.6	0.05592016	0.05053382	
1247.8	0.05549071	0.05049263	
1248	0.05532465	0.05045147	
1248.2	0.05575035	0.05041034	
1248.4	0.05582855	0.05036925	
1248.6	0.05630077	0.05032819	
1248.8	0.05626595	0.05028716	
1249	0.05636745	0.05024617	
1249.2	0.05640622	0.05020521	
1249.4	0.05615485	0.05016429	
1249.6	0.05601648	0.0501234	
1249.8	0.05581669	0.05008254	
1250	0.05544947	0.05004171	
1250.2	0.05498102	0.05000092	
1250.4	0.05524443	0.04996016	
1250.6	0.0553873	0.04991944	
1250.8	0.05522353	0.04987875	
1251	0.0553303	0.04983809	
1251.2	0.05545987	0.04979746	
1251.4	0.05574088	0.04975687	
1251.6	0.05573368	0.04971631	
1251.8	0.05578379	0.04967578	
1252	0.05589486	0.04963529	
1252.2	0.05643771	0.04959483	
1252.4	0.05626625	0.0495544	
1252.6	0.05599509	0.04951401	
1252.8	0.05574318	0.04947365	
1253	0.05559101	0.04943332	
1253.2	0.05533471	0.04939302	
1253.4	0.05512775	0.04935276	
1253.6	0.0544974	0.04931253	
1253.8	0.05418094	0.04927233	
1254	0.05350668	0.04923217	
1254.2	0.05358331	0.04919203	
1254.4	0.05359475	0.04915194	
1254.6	0.05339459	0.04911187	
1254.8	0.05387269	0.04907183	
1255	0.05448951	0.04903183	
1255.2	0.05463021	0.04899187	
1255.4	0.05482394	0.04895193	
1255.6	0.05527855	0.04891203	
1255.8	0.05514858	0.04887215	
1256	0.055587	0.04883232	
1256.2	0.05581376	0.04879251	
1256.4	0.05554192	0.04875274	
1256.6	0.05533669	0.048713	
1256.8	0.05557286	0.04867329	
1257	0.05548771	0.04863361	
1257.2	0.0553759	0.04859397	
1257.4	0.0550817	0.04855436	
1257.6	0.05448578	0.04851478	
1257.8	0.05410172	0.04847523	
1258	0.05386931	0.04843571	
1258.2	0.05384407	0.04839623	
1258.4	0.05354656	0.04835678	
1258.6	0.05350522	0.04831736	
1258.8	0.05342255	0.04827798	
1259	0.05322942	0.04823862	
1259.2	0.05278631	0.0481993	
1259.4	0.05314703	0.04816001	
1259.6	0.05338524	0.04812075	
1259.8	0.05338979	0.04808153	
1260	0.05340948	0.04804233	
1260.2	0.05342842	0.04800317	
1260.4	0.05349933	0.04796404	
1260.6	0.05354965	0.04792494	
1260.8	0.05381392	0.04788588	
1261	0.05362659	0.04784684	
1261.2	0.05359108	0.04780784	
1261.4	0.05372123	0.04776887	
1261.6	0.05360945	0.04772993	
1261.8	0.05347061	0.04769102	
1262	0.05357463	0.04765215	
1262.2	0.0539974	0.0476133	
1262.4	0.05423364	0.04757449	
1262.6	0.05405599	0.04753571	
1262.8	0.05424705	0.04749696	
1263	0.05394973	0.04745824	
1263.2	0.05404482	0.04741956	
1263.4	0.05392602	0.0473809	
1263.6	0.0538276	0.04734228	
1263.8	0.05378789	0.04730369	
1264	0.05326057	0.04726513	
1264.2	0.05361109	0.0472266	
1264.4	0.05322227	0.04718811	
1264.6	0.05337699	0.04714964	
1264.8	0.05337489	0.04711121	
1265	0.05358993	0.0470728	
1265.2	0.05394115	0.04703443	
1265.4	0.05399875	0.04699609	
1265.6	0.0541503	0.04695778	
1265.8	0.05381176	0.0469195	
1266	0.05419708	0.04688126	
1266.2	0.05436447	0.04684304	
1266.4	0.05417264	0.04680486	
1266.6	0.05387783	0.0467667	
1266.8	0.05353755	0.04672858	
1267	0.05322019	0.04669049	
1267.2	0.05273769	0.04665243	
1267.4	0.05251232	0.0466144	
1267.6	0.05220161	0.0465764	
1267.8	0.05212713	0.04653844	
1268	0.05211368	0.0465005	
1268.2	0.05244151	0.0464626	
1268.4	0.05261579	0.04642472	
1268.6	0.05271379	0.04638688	
1268.8	0.05288968	0.04634907	
1269	0.05331258	0.04631128	
1269.2	0.05355861	0.04627353	
1269.4	0.05373445	0.04623581	
1269.6	0.05377639	0.04619812	
1269.8	0.05367141	0.04616047	
1270	0.05373551	0.04612284	
1270.2	0.0535918	0.04608524	
1270.4	0.05350018	0.04604767	
1270.6	0.05328954	0.04601014	
1270.8	0.05331888	0.04597263	
1271	0.05277181	0.04593516	
1271.2	0.05251674	0.04589771	
1271.4	0.05224457	0.0458603	
1271.6	0.05220212	0.04582292	
1271.8	0.05233185	0.04578556	
1272	0.05264292	0.04574824	
1272.2	0.05251365	0.04571095	
1272.4	0.05189586	0.04567369	
1272.6	0.05171573	0.04563646	
1272.8	0.05170333	0.04559926	
1273	0.05213759	0.04556209	
1273.2	0.05214164	0.04552494	
1273.4	0.05217955	0.04548784	
1273.6	0.0528248	0.04545076	
1273.8	0.05290706	0.04541371	
1274	0.05293308	0.04537669	
1274.2	0.05252849	0.0453397	
1274.4	0.05254295	0.04530274	
1274.6	0.05296139	0.04526581	
1274.8	0.05288375	0.04522891	
1275	0.05270888	0.04519204	
1275.2	0.0523626	0.0451552	
1275.4	0.05259107	0.0451184	
1275.6	0.05264519	0.04508162	
1275.8	0.05226266	0.04504487	
1276	0.05200348	0.04500815	
1276.2	0.05118969	0.04497146	
1276.4	0.05080191	0.0449348	
1276.6	0.05088037	0.04489817	
1276.8	0.05087026	0.04486158	
1277	0.05106217	0.04482501	
1277.2	0.05098531	0.04478847	
1277.4	0.05132269	0.04475196	
1277.6	0.05125971	0.04471548	
1277.8	0.05119932	0.04467903	
1278	0.05091113	0.04464261	
1278.2	0.05091022	0.04460622	
1278.4	0.05091782	0.04456986	
1278.6	0.05134721	0.04453352	
1278.8	0.05133966	0.04449722	
1279	0.05119495	0.04446095	
1279.2	0.05117473	0.04442471	
1279.4	0.05111433	0.04438849	
1279.6	0.05062382	0.04435231	
1279.8	0.05010138	0.04431616	
1280	0.04962007	0.04428003	
1280.2	0.0497767	0.04424394	
1280.4	0.04962366	0.04420787	
1280.6	0.04996898	0.04417184	
1280.8	0.04998999	0.04413583	
1281	0.04999336	0.04409985	
1281.2	0.05019135	0.0440639	
1281.4	0.05016429	0.04402798	
1281.6	0.05013583	0.04399209	
1281.8	0.04969889	0.04395623	
1282	0.04944992	0.0439204	
1282.2	0.04922444	0.0438846	
1282.4	0.04922811	0.04384883	
1282.6	0.04987762	0.04381308	
1282.8	0.04995555	0.04377737	
1283	0.05034258	0.04374169	
1283.2	0.05053464	0.04370603	
1283.4	0.05038874	0.0436704	
1283.6	0.05005439	0.0436348	
1283.8	0.05003848	0.04359923	
1284	0.04987777	0.04356369	
1284.2	0.05006125	0.04352818	
1284.4	0.05007217	0.0434927	
1284.6	0.0498788	0.04345725	
1284.8	0.05010407	0.04342182	
1285	0.04994002	0.04338643	
1285.2	0.0498152	0.04335106	
1285.4	0.04968223	0.04331572	
1285.6	0.04932194	0.04328041	
1285.8	0.04905695	0.04324513	
1286	0.04885992	0.04320988	
1286.2	0.04882825	0.04317466	
1286.4	0.04944708	0.04313947	
1286.6	0.04982228	0.0431043	
1286.8	0.05028268	0.04306916	
1287	0.05026998	0.04303406	
1287.2	0.05001188	0.04299898	
1287.4	0.04971538	0.04296393	
1287.6	0.04928563	0.0429289	
1287.8	0.04924726	0.04289391	
1288	0.0487016	0.04285894	
1288.2	0.04871679	0.04282401	
1288.4	0.04826936	0.0427891	
1288.6	0.04840836	0.04275422	
1288.8	0.04816952	0.04271937	
1289	0.04757205	0.04268455	
1289.2	0.04725553	0.04264975	
1289.4	0.04706032	0.04261498	
1289.6	0.04705816	0.04258025	
1289.8	0.04672163	0.04254554	
1290	0.04705396	0.04251086	
1290.2	0.04705816	0.0424762	
1290.4	0.04739342	0.04244158	
1290.6	0.04745973	0.04240698	
1290.8	0.04788682	0.04237241	
1291	0.04767967	0.04233787	
1291.2	0.04750116	0.04230336	
1291.4	0.04830808	0.04226888	
1291.6	0.0483486	0.04223442	
1291.8	0.0488147	0.04219999	
1292	0.04951575	0.0421656	
1292.2	0.04938246	0.04213122	
1292.4	0.04944074	0.04209688	
1292.6	0.04932335	0.04206256	
1292.8	0.04907857	0.04202828	
1293	0.04884345	0.04199402	
1293.2	0.04870668	0.04195979	
1293.4	0.04870088	0.04192558	
1293.6	0.04829545	0.04189141	
1293.8	0.0486252	0.04185726	
1294	0.04841056	0.04182314	
1294.2	0.04820805	0.04178905	
1294.4	0.04822914	0.04175498	
1294.6	0.04827016	0.04172094	
1294.8	0.04848307	0.04168694	
1295	0.04772951	0.04165295	
1295.2	0.04789567	0.041619	
1295.4	0.04805877	0.04158508	
1295.6	0.04780615	0.04155118	
1295.8	0.04778859	0.04151731	
1296	0.04718461	0.04148346	
1296.2	0.04670713	0.04144965	
1296.4	0.04647841	0.04141586	
1296.6	0.04634079	0.0413821	
1296.8	0.04638878	0.04134837	
1297	0.04621142	0.04131466	
1297.2	0.04616892	0.04128098	
1297.4	0.0457777	0.04124733	
1297.6	0.04577462	0.04121371	
1297.8	0.04566388	0.04118011	
1298	0.04535285	0.04114655	
1298.2	0.04536655	0.04111301	
1298.4	0.04536302	0.04107949	
1298.6	0.04541362	0.04104601	
1298.8	0.04547879	0.04101255	
1299	0.04593933	0.04097912	
1299.2	0.04589903	0.04094571	
1299.4	0.04630398	0.04091233	
1299.6	0.0465016	0.04087898	
1299.8	0.04630714	0.04084566	
1300	0.04676177	0.04081237	
1300.2	0.04710853	0.0407791	
1300.4	0.047476	0.04074586	
1300.6	0.04745208	0.04071264	
1300.8	0.04740731	0.04067946	
1301	0.04728353	0.0406463	
1301.2	0.0468338	0.04061316	
1301.4	0.04681125	0.04058006	
1301.6	0.04625256	0.04054698	
1301.8	0.04568439	0.04051392	
1302	0.04547099	0.0404809	
1302.2	0.04481954	0.0404479	
1302.4	0.04468995	0.04041493	
1302.6	0.04434365	0.04038199	
1302.8	0.04499928	0.04034907	
1303	0.04469421	0.04031618	
1303.2	0.04484597	0.04028331	
1303.4	0.04519967	0.04025048	
1303.6	0.04543728	0.04021767	
1303.8	0.04547874	0.04018488	
1304	0.04543289	0.04015213	
1304.2	0.04571489	0.0401194	
1304.4	0.04532467	0.04008669	
1304.6	0.04556607	0.04005401	
1304.8	0.04559437	0.04002136	
1305	0.04580535	0.03998874	
1305.2	0.0460918	0.03995614	
1305.4	0.04603478	0.03992357	
1305.6	0.04596206	0.03989103	
1305.8	0.04575992	0.03985851	
1306	0.04587738	0.03982602	
1306.2	0.04586381	0.03979356	
1306.4	0.04568258	0.03976112	
1306.6	0.04608256	0.03972871	
1306.8	0.04587095	0.03969632	
1307	0.04576565	0.03966396	
1307.2	0.04587487	0.03963163	
1307.4	0.04578475	0.03959933	
1307.6	0.04587295	0.03956705	
1307.8	0.04503717	0.03953479	
1308	0.04535604	0.03950257	
1308.2	0.0453877	0.03947037	
1308.4	0.04575363	0.03943819	
1308.6	0.04606454	0.03940604	
1308.8	0.0458943	0.03937392	
1309	0.046454	0.03934182	
1309.2	0.04595029	0.03930976	
1309.4	0.04633577	0.03927771	
1309.6	0.04611088	0.03924569	
1309.8	0.04591528	0.0392137	
1310	0.04582186	0.03918174	
1310.2	0.04563334	0.0391498	
1310.4	0.04545114	0.03911789	
1310.6	0.04467979	0.039086	
1310.8	0.04459784	0.03905414	
1311	0.04440928	0.0390223	
1311.2	0.04408528	0.03899049	
1311.4	0.04408343	0.03895871	
1311.6	0.04342971	0.03892695	
1311.8	0.04335045	0.03889522	
1312	0.0435769	0.03886351	
1312.2	0.04359917	0.03883184	
1312.4	0.04378245	0.03880018	
1312.6	0.04332289	0.03876855	
1312.8	0.04371244	0.03873695	
1313	0.04363232	0.03870537	
1313.2	0.04367994	0.03867382	
1313.4	0.04391115	0.0386423	
1313.6	0.04353896	0.0386108	
1313.8	0.04356422	0.03857932	
1314	0.04334428	0.03854788	
1314.2	0.04377278	0.03851645	
1314.4	0.04342298	0.03848506	
1314.6	0.04351776	0.03845369	
1314.8	0.0439791	0.03842234	
1315	0.04384413	0.03839102	
1315.2	0.04407888	0.03835973	
1315.4	0.04407404	0.03832846	
1315.6	0.0439831	0.03829721	
1315.8	0.04360066	0.03826599	
1316	0.04347103	0.0382348	
1316.2	0.04350017	0.03820363	
1316.4	0.04295096	0.03817249	
1316.6	0.04299386	0.03814138	
1316.8	0.0430518	0.03811029	
1317	0.04327381	0.03807922	
1317.2	0.0429613	0.03804818	
1317.4	0.04306327	0.03801716	
1317.6	0.04333043	0.03798617	
1317.8	0.0434968	0.03795521	
1318	0.04356105	0.03792427	
1318.2	0.04348405	0.03789336	
1318.4	0.04331577	0.03786247	
1318.6	0.0434399	0.0378316	
1318.8	0.0435116	0.03780076	
1319	0.04368882	0.03776995	
1319.2	0.04353408	0.03773916	
1319.4	0.04376822	0.0377084	
1319.6	0.0432061	0.03767766	
1319.8	0.0429201	0.03764695	
1320	0.04279063	0.03761626	
1320.2	0.04251458	0.0375856	
1320.4	0.04232283	0.03755496	
1320.6	0.04233168	0.03752435	
1320.8	0.0427561	0.03749376	
1321	0.04264034	0.03746319	
1321.2	0.04247471	0.03743266	
1321.4	0.04269151	0.03740214	
1321.6	0.04266336	0.03737165	
1321.8	0.04276277	0.03734119	
1322	0.04198631	0.03731075	
1322.2	0.04202414	0.03728034	
1322.4	0.04182418	0.03724995	
1322.6	0.04221491	0.03721958	
1322.8	0.04265447	0.03718924	
1323	0.04231185	0.03715893	
1323.2	0.04268708	0.03712864	
1323.4	0.0425907	0.03709837	
1323.6	0.04270432	0.03706813	
1323.8	0.04254393	0.03703792	
1324	0.04238219	0.03700772	
1324.2	0.04218142	0.03697756	
1324.4	0.04189866	0.03694741	
1324.6	0.04205209	0.0369173	
1324.8	0.04172087	0.0368872	
1325	0.04148595	0.03685713	
1325.2	0.04115758	0.03682709	
1325.4	0.04020989	0.03679707	
1325.6	0.04081668	0.03676708	
1325.8	0.04028091	0.0367371	
1326	0.04038585	0.03670716	
1326.2	0.04048713	0.03667724	
1326.4	0.0405197	0.03664734	
1326.6	0.04098717	0.03661747	
1326.8	0.04123049	0.03658762	
1327	0.04142975	0.03655779	
1327.2	0.04125434	0.03652799	
1327.4	0.04166187	0.03649822	
1327.6	0.04128175	0.03646846	
1327.8	0.04094777	0.03643874	
1328	0.0407705	0.03640903	
1328.2	0.0403891	0.03637935	
1328.4	0.04068565	0.0363497	
1328.6	0.04007049	0.03632007	
1328.8	0.04005529	0.03629046	
1329	0.03992752	0.03626088	
1329.2	0.03985422	0.03623132	
1329.4	0.03967777	0.03620179	
1329.6	0.03982168	0.03617228	
1329.8	0.03978851	0.03614279	
1330	0.03987166	0.03611333	
1330.2	0.04025888	0.03608389	
1330.4	0.04038109	0.03605448	
1330.6	0.04048438	0.03602509	
1330.8	0.04130563	0.03599572	
1331	0.04083839	0.03596638	
1331.2	0.04091681	0.03593706	
1331.4	0.04149941	0.03590777	
1331.6	0.0409427	0.0358785	
1331.8	0.04087904	0.03584925	
1332	0.04020523	0.03582003	
1332.2	0.04061467	0.03579083	
1332.4	0.04028108	0.03576165	
1332.6	0.03987417	0.0357325	
1332.8	0.04019553	0.03570337	
1333	0.03955752	0.03567427	
1333.2	0.03964267	0.03564519	
1333.4	0.03885287	0.03561613	
1333.6	0.03942025	0.0355871	
1333.8	0.03929108	0.03555809	
1334	0.03934373	0.03552911	
1334.2	0.03980137	0.03550015	
1334.4	0.0389813	0.03547121	
1334.6	0.03933153	0.03544229	
1334.8	0.03926483	0.0354134	
1335	0.03906071	0.03538453	
1335.2	0.03920875	0.03535569	
1335.4	0.03907364	0.03532687	
1335.6	0.03922161	0.03529807	
1335.8	0.03843948	0.0352693	
1336	0.03860609	0.03524055	
1336.2	0.03866713	0.03521182	
1336.4	0.03871384	0.03518312	
1336.6	0.03889606	0.03515444	
1336.8	0.03866512	0.03512578	
1337	0.03854618	0.03509715	
1337.2	0.03825361	0.03506854	
1337.4	0.03886171	0.03503996	
1337.6	0.03895198	0.03501139	
1337.8	0.03865791	0.03498285	
1338	0.03927682	0.03495434	
1338.2	0.03872643	0.03492584	
1338.4	0.03898275	0.03489737	
1338.6	0.03869923	0.03486893	
1338.8	0.03868389	0.0348405	
1339	0.03881759	0.0348121	
1339.2	0.03825269	0.03478373	
1339.4	0.03842284	0.03475537	
1339.6	0.03823107	0.03472704	
1339.8	0.03824067	0.03469873	
1340	0.03782649	0.03467045	
1340.2	0.03775568	0.03464219	
1340.4	0.03831278	0.03461395	
1340.6	0.03782933	0.03458573	
1340.8	0.03792571	0.03455754	
1341	0.03772457	0.03452937	
1341.2	0.03794943	0.03450122	
1341.4	0.03823312	0.0344731	
1341.6	0.03792911	0.034445	
1341.8	0.03853832	0.03441692	
1342	0.03835647	0.03438886	
1342.2	0.0384943	0.03436083	
1342.4	0.03830928	0.03433282	
1342.6	0.03827846	0.03430484	
1342.8	0.03862453	0.03427687	
1343	0.03792259	0.03424893	
1343.2	0.03792674	0.03422101	
1343.4	0.03767313	0.03419312	
1343.6	0.03746427	0.03416525	
1343.8	0.03745795	0.0341374	
1344	0.03660177	0.03410957	
1344.2	0.03721745	0.03408176	
1344.4	0.03656027	0.03405398	
1344.6	0.03635193	0.03402622	
1344.8	0.0358325	0.03399849	
1345	0.03583799	0.03397077	
1345.2	0.03593345	0.03394308	
1345.4	0.0355344	0.03391541	
1345.6	0.03588756	0.03388776	
1345.8	0.03529459	0.03386014	
1346	0.03549728	0.03383254	
1346.2	0.03537971	0.03380496	
1346.4	0.03542357	0.0337774	
1346.6	0.03577025	0.03374987	
1346.8	0.03545601	0.03372236	
1347	0.03588349	0.03369487	
1347.2	0.03597657	0.0336674	
1347.4	0.03595806	0.03363996	
1347.6	0.03595661	0.03361254	
1347.8	0.03564771	0.03358514	
1348	0.03595077	0.03355776	
1348.2	0.03580186	0.03353041	
1348.4	0.03579804	0.03350307	
1348.6	0.03586482	0.03347576	
1348.8	0.03595004	0.03344848	
1349	0.036651	0.03342121	
1349.2	0.0364546	0.03339397	
1349.4	0.03639651	0.03336675	
1349.6	0.03619449	0.03333955	
1349.8	0.03617043	0.03331237	
1350	0.03631315	0.03328522	
1350.2	0.03604908	0.03325808	
1350.4	0.03653327	0.03323097	
1350.6	0.03602508	0.03320388	
1350.8	0.03674973	0.03317682	
1351	0.03698791	0.03314977	
1351.2	0.03663341	0.03312275	
1351.4	0.03659586	0.03309575	
1351.6	0.03551377	0.03306877	
1351.8	0.03516255	0.03304182	
1352	0.03519754	0.03301488	
1352.2	0.03508255	0.03298797	
1352.4	0.03560644	0.03296108	
1352.6	0.03475956	0.03293421	
1352.8	0.034907	0.03290736	
1353	0.03419418	0.03288054	
1353.2	0.03393283	0.03285374	
1353.4	0.03363373	0.03282696	
1353.6	0.03378687	0.0328002	
1353.8	0.0339325	0.03277346	
1354	0.03362365	0.03274674	
1354.2	0.03420386	0.03272005	
1354.4	0.03440981	0.03269338	
1354.6	0.0347616	0.03266673	
1354.8	0.03512636	0.0326401	
1355	0.0348956	0.03261349	
1355.2	0.03502768	0.03258691	
1355.4	0.0341423	0.03256035	
1355.6	0.03425708	0.0325338	
1355.8	0.03431958	0.03250728	
1356	0.03465356	0.03248079	
1356.2	0.03484902	0.03245431	
1356.4	0.03451914	0.03242785	
1356.6	0.03426684	0.03240142	
1356.8	0.03395127	0.03237501	
1357	0.03357438	0.03234862	
1357.2	0.0338916	0.03232225	
1357.4	0.03348492	0.0322959	
1357.6	0.03383249	0.03226957	
1357.8	0.0334001	0.03224327	
1358	0.03361762	0.03221699	
1358.2	0.03365468	0.03219072	
1358.4	0.03355503	0.03216448	
1358.6	0.03380575	0.03213826	
1358.8	0.03304414	0.03211207	
1359	0.03300696	0.03208589	
1359.2	0.0324399	0.03205974	
1359.4	0.03231414	0.0320336	
1359.6	0.0327291	0.03200749	
1359.8	0.03290464	0.0319814	
1360	0.03329121	0.03195533	
1360.2	0.03314568	0.03192928	
1360.4	0.03376693	0.03190325	
1360.6	0.03393391	0.03187725	
1360.8	0.03390706	0.03185126	
1361	0.03399733	0.0318253	
1361.2	0.03408055	0.03179936	
1361.4	0.03407859	0.03177343	
1361.6	0.03438013	0.03174753	
1361.8	0.03484731	0.03172165	
1362	0.03490068	0.0316958	
1362.2	0.03471572	0.03166996	
1362.4	0.03493793	0.03164414	
1362.6	0.03437659	0.03161835	
1362.8	0.03427449	0.03159258	
1363	0.03414842	0.03156682	
1363.2	0.03407972	0.03154109	
1363.4	0.03429285	0.03151538	
1363.6	0.03381348	0.03148969	
1363.8	0.03419098	0.03146402	
1364	0.03368717	0.03143837	
1364.2	0.03370546	0.03141275	
1364.4	0.03359251	0.03138714	
1364.6	0.0325878	0.03136155	
1364.8	0.0326661	0.03133599	
1365	0.03197096	0.03131045	
1365.2	0.03218616	0.03128492	
1365.4	0.03198336	0.03125942	
1365.6	0.03183652	0.03123394	
1365.8	0.03192367	0.03120848	
1366	0.03115253	0.03118304	
1366.2	0.03139354	0.03115762	
1366.4	0.03131345	0.03113222	
1366.6	0.03127989	0.03110684	
1366.8	0.03194054	0.03108149	
1367	0.03186209	0.03105615	
1367.2	0.03268779	0.03103084	
1367.4	0.03246015	0.03100554	
1367.6	0.03253275	0.03098027	
1367.8	0.03272684	0.03095501	
1368	0.03225332	0.03092978	
1368.2	0.03230491	0.03090457	
1368.4	0.03176908	0.03087938	
1368.6	0.03213284	0.0308542	
1368.8	0.03243477	0.03082905	
1369	0.03233932	0.03080392	
1369.2	0.03259073	0.03077881	
1369.4	0.03224523	0.03075372	
1369.6	0.03226062	0.03072865	
1369.8	0.03166449	0.03070361	
1370	0.03143571	0.03067858	
1370.2	0.03121352	0.03065357	
1370.4	0.03086892	0.03062858	
1370.6	0.03127885	0.03060361	
1370.8	0.03112828	0.03057867	
1371	0.03157263	0.03055374	
1371.2	0.03151964	0.03052884	
1371.4	0.0310654	0.03050395	
1371.6	0.0310876	0.03047908	
1371.8	0.03106257	0.03045424	
1372	0.03160717	0.03042941	
1372.2	0.0318997	0.03040461	
1372.4	0.03249549	0.03037983	
1372.6	0.03287937	0.03035506	
1372.8	0.03250434	0.03033032	
1373	0.03341181	0.03030559	
1373.2	0.03322266	0.03028089	
1373.4	0.03354182	0.03025621	
1373.6	0.0333632	0.03023154	
1373.8	0.03308057	0.0302069	
1374	0.03338159	0.03018228	
1374.2	0.03254445	0.03015767	
1374.4	0.03324693	0.03013309	
1374.6	0.03270598	0.03010853	
1374.8	0.03249257	0.03008398	
1375	0.032097	0.03005946	
1375.2	0.03141946	0.03003496	
1375.4	0.03169646	0.03001047	
1375.6	0.03154045	0.02998601	
1375.8	0.03207022	0.02996157	
1376	0.03195732	0.02993714	
1376.2	0.03159727	0.02991274	
1376.4	0.03171472	0.02988836	
1376.6	0.03127703	0.02986399	
1376.8	0.03153987	0.02983965	
1377	0.03206264	0.02981533	
1377.2	0.03177922	0.02979102	
1377.4	0.03186939	0.02976674	
1377.6	0.03173749	0.02974247	
1377.8	0.03203026	0.02971823	
1378	0.03173278	0.029694	
1378.2	0.0315991	0.0296698	
1378.4	0.031822	0.02964561	
1378.6	0.03127262	0.02962145	
1378.8	0.03177338	0.0295973	
1379	0.03136783	0.02957317	
1379.2	0.03201425	0.02954907	
1379.4	0.03214758	0.02952498	
1379.6	0.03188339	0.02950091	
1379.8	0.03215382	0.02947686	
1380	0.03165538	0.02945284	
1380.2	0.03188907	0.02942883	
1380.4	0.03167965	0.02940484	
1380.6	0.03200804	0.02938087	
1380.8	0.03237883	0.02935692	
1381	0.03170345	0.02933299	
1381.2	0.03178939	0.02930908	
1381.4	0.03101103	0.02928519	
1381.6	0.03122652	0.02926131	
1381.8	0.03078497	0.02923746	
1382	0.03025202	0.02921363	
1382.2	0.03026389	0.02918982	
1382.4	0.02988464	0.02916602	
1382.6	0.03053397	0.02914225	
1382.8	0.0303156	0.02911849	
1383	0.03030406	0.02909475	
1383.2	0.0305948	0.02907104	
1383.4	0.03001705	0.02904734	
1383.6	0.0301386	0.02902366	
1383.8	0.03008314	0.029	
1384	0.03038408	0.02897636	
1384.2	0.03039032	0.02895274	
1384.4	0.03048273	0.02892914	
1384.6	0.03144073	0.02890556	
1384.8	0.03097324	0.028882	
1385	0.03076497	0.02885846	
1385.2	0.03068862	0.02883493	
1385.4	0.03023976	0.02881143	
1385.6	0.03043782	0.02878794	
1385.8	0.02999648	0.02876447	
1386	0.03050057	0.02874103	
1386.2	0.03033384	0.0287176	
1386.4	0.03089177	0.02869419	
1386.6	0.03088163	0.0286708	
1386.8	0.03063035	0.02864743	
1387	0.0310404	0.02862408	
1387.2	0.03054322	0.02860074	
1387.4	0.03050916	0.02857743	
1387.6	0.03030827	0.02855413	
1387.8	0.03007994	0.02853086	
1388	0.03026294	0.0285076	
1388.2	0.02951742	0.02848436	
1388.4	0.03003998	0.02846114	
1388.6	0.02976798	0.02843794	
1388.8	0.02938777	0.02841476	
1389	0.02949352	0.0283916	
1389.2	0.02883826	0.02836846	
1389.4	0.0295075	0.02834533	
1389.6	0.02912571	0.02832223	
1389.8	0.02941706	0.02829914	
1390	0.02969099	0.02827607	
1390.2	0.02927924	0.02825302	
1390.4	0.03017658	0.02822999	
1390.6	0.0295286	0.02820698	
1390.8	0.03042492	0.02818399	
1391	0.03023479	0.02816101	
1391.2	0.0299678	0.02813806	
1391.4	0.03019989	0.02811512	
1391.6	0.02958706	0.0280922	
1391.8	0.0298759	0.0280693	
1392	0.0294536	0.02804642	
1392.2	0.02938299	0.02802356	
1392.4	0.02944174	0.02800071	
1392.6	0.02885419	0.02797789	
1392.8	0.02894059	0.02795508	
1393	0.02826051	0.0279323	
1393.2	0.02834683	0.02790953	
1393.4	0.02833518	0.02788678	
1393.6	0.02764376	0.02786404	
1393.8	0.02814	0.02784133	
1394	0.02772735	0.02781863	
1394.2	0.02799232	0.02779596	
1394.4	0.02810223	0.0277733	
1394.6	0.02784339	0.02775066	
1394.8	0.02835354	0.02772804	
1395	0.0279057	0.02770544	
1395.2	0.02840651	0.02768285	
1395.4	0.02800728	0.02766029	
1395.6	0.02868686	0.02763774	
1395.8	0.02888384	0.02761521	
1396	0.0286549	0.0275927	
1396.2	0.02933091	0.02757021	
1396.4	0.02846073	0.02754773	
1396.6	0.02875344	0.02752528	
1396.8	0.02848118	0.02750284	
1397	0.02869625	0.02748042	
1397.2	0.02863525	0.02745802	
1397.4	0.02790614	0.02743564	
1397.6	0.02819356	0.02741327	
1397.8	0.02784166	0.02739093	
1398	0.02799648	0.0273686	
1398.2	0.02792756	0.02734629	
1398.4	0.02702645	0.027324	
1398.6	0.02709444	0.02730173	
1398.8	0.02673275	0.02727947	
1399	0.02711366	0.02725723	
1399.2	0.02699533	0.02723501	
1399.4	0.02683027	0.02721281	
1399.6	0.02757058	0.02719063	
1399.8	0.02693469	0.02716847	
1400	0.02740687	0.02714632	
1400.2	0.02753167	0.02712419	
1400.4	0.02722559	0.02710208	
1400.6	0.0275181	0.02707999	
1400.8	0.02722353	0.02705791	
1401	0.02766166	0.02703586	
1401.2	0.02698029	0.02701382	
1401.4	0.02748153	0.0269918	
1401.6	0.02747249	0.0269698	
1401.8	0.02709581	0.02694781	
1402	0.02723896	0.02692585	
1402.2	0.02640251	0.0269039	
1402.4	0.02633741	0.02688197	
1402.6	0.02648829	0.02686005	
1402.8	0.0263292	0.02683816	
1403	0.02603092	0.02681628	
1403.2	0.02496304	0.02679442	
1403.4	0.02542184	0.02677258	
1403.6	0.02486217	0.02675076	
1403.8	0.02464714	0.02672895	
1404	0.02478826	0.02670716	
1404.2	0.02444381	0.02668539	
1404.4	0.02440872	0.02666364	
1404.6	0.02404347	0.0266419	
1404.8	0.02439515	0.02662019	
1405	0.02479679	0.02659849	
1405.2	0.02500986	0.0265768	
1405.4	0.02578059	0.02655514	
1405.6	0.02541445	0.02653349	
1405.8	0.0260801	0.02651187	
1406	0.02597534	0.02649025	
1406.2	0.02667886	0.02646866	
1406.4	0.02762447	0.02644708	
1406.6	0.02753055	0.02642553	
1406.8	0.02760135	0.02640398	
1407	0.02714491	0.02638246	
1407.2	0.02734089	0.02636096	
1407.4	0.02750961	0.02633947	
1407.6	0.02657353	0.026318	
1407.8	0.02693857	0.02629654	
1408	0.02618007	0.02627511	
1408.2	0.02614562	0.02625369	
1408.4	0.02530492	0.02623229	
1408.6	0.02510649	0.02621091	
1408.8	0.02518424	0.02618954	
1409	0.02472208	0.02616819	
1409.2	0.0252017	0.02614686	
1409.4	0.02505124	0.02612555	
1409.6	0.02545411	0.02610425	
1409.8	0.02605326	0.02608297	
1410	0.0259455	0.02606171	
1410.2	0.02722112	0.02604046	
1410.4	0.02720817	0.02601924	
1410.6	0.0273115	0.02599803	
1410.8	0.02760857	0.02597684	
1411	0.02745104	0.02595566	
1411.2	0.02772767	0.0259345	
1411.4	0.02737173	0.02591336	
1411.6	0.02775145	0.02589224	
1411.8	0.02800427	0.02587113	
1412	0.02749663	0.02585004	
1412.2	0.02772878	0.02582897	
1412.4	0.02689625	0.02580792	
1412.6	0.02763645	0.02578688	
1412.8	0.02694228	0.02576586	
1413	0.02678373	0.02574486	
1413.2	0.02689176	0.02572387	
1413.4	0.02658436	0.0257029	
1413.6	0.02717082	0.02568195	
1413.8	0.02709499	0.02566101	
1414	0.02731366	0.0256401	
1414.2	0.02782899	0.0256192	
1414.4	0.02730939	0.02559831	
1414.6	0.0270855	0.02557745	
1414.8	0.02604053	0.0255566	
1415	0.02647688	0.02553576	
1415.2	0.02645769	0.02551495	
1415.4	0.02649315	0.02549415	
1415.6	0.02658321	0.02547337	
1415.8	0.02585925	0.0254526	
1416	0.02606011	0.02543185	
1416.2	0.02550012	0.02541112	
1416.4	0.02548792	0.02539041	
1416.6	0.0254948	0.02536971	
1416.8	0.02484053	0.02534903	
1417	0.02529942	0.02532837	
1417.2	0.02489292	0.02530772	
1417.4	0.02536618	0.02528709	
1417.6	0.02553885	0.02526648	
1417.8	0.02561532	0.02524588	
1418	0.02607158	0.0252253	
1418.2	0.02582608	0.02520474	
1418.4	0.02564508	0.0251842	
1418.6	0.02501243	0.02516367	
1418.8	0.02537355	0.02514316	
1419	0.02617272	0.02512266	
1419.2	0.02541426	0.02510218	
1419.4	0.02599746	0.02508172	
1419.6	0.02535928	0.02506127	
1419.8	0.0252223	0.02504084	
1420	0.0249356	0.02502043	
1420.2	0.02425418	0.02500004	
1420.4	0.02491637	0.02497966	
1420.6	0.02457477	0.0249593	
1420.8	0.02490661	0.02493895	
1421	0.02477038	0.02491862	
1421.2	0.02480461	0.02489831	
1421.4	0.02467751	0.02487801	
1421.6	0.02392487	0.02485773	
1421.8	0.02450531	0.02483747	
1422	0.0243328	0.02481722	
1422.2	0.02458177	0.02479699	
1422.4	0.02511804	0.02477678	
1422.6	0.02465741	0.02475658	
1422.8	0.02538017	0.0247364	
1423	0.02495587	0.02471624	
1423.2	0.02461715	0.02469609	
1423.4	0.02476201	0.02467596	
1423.6	0.02385391	0.02465585	
1423.8	0.02397709	0.02463575	
1424	0.02357611	0.02461567	
1424.2	0.02408263	0.0245956	
1424.4	0.02417156	0.02457555	
1424.6	0.02407017	0.02455552	
1424.8	0.02452472	0.0245355	
1425	0.02437318	0.0245155	
1425.2	0.02485428	0.02449552	
1425.4	0.02431341	0.02447555	
1425.6	0.02452336	0.0244556	
1425.8	0.02507744	0.02443566	
1426	0.02456634	0.02441574	
1426.2	0.02539753	0.02439584	
1426.4	0.02497299	0.02437595	
1426.6	0.02474852	0.02435608	
1426.8	0.02434861	0.02433623	
1427	0.02398421	0.02431639	
1427.2	0.02384123	0.02429657	
1427.4	0.02319956	0.02427677	
1427.6	0.02317661	0.02425698	
1427.8	0.02294016	0.0242372	
1428	0.02307721	0.02421745	
1428.2	0.02294308	0.02419771	
1428.4	0.02299697	0.02417798	
1428.6	0.02397495	0.02415827	
1428.8	0.02401005	0.02413858	
1429	0.02429709	0.0241189	
1429.2	0.02447126	0.02409924	
1429.4	0.02439794	0.0240796	
1429.6	0.02488282	0.02405997	
1429.8	0.02451755	0.02404036	
1430	0.02471857	0.02402076	
1430.2	0.02476455	0.02400118	
1430.4	0.0243197	0.02398161	
1430.6	0.02440597	0.02396206	
1430.8	0.02404077	0.02394253	
1431	0.0248233	0.02392302	
1431.2	0.02424409	0.02390351	
1431.4	0.02386569	0.02388403	
1431.6	0.02394974	0.02386456	
1431.8	0.02331335	0.02384511	
1432	0.02353346	0.02382567	
1432.2	0.02297526	0.02380625	
1432.4	0.02324855	0.02378684	
1432.6	0.02332267	0.02376745	
1432.8	0.022893	0.02374808	
1433	0.02332292	0.02372872	
1433.2	0.02258447	0.02370938	
1433.4	0.02293881	0.02369005	
1433.6	0.0224856	0.02367074	
1433.8	0.02219461	0.02365144	
1434	0.02197819	0.02363216	
1434.2	0.02160083	0.0236129	
1434.4	0.02177446	0.02359365	
1434.6	0.0217042	0.02357442	
1434.8	0.02184515	0.0235552	
1435	0.02191142	0.023536	
1435.2	0.0214985	0.02351682	
1435.4	0.02185596	0.02349765	
1435.6	0.02145139	0.02347849	
1435.8	0.02138076	0.02345935	
1436	0.02142324	0.02344023	
1436.2	0.02146101	0.02342112	
1436.4	0.02202536	0.02340203	
1436.6	0.02192934	0.02338295	
1436.8	0.02222963	0.02336389	
1437	0.0220582	0.02334485	
1437.2	0.02164799	0.02332582	
1437.4	0.02246536	0.02330681	
1437.6	0.02165793	0.02328781	
1437.8	0.02230256	0.02326882	
1438	0.0223697	0.02324986	
1438.2	0.02272907	0.0232309	
1438.4	0.02294425	0.02321197	
1438.6	0.02289837	0.02319305	
1438.8	0.02294551	0.02317414	
1439	0.02290431	0.02315525	
1439.2	0.02282207	0.02313637	
1439.4	0.02273367	0.02311751	
1439.6	0.02241632	0.02309867	
1439.8	0.0224123	0.02307984	
