Conc1	1E-07	
Start1	1020	
Stop1	1439.8	
Kobs	0.00407743624399587	
Error Kobs	4.86367150944756E-05	
Koff	0	
Error Koff	0	
Time1	Data1	Fit1	
1020	0.00565312	0	
1020.2	0.00720529	0.00293366	
1020.4	0.0092141	0.00574007	
1020.6	0.01158689	0.00842473	
1020.8	0.01377989	0.01099293	
1021	0.01596266	0.01344973	
1021.2	0.01829273	0.01579995	
1021.4	0.02083092	0.01804822	
1021.6	0.02334488	0.02019897	
1021.8	0.02550492	0.02225641	
1022	0.0274557	0.0242246	
1022.2	0.02959315	0.02610742	
1022.4	0.03160327	0.02790856	
1022.6	0.03376661	0.02963157	
1022.8	0.03551193	0.03127983	
1023	0.0372839	0.03285659	
1023.2	0.03904312	0.03436496	
1023.4	0.04077685	0.03580789	
1023.6	0.04210109	0.03718823	
1023.8	0.04373564	0.03850869	
1024	0.04586787	0.03977187	
1024.2	0.04758772	0.04098025	
1024.4	0.04922855	0.04213622	
1024.6	0.05060515	0.04324204	
1024.8	0.05160117	0.04429989	
1025	0.05236528	0.04531185	
1025.2	0.05351374	0.04627991	
1025.4	0.05473374	0.04720598	
1025.6	0.05539117	0.04809188	
1025.8	0.05639209	0.04893934	
1026	0.05741642	0.04975005	
1026.2	0.05926578	0.05052558	
1026.4	0.06028451	0.05126748	
1026.6	0.06140787	0.05197719	
1026.8	0.06196031	0.05265611	
1027	0.06250392	0.05330559	
1027.2	0.06354575	0.05392688	
1027.4	0.06392813	0.05452123	
1027.6	0.06484384	0.0550898	
1027.8	0.06543405	0.0556337	
1028	0.06659375	0.05615401	
1028.2	0.06674504	0.05665174	
1028.4	0.06682788	0.05712789	
1028.6	0.06698944	0.05758338	
1028.8	0.0674864	0.05801911	
1029	0.06771925	0.05843594	
1029.2	0.06827545	0.05883469	
1029.4	0.06891712	0.05921614	
1029.6	0.06910328	0.05958104	
1029.8	0.06967354	0.05993011	
1030	0.07023343	0.06026404	
1030.2	0.07098892	0.06058349	
1030.4	0.0710657	0.06088908	
1030.6	0.07106158	0.06118141	
1030.8	0.07112455	0.06146106	
1031	0.07184106	0.06172858	
1031.2	0.07213573	0.06198449	
1031.4	0.07203528	0.06222931	
1031.6	0.07253224	0.0624635	
1031.8	0.07248296	0.06268754	
1032	0.07282305	0.06290185	
1032.2	0.07279455	0.06310687	
1032.4	0.07297673	0.063303	
1032.6	0.07320633	0.06349061	
1032.8	0.0736292	0.06367009	
1033	0.07398088	0.06384178	
1033.2	0.07398499	0.06400603	
1033.4	0.07444931	0.06416315	
1033.6	0.07451417	0.06431345	
1033.8	0.07508204	0.06445724	
1034	0.07519657	0.06459479	
1034.2	0.075306	0.06472637	
1034.4	0.07516858	0.06485224	
1034.6	0.07498818	0.06497265	
1034.8	0.07544913	0.06508784	
1035	0.07561279	0.06519803	
1035.2	0.07568602	0.06530344	
1035.4	0.07586117	0.06540428	
1035.6	0.07592415	0.06550075	
1035.8	0.07570834	0.06559303	
1036	0.07577846	0.06568131	
1036.2	0.07577543	0.06576575	
1036.4	0.07580364	0.06584654	
1036.6	0.07578357	0.06592382	
1036.8	0.07569995	0.06599775	
1037	0.07579901	0.06606847	
1037.2	0.07550078	0.06613612	
1037.4	0.0760021	0.06620084	
1037.6	0.07594029	0.06626275	
1037.8	0.07600205	0.06632197	
1038	0.07525562	0.06637863	
1038.2	0.07528797	0.06643283	
1038.4	0.07484485	0.06648468	
1038.6	0.07465128	0.06653427	
1038.8	0.07488731	0.06658172	
1039	0.07474355	0.06662711	
1039.2	0.07471313	0.06667053	
1039.4	0.07440024	0.06671206	
1039.6	0.07407615	0.0667518	
1039.8	0.07431785	0.06678981	
1040	0.07458535	0.06682617	
1040.2	0.07455993	0.06686096	
1040.4	0.07452304	0.06689423	
1040.6	0.07467849	0.06692606	
1040.8	0.07493738	0.06695651	
1041	0.07521476	0.06698564	
1041.2	0.07558415	0.06701351	
1041.4	0.07600025	0.06704017	
1041.6	0.07580363	0.06706567	
1041.8	0.07595125	0.06709006	
1042	0.07560498	0.0671134	
1042.2	0.07568592	0.06713573	
1042.4	0.07546732	0.06715708	
1042.6	0.07568336	0.06717751	
1042.8	0.07578957	0.06719705	
1043	0.07557585	0.06721575	
1043.2	0.07514928	0.06723363	
1043.4	0.07487476	0.06725074	
1043.6	0.0746577	0.06726711	
1043.8	0.07457773	0.06728277	
1044	0.07438111	0.06729774	
1044.2	0.0743637	0.06731207	
1044.4	0.07433696	0.06732578	
1044.6	0.07402788	0.06733889	
1044.8	0.07414683	0.06735143	
1045	0.07410968	0.06736343	
1045.2	0.07405056	0.06737491	
1045.4	0.07397694	0.06738589	
1045.6	0.07398909	0.06739639	
1045.8	0.07418395	0.06740644	
1046	0.07393232	0.06741605	
1046.2	0.0740177	0.06742525	
1046.4	0.07387943	0.06743405	
1046.6	0.07392623	0.06744246	
1046.8	0.07359885	0.06745051	
1047	0.07338304	0.06745821	
1047.2	0.07295429	0.06746558	
1047.4	0.07296093	0.06747263	
1047.6	0.07320001	0.06747937	
1047.8	0.07327477	0.06748582	
1048	0.07376276	0.06749199	
1048.2	0.07341901	0.06749789	
1048.4	0.07327443	0.06750353	
1048.6	0.07318185	0.06750893	
1048.8	0.07323808	0.0675141	
1049	0.07313116	0.06751904	
1049.2	0.07303359	0.06752377	
1049.4	0.07313613	0.06752829	
1049.6	0.07342861	0.06753262	
1049.8	0.07329888	0.06753676	
1050	0.07313518	0.06754072	
1050.2	0.07285866	0.06754451	
1050.4	0.07280974	0.06754813	
1050.6	0.07292238	0.0675516	
1050.8	0.07282692	0.06755491	
1051	0.07265029	0.06755808	
1051.2	0.07247405	0.06756112	
1051.4	0.07237922	0.06756402	
1051.6	0.07245051	0.0675668	
1051.8	0.07259298	0.06756945	
1052	0.07277511	0.06757199	
1052.2	0.07263708	0.06757443	
1052.4	0.07290806	0.06757675	
1052.6	0.07247483	0.06757898	
1052.8	0.07200521	0.0675811	
1053	0.07191301	0.06758314	
1053.2	0.07218497	0.06758509	
1053.4	0.07239542	0.06758695	
1053.6	0.07268532	0.06758873	
1053.8	0.07263574	0.06759044	
1054	0.07238885	0.06759207	
1054.2	0.07219887	0.06759363	
1054.4	0.07235801	0.06759512	
1054.6	0.07205123	0.06759655	
1054.8	0.07181391	0.06759791	
1055	0.0718384	0.06759922	
1055.2	0.07163118	0.06760047	
1055.4	0.07168071	0.06760167	
1055.6	0.07170972	0.06760281	
1055.8	0.07207655	0.0676039	
1056	0.07243787	0.06760495	
1056.2	0.07240603	0.06760595	
1056.4	0.07203703	0.06760691	
1056.6	0.07213772	0.06760783	
1056.8	0.07228168	0.0676087	
1057	0.07239966	0.06760954	
1057.2	0.07241057	0.06761034	
1057.4	0.07234699	0.06761111	
1057.6	0.07220786	0.06761184	
1057.8	0.07196594	0.06761255	
1058	0.07128986	0.06761322	
1058.2	0.07119972	0.06761386	
1058.4	0.07069193	0.06761448	
1058.6	0.07049576	0.06761506	
1058.8	0.07063432	0.06761563	
1059	0.07053959	0.06761616	
1059.2	0.07008842	0.06761668	
1059.4	0.06972036	0.06761717	
1059.6	0.06973394	0.06761764	
1059.8	0.06967204	0.06761809	
1060	0.069889	0.06761853	
1060.2	0.06962613	0.06761894	
1060.4	0.06989457	0.06761933	
1060.6	0.0703392	0.06761971	
1060.8	0.07029404	0.06762007	
1061	0.07036288	0.06762042	
1061.2	0.07034885	0.06762075	
1061.4	0.07054793	0.06762106	
1061.6	0.07064015	0.06762136	
1061.8	0.07083285	0.06762165	
1062	0.07066994	0.06762193	
1062.2	0.07111293	0.0676222	
1062.4	0.0712552	0.06762245	
1062.6	0.07165585	0.06762269	
1062.8	0.07147331	0.06762292	
1063	0.07098012	0.06762314	
1063.2	0.07030204	0.06762336	
1063.4	0.06967119	0.06762356	
1063.6	0.06955989	0.06762375	
1063.8	0.06926601	0.06762394	
1064	0.06897989	0.06762412	
1064.2	0.06860658	0.06762429	
1064.4	0.06867699	0.06762445	
1064.6	0.06841045	0.0676246	
1064.8	0.06823359	0.06762475	
1065	0.0680558	0.0676249	
1065.2	0.06795828	0.06762503	
1065.4	0.06786757	0.06762516	
1065.6	0.06758115	0.06762529	
1065.8	0.0674526	0.06762541	
1066	0.06749217	0.06762552	
1066.2	0.06810544	0.06762563	
1066.4	0.06851935	0.06762573	
1066.6	0.06885472	0.06762583	
1066.8	0.06857209	0.06762593	
1067	0.06859015	0.06762602	
1067.2	0.06851181	0.06762611	
1067.4	0.06867863	0.06762619	
1067.6	0.06900156	0.06762627	
1067.8	0.06905355	0.06762635	
1068	0.06903648	0.06762642	
1068.2	0.06934999	0.06762649	
1068.4	0.06926007	0.06762656	
1068.6	0.0693345	0.06762662	
1068.8	0.06927286	0.06762668	
1069	0.0690161	0.06762674	
1069.2	0.0685028	0.0676268	
1069.4	0.06817477	0.06762685	
1069.6	0.06745239	0.0676269	
1069.8	0.06712775	0.06762695	
1070	0.06717344	0.067627	
1070.2	0.06732346	0.06762704	
1070.4	0.06703945	0.06762709	
1070.6	0.0667969	0.06762713	
1070.8	0.06636753	0.06762717	
1071	0.06647091	0.0676272	
1071.2	0.06658584	0.06762724	
1071.4	0.06687505	0.06762727	
1071.6	0.06711304	0.06762731	
1071.8	0.06743542	0.06762734	
1072	0.06830295	0.06762737	
1072.2	0.06863465	0.0676274	
1072.4	0.06861621	0.06762742	
1072.6	0.06914326	0.06762745	
1072.8	0.06894171	0.06762748	
1073	0.0686765	0.0676275	
1073.2	0.06859289	0.06762752	
1073.4	0.06840136	0.06762755	
1073.6	0.06784238	0.06762757	
1073.8	0.06799984	0.06762759	
1074	0.06783464	0.06762761	
1074.2	0.06765	0.06762762	
1074.4	0.06741425	0.06762764	
1074.6	0.06734023	0.06762766	
1074.8	0.0671578	0.06762768	
1075	0.06696035	0.06762769	
1075.2	0.06693159	0.06762771	
1075.4	0.06686587	0.06762772	
1075.6	0.06675813	0.06762773	
1075.8	0.06678829	0.06762775	
1076	0.0669517	0.06762776	
1076.2	0.06679654	0.06762777	
1076.4	0.0665979	0.06762778	
1076.6	0.06643534	0.06762779	
1076.8	0.06617245	0.0676278	
1077	0.06583422	0.06762781	
1077.2	0.06569888	0.06762782	
1077.4	0.06545253	0.06762783	
1077.6	0.06522328	0.06762784	
1077.8	0.06544393	0.06762785	
1078	0.06536391	0.06762786	
1078.2	0.06537111	0.06762786	
1078.4	0.0652901	0.06762787	
1078.6	0.0651988	0.06762788	
1078.8	0.06517379	0.06762789	
1079	0.0650499	0.06762789	
1079.2	0.0652137	0.0676279	
1079.4	0.06514644	0.0676279	
1079.6	0.0652721	0.06762791	
1079.8	0.0653334	0.06762791	
1080	0.06546319	0.06762792	
1080.2	0.06528794	0.06762792	
1080.4	0.06495301	0.06762793	
1080.6	0.0646638	0.06762793	
1080.8	0.06488846	0.06762794	
1081	0.06464959	0.06762794	
1081.2	0.06463285	0.06762795	
1081.4	0.06456186	0.06762795	
1081.6	0.06462262	0.06762795	
1081.8	0.06489389	0.06762796	
1082	0.06484681	0.06762796	
1082.2	0.06505966	0.06762796	
1082.4	0.06525289	0.06762797	
1082.6	0.06564023	0.06762797	
1082.8	0.06565017	0.06762797	
1083	0.06545508	0.06762797	
1083.2	0.06549906	0.06762798	
1083.4	0.06568013	0.06762798	
1083.6	0.06582769	0.06762798	
1083.8	0.06569481	0.06762798	
1084	0.06518393	0.06762799	
1084.2	0.06496819	0.06762799	
1084.4	0.06447116	0.06762799	
1084.6	0.06455841	0.06762799	
1084.8	0.06454238	0.06762799	
1085	0.06419521	0.067628	
1085.2	0.06429681	0.067628	
1085.4	0.06428513	0.067628	
1085.6	0.06448813	0.067628	
1085.8	0.06447875	0.067628	
1086	0.06445409	0.067628	
1086.2	0.0644221	0.067628	
1086.4	0.06420862	0.06762801	
1086.6	0.06412662	0.06762801	
1086.8	0.06380877	0.06762801	
1087	0.06385538	0.06762801	
1087.2	0.06427244	0.06762801	
1087.4	0.06401256	0.06762801	
1087.6	0.06380879	0.06762801	
1087.8	0.0636983	0.06762801	
1088	0.06354392	0.06762801	
1088.2	0.06345638	0.06762801	
1088.4	0.06330371	0.06762802	
1088.6	0.06343723	0.06762802	
1088.8	0.06339213	0.06762802	
1089	0.06345494	0.06762802	
1089.2	0.06370731	0.06762802	
1089.4	0.06379584	0.06762802	
1089.6	0.06420425	0.06762802	
1089.8	0.06397855	0.06762802	
1090	0.06342589	0.06762802	
1090.2	0.06306763	0.06762802	
1090.4	0.06302672	0.06762802	
1090.6	0.06276629	0.06762802	
1090.8	0.06238368	0.06762802	
1091	0.06238126	0.06762802	
1091.2	0.06201889	0.06762802	
1091.4	0.06158824	0.06762802	
1091.6	0.06160891	0.06762802	
1091.8	0.06175068	0.06762802	
1092	0.06195089	0.06762802	
1092.2	0.06215021	0.06762803	
1092.4	0.06252735	0.06762803	
1092.6	0.06265394	0.06762803	
1092.8	0.06278306	0.06762803	
1093	0.06278425	0.06762803	
1093.2	0.06281156	0.06762803	
1093.4	0.06293693	0.06762803	
1093.6	0.06310057	0.06762803	
1093.8	0.06274779	0.06762803	
1094	0.06257428	0.06762803	
1094.2	0.06277494	0.06762803	
1094.4	0.06261653	0.06762803	
1094.6	0.06229116	0.06762803	
1094.8	0.06242254	0.06762803	
1095	0.06256872	0.06762803	
1095.2	0.06247239	0.06762803	
1095.4	0.06279486	0.06762803	
1095.6	0.06258507	0.06762803	
1095.8	0.06247663	0.06762803	
1096	0.0624477	0.06762803	
1096.2	0.06237481	0.06762803	
1096.4	0.06188326	0.06762803	
1096.6	0.06174554	0.06762803	
1096.8	0.06110911	0.06762803	
1097	0.06084519	0.06762803	
1097.2	0.06068604	0.06762803	
1097.4	0.06068099	0.06762803	
1097.6	0.06085408	0.06762803	
1097.8	0.06095623	0.06762803	
1098	0.06114207	0.06762803	
1098.2	0.06140992	0.06762803	
1098.4	0.06161612	0.06762803	
1098.6	0.06185503	0.06762803	
1098.8	0.06221045	0.06762803	
1099	0.06239097	0.06762803	
1099.2	0.06274107	0.06762803	
1099.4	0.06294709	0.06762803	
1099.6	0.06280559	0.06762803	
1099.8	0.06257497	0.06762803	
1100	0.06235914	0.06762803	
1100.2	0.06183297	0.06762803	
1100.4	0.06128082	0.06762803	
1100.6	0.06115187	0.06762803	
1100.8	0.06083583	0.06762803	
1101	0.06057769	0.06762803	
1101.2	0.06025348	0.06762803	
1101.4	0.06008007	0.06762803	
1101.6	0.06000544	0.06762803	
1101.8	0.05976906	0.06762803	
1102	0.05928242	0.06762803	
1102.2	0.05872954	0.06762803	
1102.4	0.05884668	0.06762803	
1102.6	0.05886301	0.06762803	
1102.8	0.05926986	0.06762803	
1103	0.05944944	0.06762803	
1103.2	0.05992478	0.06762803	
1103.4	0.0595281	0.06762803	
1103.6	0.05964239	0.06762803	
1103.8	0.05965429	0.06762803	
1104	0.05998053	0.06762803	
1104.2	0.06005854	0.06762803	
1104.4	0.06004756	0.06762803	
1104.6	0.06059154	0.06762803	
1104.8	0.06065533	0.06762803	
1105	0.06053298	0.06762803	
1105.2	0.06056936	0.06762803	
1105.4	0.0607732	0.06762803	
1105.6	0.06050285	0.06762803	
1105.8	0.05987265	0.06762803	
1106	0.05957832	0.06762803	
1106.2	0.05974763	0.06762803	
1106.4	0.06039044	0.06762803	
1106.6	0.06001733	0.06762803	
1106.8	0.06017168	0.06762803	
1107	0.05972646	0.06762803	
1107.2	0.05939126	0.06762803	
1107.4	0.05898945	0.06762803	
1107.6	0.05878809	0.06762803	
1107.8	0.05873371	0.06762803	
1108	0.0587173	0.06762803	
1108.2	0.05843081	0.06762803	
1108.4	0.05841657	0.06762803	
1108.6	0.05880158	0.06762803	
1108.8	0.05874982	0.06762803	
1109	0.05881546	0.06762803	
1109.2	0.0588091	0.06762803	
1109.4	0.0588087	0.06762803	
1109.6	0.05870551	0.06762803	
1109.8	0.05882733	0.06762803	
1110	0.05901969	0.06762803	
1110.2	0.05908782	0.06762803	
1110.4	0.05922028	0.06762803	
1110.6	0.05891431	0.06762803	
1110.8	0.05918727	0.06762803	
1111	0.05895909	0.06762803	
1111.2	0.05856247	0.06762803	
1111.4	0.05860191	0.06762803	
1111.6	0.05829249	0.06762803	
1111.8	0.05837409	0.06762803	
1112	0.05882065	0.06762803	
1112.2	0.05897505	0.06762803	
1112.4	0.05897209	0.06762803	
1112.6	0.05906637	0.06762803	
1112.8	0.05944292	0.06762803	
1113	0.05935142	0.06762803	
1113.2	0.05920961	0.06762803	
1113.4	0.05935093	0.06762803	
1113.6	0.05941326	0.06762803	
1113.8	0.05893673	0.06762803	
1114	0.05881442	0.06762803	
1114.2	0.05866852	0.06762803	
1114.4	0.05903522	0.06762803	
1114.6	0.05884385	0.06762803	
1114.8	0.0584818	0.06762803	
1115	0.05827056	0.06762803	
1115.2	0.05789401	0.06762803	
1115.4	0.05769265	0.06762803	
1115.6	0.05772195	0.06762803	
1115.8	0.05782856	0.06762803	
1116	0.05830809	0.06762803	
1116.2	0.05811795	0.06762803	
1116.4	0.05827488	0.06762803	
1116.6	0.05822409	0.06762803	
1116.8	0.0581663	0.06762803	
1117	0.0577484	0.06762803	
1117.2	0.05745152	0.06762803	
1117.4	0.05742223	0.06762803	
1117.6	0.05712025	0.06762803	
1117.8	0.05654808	0.06762803	
1118	0.05658158	0.06762803	
1118.2	0.05617062	0.06762803	
1118.4	0.05613724	0.06762803	
1118.6	0.05569771	0.06762803	
1118.8	0.055334	0.06762803	
1119	0.05517324	0.06762803	
1119.2	0.0547238	0.06762803	
1119.4	0.05519999	0.06762803	
1119.6	0.05570367	0.06762803	
1119.8	0.05621118	0.06762803	
1120	0.05649308	0.06762803	
1120.2	0.05613667	0.06762803	
1120.4	0.05612366	0.06762803	
1120.6	0.0560294	0.06762803	
1120.8	0.05614108	0.06762803	
1121	0.0563675	0.06762803	
1121.2	0.05654852	0.06762803	
1121.4	0.05654361	0.06762803	
1121.6	0.05644379	0.06762803	
1121.8	0.05622821	0.06762803	
1122	0.05631787	0.06762803	
1122.2	0.05654565	0.06762803	
1122.4	0.05672451	0.06762803	
1122.6	0.05678985	0.06762803	
1122.8	0.05677356	0.06762803	
1123	0.05685099	0.06762803	
1123.2	0.05673312	0.06762803	
1123.4	0.05764237	0.06762803	
1123.6	0.0576564	0.06762803	
1123.8	0.05790614	0.06762803	
1124	0.05792794	0.06762803	
1124.2	0.05775665	0.06762803	
1124.4	0.05787049	0.06762803	
1124.6	0.05771961	0.06762803	
1124.8	0.05752949	0.06762803	
1125	0.05722589	0.06762803	
1125.2	0.05662234	0.06762803	
1125.4	0.05597091	0.06762803	
1125.6	0.05566087	0.06762803	
1125.8	0.05540869	0.06762803	
1126	0.05518107	0.06762803	
1126.2	0.05519439	0.06762803	
1126.4	0.05498582	0.06762803	
1126.6	0.05453158	0.06762803	
1126.8	0.05443659	0.06762803	
1127	0.05457474	0.06762803	
1127.2	0.05443347	0.06762803	
1127.4	0.05493773	0.06762803	
1127.6	0.05510049	0.06762803	
1127.8	0.0551311	0.06762803	
1128	0.05540718	0.06762803	
1128.2	0.05558076	0.06762803	
1128.4	0.05569078	0.06762803	
1128.6	0.05545883	0.06762803	
1128.8	0.05549421	0.06762803	
1129	0.05556586	0.06762803	
1129.2	0.05557702	0.06762803	
1129.4	0.05551119	0.06762803	
1129.6	0.05554675	0.06762803	
1129.8	0.05570211	0.06762803	
1130	0.05543639	0.06762803	
1130.2	0.05559178	0.06762803	
1130.4	0.05548533	0.06762803	
1130.6	0.05512746	0.06762803	
1130.8	0.05502888	0.06762803	
1131	0.05489899	0.06762803	
1131.2	0.05477007	0.06762803	
1131.4	0.05475642	0.06762803	
1131.6	0.05480833	0.06762803	
1131.8	0.05459162	0.06762803	
1132	0.05482368	0.06762803	
1132.2	0.05456321	0.06762803	
1132.4	0.05446343	0.06762803	
1132.6	0.0542915	0.06762803	
1132.8	0.05433853	0.06762803	
1133	0.05454233	0.06762803	
1133.2	0.0548017	0.06762803	
1133.4	0.05462412	0.06762803	
1133.6	0.05506877	0.06762803	
1133.8	0.05531172	0.06762803	
1134	0.05514855	0.06762803	
1134.2	0.05514954	0.06762803	
1134.4	0.05471484	0.06762803	
1134.6	0.05439149	0.06762803	
1134.8	0.05426996	0.06762803	
1135	0.05389948	0.06762803	
1135.2	0.05389778	0.06762803	
1135.4	0.05355483	0.06762803	
1135.6	0.05338441	0.06762803	
1135.8	0.05321133	0.06762803	
1136	0.05298303	0.06762803	
1136.2	0.05253366	0.06762803	
1136.4	0.05278947	0.06762803	
1136.6	0.05272793	0.06762803	
1136.8	0.05290905	0.06762803	
1137	0.0534051	0.06762803	
1137.2	0.05404325	0.06762803	
1137.4	0.05439024	0.06762803	
1137.6	0.05495609	0.06762803	
1137.8	0.05486455	0.06762803	
1138	0.05473595	0.06762803	
1138.2	0.05443318	0.06762803	
1138.4	0.05410804	0.06762803	
1138.6	0.05394865	0.06762803	
1138.8	0.05363412	0.06762803	
1139	0.05304999	0.06762803	
1139.2	0.0528537	0.06762803	
1139.4	0.05247145	0.06762803	
1139.6	0.05214951	0.06762803	
1139.8	0.05191585	0.06762803	
1140	0.06970034	0.06762803	
1140.2	0.06921516	0.06757291	
1140.4	0.06855952	0.06751782	
1140.6	0.06799268	0.06746279	
1140.8	0.06750773	0.06740779	
1141	0.06745916	0.06735285	
1141.2	0.06729877	0.06729794	
1141.4	0.06708011	0.06724308	
1141.6	0.0670362	0.06718827	
1141.8	0.06717775	0.0671335	
1142	0.06741361	0.06707878	
1142.2	0.06758039	0.0670241	
1142.4	0.06760036	0.06696946	
1142.6	0.06783005	0.06691487	
1142.8	0.06764402	0.06686033	
1143	0.06790673	0.06680582	
1143.2	0.06825644	0.06675137	
1143.4	0.0679021	0.06669695	
1143.6	0.06798218	0.06664259	
1143.8	0.06808948	0.06658826	
1144	0.06792812	0.06653398	
1144.2	0.06777534	0.06647975	
1144.4	0.06728544	0.06642556	
1144.6	0.06736242	0.06637141	
1144.8	0.0673131	0.06631731	
1145	0.06740154	0.06626325	
1145.2	0.06719267	0.06620923	
1145.4	0.06742262	0.06615526	
1145.6	0.06778049	0.06610133	
1145.8	0.06778138	0.06604745	
1146	0.06750103	0.06599361	
1146.2	0.06765991	0.06593982	
1146.4	0.06798442	0.06588607	
1146.6	0.06819352	0.06583236	
1146.8	0.06856886	0.0657787	
1147	0.06871248	0.06572508	
1147.2	0.06888292	0.0656715	
1147.4	0.0685579	0.06561797	
1147.6	0.06893685	0.06556448	
1147.8	0.06898764	0.06551103	
1148	0.06911817	0.06545763	
1148.2	0.06896126	0.06540427	
1148.4	0.06874069	0.06535096	
1148.6	0.06855663	0.06529769	
1148.8	0.06816676	0.06524446	
1149	0.06794911	0.06519128	
1149.2	0.0683001	0.06513813	
1149.4	0.06823287	0.06508504	
1149.6	0.06812641	0.06503198	
1149.8	0.06759996	0.06497897	
1150	0.06757277	0.064926	
1150.2	0.06777387	0.06487308	
1150.4	0.06741821	0.0648202	
1150.6	0.06721513	0.06476736	
1150.8	0.06728672	0.06471456	
1151	0.06694723	0.06466181	
1151.2	0.06685485	0.0646091	
1151.4	0.06664225	0.06455644	
1151.6	0.06680512	0.06450381	
1151.8	0.06687386	0.06445123	
1152	0.06666609	0.06439869	
1152.2	0.06650079	0.0643462	
1152.4	0.06634789	0.06429375	
1152.6	0.06616862	0.06424134	
1152.8	0.06640325	0.06418897	
1153	0.06673836	0.06413665	
1153.2	0.06709086	0.06408437	
1153.4	0.06694428	0.06403213	
1153.6	0.06743763	0.06397993	
1153.8	0.0675931	0.06392778	
1154	0.06800953	0.06387567	
1154.2	0.06823534	0.0638236	
1154.4	0.06820104	0.06377157	
1154.6	0.06862044	0.06371959	
1154.8	0.06861486	0.06366765	
1155	0.06844844	0.06361575	
1155.2	0.06804093	0.06356389	
1155.4	0.0681602	0.06351208	
1155.6	0.06804799	0.0634603	
1155.8	0.06767004	0.06340857	
1156	0.06747718	0.06335689	
1156.2	0.06741593	0.06330524	
1156.4	0.06733929	0.06325364	
1156.6	0.06716398	0.06320208	
1156.8	0.0669356	0.06315056	
1157	0.0666959	0.06309908	
1157.2	0.06632169	0.06304764	
1157.4	0.06633894	0.06299625	
1157.6	0.06658959	0.0629449	
1157.8	0.06666842	0.06289359	
1158	0.0666284	0.06284232	
1158.2	0.06651247	0.06279109	
1158.4	0.06644617	0.06273991	
1158.6	0.06661604	0.06268877	
1158.8	0.06655472	0.06263767	
1159	0.06680625	0.06258661	
1159.2	0.06710095	0.06253559	
1159.4	0.06763134	0.06248461	
1159.6	0.06775779	0.06243368	
1159.8	0.06775869	0.06238278	
1160	0.06813691	0.06233193	
1160.2	0.06840705	0.06228112	
1160.4	0.06837202	0.06223035	
1160.6	0.06820406	0.06217963	
1160.8	0.06805821	0.06212894	
1161	0.06793725	0.0620783	
1161.2	0.06816812	0.06202769	
1161.4	0.06798317	0.06197713	
1161.6	0.06780798	0.06192661	
1161.8	0.06764784	0.06187613	
1162	0.06778129	0.06182569	
1162.2	0.06766174	0.06177529	
1162.4	0.0675248	0.06172494	
1162.6	0.06739074	0.06167462	
1162.8	0.06740934	0.06162435	
1163	0.06742338	0.06157411	
1163.2	0.06723219	0.06152392	
1163.4	0.06698954	0.06147377	
1163.6	0.06670334	0.06142366	
1163.8	0.06638963	0.06137359	
1164	0.06636231	0.06132356	
1164.2	0.06636113	0.06127357	
1164.4	0.06600399	0.06122362	
1164.6	0.06588961	0.06117372	
1164.8	0.06555448	0.06112385	
1165	0.06569253	0.06107403	
1165.2	0.06611506	0.06102424	
1165.4	0.06617175	0.0609745	
1165.6	0.06628444	0.06092479	
1165.8	0.06667552	0.06087513	
1166	0.06725813	0.06082551	
1166.2	0.06718334	0.06077593	
1166.4	0.06739113	0.06072638	
1166.6	0.0676429	0.06067688	
1166.8	0.06776719	0.06062742	
1167	0.06758185	0.060578	
1167.2	0.06747515	0.06052862	
1167.4	0.06764735	0.06047928	
1167.6	0.06732706	0.06042998	
1167.8	0.06746837	0.06038072	
1168	0.06758624	0.0603315	
1168.2	0.06742832	0.06028232	
1168.4	0.06740626	0.06023318	
1168.6	0.06703273	0.06018408	
1168.8	0.0666852	0.06013502	
1169	0.06694231	0.060086	
1169.2	0.0669956	0.06003702	
1169.4	0.06709395	0.05998808	
1169.6	0.06684421	0.05993919	
1169.8	0.06699443	0.05989033	
1170	0.06703991	0.05984151	
1170.2	0.06668955	0.05979273	
1170.4	0.06647842	0.05974399	
1170.6	0.06627297	0.05969528	
1170.8	0.06593469	0.05964662	
1171	0.0659067	0.059598	
1171.2	0.06585639	0.05954942	
1171.4	0.06565259	0.05950088	
1171.6	0.06538663	0.05945238	
1171.8	0.06566816	0.05940391	
1172	0.06530264	0.05935549	
1172.2	0.06475003	0.05930711	
1172.4	0.06462461	0.05925876	
1172.6	0.06399988	0.05921046	
1172.8	0.06389381	0.05916219	
1173	0.0640914	0.05911396	
1173.2	0.06427252	0.05906578	
1173.4	0.06453994	0.05901763	
1173.6	0.06461912	0.05896952	
1173.8	0.06455011	0.05892145	
1174	0.06453291	0.05887342	
1174.2	0.06444131	0.05882543	
1174.4	0.06455248	0.05877748	
1174.6	0.06503104	0.05872957	
1174.8	0.06482413	0.05868169	
1175	0.06515962	0.05863386	
1175.2	0.06481945	0.05858606	
1175.4	0.06450977	0.05853831	
1175.6	0.0645165	0.05849059	
1175.8	0.06435311	0.05844291	
1176	0.06406283	0.05839527	
1176.2	0.06396682	0.05834767	
1176.4	0.06423225	0.05830011	
1176.6	0.06402953	0.05825258	
1176.8	0.06400229	0.0582051	
1177	0.06412917	0.05815765	
1177.2	0.06428516	0.05811024	
1177.4	0.06433158	0.05806287	
1177.6	0.06451764	0.05801554	
1177.8	0.06445977	0.05796825	
1178	0.06448391	0.057921	
1178.2	0.06467071	0.05787378	
1178.4	0.06491268	0.05782661	
1178.6	0.06464204	0.05777947	
1178.8	0.06440602	0.05773237	
1179	0.06453608	0.05768531	
1179.2	0.06443612	0.05763829	
1179.4	0.06413386	0.0575913	
1179.6	0.06419003	0.05754436	
1179.8	0.06435843	0.05749745	
1180	0.06469985	0.05745058	
1180.2	0.06481871	0.05740375	
1180.4	0.06490856	0.05735696	
1180.6	0.064269	0.0573102	
1180.8	0.06450532	0.05726349	
1181	0.06470297	0.05721681	
1181.2	0.06474579	0.05717017	
1181.4	0.06474339	0.05712356	
1181.6	0.06503647	0.057077	
1181.8	0.06477209	0.05703047	
1182	0.06476605	0.05698398	
1182.2	0.06496197	0.05693753	
1182.4	0.06465645	0.05689112	
1182.6	0.06418547	0.05684475	
1182.8	0.06442591	0.05679841	
1183	0.06438626	0.05675211	
1183.2	0.06401286	0.05670585	
1183.4	0.06403586	0.05665962	
1183.6	0.06395772	0.05661344	
1183.8	0.06424617	0.05656729	
1184	0.06412041	0.05652118	
1184.2	0.06404261	0.0564751	
1184.4	0.06413284	0.05642907	
1184.6	0.06382341	0.05638307	
1184.8	0.06445442	0.05633711	
1185	0.06416826	0.05629118	
1185.2	0.06426458	0.0562453	
1185.4	0.06415414	0.05619945	
1185.6	0.06442877	0.05615364	
1185.8	0.06438934	0.05610787	
1186	0.06437693	0.05606213	
1186.2	0.06426191	0.05601643	
1186.4	0.06397142	0.05597077	
1186.6	0.06383699	0.05592514	
1186.8	0.06385464	0.05587955	
1187	0.06404866	0.055834	
1187.2	0.06413809	0.05578849	
1187.4	0.06458036	0.05574301	
1187.6	0.06438193	0.05569758	
1187.8	0.06477456	0.05565217	
1188	0.06439801	0.05560681	
1188.2	0.06476404	0.05556148	
1188.4	0.06483393	0.05551619	
1188.6	0.06464042	0.05547093	
1188.8	0.06440967	0.05542572	
1189	0.06399338	0.05538054	
1189.2	0.06373122	0.05533539	
1189.4	0.06340647	0.05529029	
1189.6	0.06343561	0.05524522	
1189.8	0.06309757	0.05520018	
1190	0.06225506	0.05515519	
1190.2	0.0618062	0.05511023	
1190.4	0.06176016	0.0550653	
1190.6	0.06156195	0.05502042	
1190.8	0.06137205	0.05497557	
1191	0.06145011	0.05493075	
1191.2	0.06158302	0.05488597	
1191.4	0.06122902	0.05484123	
1191.6	0.0608487	0.05479653	
1191.8	0.06097272	0.05475186	
1192	0.06067179	0.05470723	
1192.2	0.06061604	0.05466264	
1192.4	0.06053728	0.05461808	
1192.6	0.06019876	0.05457356	
1192.8	0.06019422	0.05452907	
1193	0.06004658	0.05448462	
1193.2	0.05974022	0.05444021	
1193.4	0.05943725	0.05439583	
1193.6	0.05937681	0.05435149	
1193.8	0.05952353	0.05430718	
1194	0.05968723	0.05426291	
1194.2	0.06001207	0.05421868	
1194.4	0.06059774	0.05417449	
1194.6	0.06064645	0.05413032	
1194.8	0.06051721	0.0540862	
1195	0.06100593	0.05404211	
1195.2	0.06148214	0.05399806	
1195.4	0.06126888	0.05395404	
1195.6	0.06139682	0.05391006	
1195.8	0.06174584	0.05386612	
1196	0.06133014	0.05382221	
1196.2	0.06115185	0.05377833	
1196.4	0.06119121	0.0537345	
1196.6	0.06115359	0.05369069	
1196.8	0.06111521	0.05364693	
1197	0.06068434	0.0536032	
1197.2	0.06047332	0.0535595	
1197.4	0.06013189	0.05351584	
1197.6	0.06010733	0.05347222	
1197.8	0.06021299	0.05342863	
1198	0.05992422	0.05338508	
1198.2	0.05963588	0.05334156	
1198.4	0.05954911	0.05329808	
1198.6	0.05948635	0.05325463	
1198.8	0.05933105	0.05321122	
1199	0.05951478	0.05316785	
1199.2	0.05942709	0.05312451	
1199.4	0.05900663	0.0530812	
1199.6	0.05902095	0.05303793	
1199.8	0.05879438	0.0529947	
1200	0.05885018	0.0529515	
1200.2	0.05927338	0.05290834	
1200.4	0.05917128	0.05286521	
1200.6	0.05926915	0.05282211	
1200.8	0.05918009	0.05277906	
1201	0.05956032	0.05273603	
1201.2	0.05949562	0.05269305	
1201.4	0.05945028	0.05265009	
1201.6	0.05914056	0.05260717	
1201.8	0.05888099	0.05256429	
1202	0.05851249	0.05252144	
1202.2	0.05845773	0.05247863	
1202.4	0.05852672	0.05243585	
1202.6	0.05836863	0.05239311	
1202.8	0.05778866	0.0523504	
1203	0.05754952	0.05230773	
1203.2	0.05750771	0.05226509	
1203.4	0.05759523	0.05222248	
1203.6	0.05783276	0.05217991	
1203.8	0.05819291	0.05213738	
1204	0.05857256	0.05209488	
1204.2	0.05870712	0.05205241	
1204.4	0.05864966	0.05200998	
1204.6	0.05878419	0.05196759	
1204.8	0.05905773	0.05192523	
1205	0.05914995	0.0518829	
1205.2	0.0587802	0.05184061	
1205.4	0.05874464	0.05179835	
1205.6	0.05872981	0.05175612	
1205.8	0.05870014	0.05171393	
1206	0.05867386	0.05167178	
1206.2	0.05863112	0.05162966	
1206.4	0.05885171	0.05158757	
1206.6	0.0582077	0.05154552	
1206.8	0.05811665	0.0515035	
1207	0.05827287	0.05146152	
1207.2	0.05823479	0.05141957	
1207.4	0.05819931	0.05137766	
1207.6	0.05806118	0.05133578	
1207.8	0.05825268	0.05129393	
1208	0.05793025	0.05125212	
1208.2	0.05786382	0.05121034	
1208.4	0.05774707	0.05116859	
1208.6	0.05720668	0.05112688	
1208.8	0.05733518	0.05108521	
1209	0.05708291	0.05104356	
1209.2	0.05714651	0.05100196	
1209.4	0.05751385	0.05096038	
1209.6	0.05790692	0.05091884	
1209.8	0.05796059	0.05087733	
1210	0.05733022	0.05083586	
1210.2	0.05711767	0.05079442	
1210.4	0.05697482	0.05075302	
1210.6	0.05656287	0.05071165	
1210.8	0.05639688	0.05067031	
1211	0.05601306	0.050629	
1211.2	0.05551278	0.05058773	
1211.4	0.05531896	0.0505465	
1211.6	0.05527762	0.05050529	
1211.8	0.05518089	0.05046412	
1212	0.05475582	0.05042299	
1212.2	0.054634	0.05038188	
1212.4	0.05520961	0.05034082	
1212.6	0.05525072	0.05029978	
1212.8	0.05596733	0.05025878	
1213	0.05637032	0.05021781	
1213.2	0.05677594	0.05017687	
1213.4	0.05698207	0.05013597	
1213.6	0.056922	0.0500951	
1213.8	0.05674226	0.05005427	
1214	0.05635353	0.05001347	
1214.2	0.05661205	0.0499727	
1214.4	0.0565092	0.04993196	
1214.6	0.05658166	0.04989126	
1214.8	0.05676891	0.04985059	
1215	0.05675742	0.04980995	
1215.2	0.05672627	0.04976935	
1215.4	0.05671695	0.04972878	
1215.6	0.0566281	0.04968825	
1215.8	0.05623085	0.04964774	
1216	0.05619599	0.04960727	
1216.2	0.05649274	0.04956683	
1216.4	0.05660965	0.04952643	
1216.6	0.05560869	0.04948606	
1216.8	0.05523407	0.04944572	
1217	0.05501665	0.04940541	
1217.2	0.05445874	0.04936514	
1217.4	0.05420976	0.0493249	
1217.6	0.05394286	0.04928469	
1217.8	0.05400949	0.04924452	
1218	0.05418583	0.04920438	
1218.2	0.05444531	0.04916427	
1218.4	0.05451838	0.04912419	
1218.6	0.05481053	0.04908415	
1218.8	0.05508802	0.04904413	
1219	0.05529925	0.04900416	
1219.2	0.05534868	0.04896421	
1219.4	0.0554272	0.0489243	
1219.6	0.05553195	0.04888442	
1219.8	0.05537649	0.04884457	
1220	0.05534858	0.04880475	
1220.2	0.05511	0.04876497	
1220.4	0.05441474	0.04872522	
1220.6	0.05391438	0.0486855	
1220.8	0.05366359	0.04864581	
1221	0.05378641	0.04860616	
1221.2	0.05377987	0.04856654	
1221.4	0.05387172	0.04852695	
1221.6	0.05361095	0.04848739	
1221.8	0.05346249	0.04844787	
1222	0.05306729	0.04840837	
1222.2	0.05313311	0.04836891	
1222.4	0.05261008	0.04832949	
1222.6	0.05252195	0.04829009	
1222.8	0.05285662	0.04825073	
1223	0.0531587	0.04821139	
1223.2	0.05300022	0.04817209	
1223.4	0.0531197	0.04813283	
1223.6	0.05292369	0.04809359	
1223.8	0.05277465	0.04805439	
1224	0.05235752	0.04801521	
1224.2	0.05256762	0.04797608	
1224.4	0.05233918	0.04793697	
1224.6	0.05253415	0.04789789	
1224.8	0.05259441	0.04785885	
1225	0.05265952	0.04781983	
1225.2	0.05269363	0.04778085	
1225.4	0.05236863	0.04774191	
1225.6	0.05198934	0.04770299	
1225.8	0.05160961	0.0476641	
1226	0.05151114	0.04762525	
1226.2	0.05175129	0.04758643	
1226.4	0.05170982	0.04754764	
1226.6	0.05176711	0.04750888	
1226.8	0.05177147	0.04747015	
1227	0.05155408	0.04743146	
1227.2	0.05163187	0.04739279	
1227.4	0.05173072	0.04735416	
1227.6	0.05116904	0.04731556	
1227.8	0.05086289	0.04727699	
1228	0.05032846	0.04723845	
1228.2	0.05070594	0.04719994	
1228.4	0.05037896	0.04716147	
1228.6	0.0505046	0.04712302	
1228.8	0.05021679	0.04708461	
1229	0.04975004	0.04704623	
1229.2	0.04986002	0.04700788	
1229.4	0.04980408	0.04696956	
1229.6	0.05012009	0.04693127	
1229.8	0.05037862	0.04689302	
1230	0.05098555	0.04685479	
1230.2	0.051541	0.0468166	
1230.4	0.051701	0.04677844	
1230.6	0.05163814	0.04674031	
1230.8	0.05182472	0.0467022	
1231	0.05217088	0.04666414	
1231.2	0.052304	0.0466261	
1231.4	0.05182796	0.04658809	
1231.6	0.05108243	0.04655011	
1231.8	0.05068316	0.04651217	
1232	0.05054098	0.04647425	
1232.2	0.05075542	0.04643637	
1232.4	0.05048517	0.04639852	
1232.6	0.05029904	0.04636069	
1232.8	0.04982161	0.0463229	
1233	0.04955297	0.04628514	
1233.2	0.04982171	0.04624741	
1233.4	0.04994943	0.04620971	
1233.6	0.049761	0.04617205	
1233.8	0.05011347	0.04613441	
1234	0.05040999	0.0460968	
1234.2	0.05067779	0.04605923	
1234.4	0.05039032	0.04602168	
1234.6	0.05025234	0.04598417	
1234.8	0.05018673	0.04594668	
1235	0.04970349	0.04590923	
1235.2	0.04920339	0.0458718	
1235.4	0.04878169	0.04583441	
1235.6	0.04851763	0.04579705	
1235.8	0.04829369	0.04575972	
1236	0.04836868	0.04572242	
1236.2	0.04864817	0.04568515	
1236.4	0.04844489	0.04564791	
1236.6	0.04811145	0.0456107	
1236.8	0.04805417	0.04557352	
1237	0.04825555	0.04553637	
1237.2	0.04869283	0.04549925	
1237.4	0.04880588	0.04546216	
1237.6	0.04885179	0.0454251	
1237.8	0.04929269	0.04538807	
1238	0.04972986	0.04535107	
1238.2	0.05034222	0.0453141	
1238.4	0.05013946	0.04527717	
1238.6	0.05046282	0.04524026	
1238.8	0.05042218	0.04520338	
1239	0.05015048	0.04516653	
1239.2	0.05015852	0.04512972	
1239.4	0.04988634	0.04509293	
1239.6	0.04962715	0.04505617	
1239.8	0.04935827	0.04501944	
1240	0.04908962	0.04498274	
1240.2	0.04907198	0.04494608	
1240.4	0.04844928	0.04490944	
1240.6	0.04823689	0.04487283	
1240.8	0.04853971	0.04483625	
1241	0.0484352	0.0447997	
1241.2	0.04870855	0.04476318	
1241.4	0.04827459	0.0447267	
1241.6	0.04830792	0.04469024	
1241.8	0.04823089	0.04465381	
1242	0.04898112	0.04461741	
1242.2	0.04926152	0.04458104	
1242.4	0.04878573	0.0445447	
1242.6	0.04920236	0.04450839	
1242.8	0.0490433	0.0444721	
1243	0.04911046	0.04443585	
1243.2	0.0490963	0.04439963	
1243.4	0.04870117	0.04436344	
1243.6	0.04922243	0.04432728	
1243.8	0.04890173	0.04429114	
1244	0.04859767	0.04425504	
1244.2	0.04854709	0.04421896	
1244.4	0.0486264	0.04418292	
1244.6	0.04847998	0.0441469	
1244.8	0.04851135	0.04411092	
1245	0.04829458	0.04407496	
1245.2	0.04855557	0.04403903	
1245.4	0.04829547	0.04400313	
1245.6	0.04825854	0.04396726	
1245.8	0.04811714	0.04393142	
1246	0.04859355	0.04389561	
1246.2	0.04830488	0.04385983	
1246.4	0.04766356	0.04382408	
1246.6	0.04777609	0.04378835	
1246.8	0.04793809	0.04375266	
1247	0.04785876	0.04371699	
1247.2	0.04754906	0.04368136	
1247.4	0.04751026	0.04364575	
1247.6	0.04782189	0.04361017	
1247.8	0.0471957	0.04357462	
1248	0.04724181	0.0435391	
1248.2	0.04734538	0.04350361	
1248.4	0.04758199	0.04346815	
1248.6	0.04739729	0.04343272	
1248.8	0.04769591	0.04339731	
1249	0.04810295	0.04336194	
1249.2	0.0484093	0.04332659	
1249.4	0.04830323	0.04329127	
1249.6	0.04821651	0.04325598	
1249.8	0.04821536	0.04322072	
1250	0.04833426	0.04318549	
1250.2	0.04803045	0.04315029	
1250.4	0.04802674	0.04311511	
1250.6	0.04787886	0.04307997	
1250.8	0.04772439	0.04304485	
1251	0.04721933	0.04300976	
1251.2	0.04679666	0.0429747	
1251.4	0.04668433	0.04293967	
1251.6	0.0466139	0.04290467	
1251.8	0.04637068	0.0428697	
1252	0.04642043	0.04283475	
1252.2	0.04600648	0.04279983	
1252.4	0.04594929	0.04276495	
1252.6	0.04625956	0.04273009	
1252.8	0.04629613	0.04269525	
1253	0.04635497	0.04266045	
1253.2	0.04642197	0.04262568	
1253.4	0.04623718	0.04259093	
1253.6	0.0463987	0.04255621	
1253.8	0.04653201	0.04252152	
1254	0.04663093	0.04248686	
1254.2	0.0465258	0.04245223	
1254.4	0.04632201	0.04241762	
1254.6	0.04597264	0.04238304	
1254.8	0.04571154	0.0423485	
1255	0.0452476	0.04231398	
1255.2	0.0448186	0.04227948	
1255.4	0.04460935	0.04224502	
1255.6	0.04483941	0.04221058	
1255.8	0.04471224	0.04217617	
1256	0.04443129	0.04214179	
1256.2	0.04390515	0.04210744	
1256.4	0.04418939	0.04207312	
1256.6	0.04426072	0.04203882	
1256.8	0.04406986	0.04200455	
1257	0.04430116	0.04197031	
1257.2	0.04447684	0.0419361	
1257.4	0.04437118	0.04190192	
1257.6	0.04468559	0.04186776	
1257.8	0.04469477	0.04183363	
1258	0.04438943	0.04179953	
1258.2	0.0445613	0.04176546	
1258.4	0.04509903	0.04173141	
1258.6	0.04547807	0.04169739	
1258.8	0.04517129	0.0416634	
1259	0.04498401	0.04162944	
1259.2	0.04484063	0.04159551	
1259.4	0.04494243	0.0415616	
1259.6	0.04533102	0.04152772	
1259.8	0.04523787	0.04149387	
1260	0.04499046	0.04146005	
1260.2	0.044742	0.04142625	
1260.4	0.04497028	0.04139248	
1260.6	0.0448814	0.04135874	
1260.8	0.04486992	0.04132503	
1261	0.0447849	0.04129134	
1261.2	0.04458367	0.04125768	
1261.4	0.04402117	0.04122405	
1261.6	0.04373448	0.04119045	
1261.8	0.04347875	0.04115687	
1262	0.04345922	0.04112332	
1262.2	0.04391901	0.0410898	
1262.4	0.04411423	0.0410563	
1262.6	0.04387967	0.04102284	
1262.8	0.04348467	0.0409894	
1263	0.04331306	0.04095598	
1263.2	0.04332887	0.0409226	
1263.4	0.04366356	0.04088924	
1263.6	0.0435865	0.04085591	
1263.8	0.04348741	0.04082261	
1264	0.04325	0.04078933	
1264.2	0.04348001	0.04075608	
1264.4	0.04360777	0.04072286	
1264.6	0.04325877	0.04068966	
1264.8	0.04298834	0.04065649	
1265	0.04304822	0.04062335	
1265.2	0.04294307	0.04059024	
1265.4	0.04231778	0.04055715	
1265.6	0.04266843	0.04052409	
1265.8	0.04297157	0.04049106	
1266	0.04296054	0.04045805	
1266.2	0.0428472	0.04042507	
1266.4	0.04235729	0.04039212	
1266.6	0.04201064	0.04035919	
1266.8	0.04209509	0.04032629	
1267	0.04192621	0.04029342	
1267.2	0.04189444	0.04026057	
1267.4	0.04177783	0.04022776	
1267.6	0.04157019	0.04019496	
1267.8	0.04165223	0.0401622	
1268	0.04152983	0.04012946	
1268.2	0.04182523	0.04009675	
1268.4	0.04103372	0.04006406	
1268.6	0.04100133	0.04003141	
1268.8	0.04135689	0.03999877	
1269	0.04157897	0.03996617	
1269.2	0.04194007	0.03993359	
1269.4	0.04196976	0.03990104	
1269.6	0.0425023	0.03986851	
1269.8	0.04234684	0.03983601	
1270	0.04193991	0.03980354	
1270.2	0.04173792	0.03977109	
1270.4	0.04169903	0.03973868	
1270.6	0.04172723	0.03970628	
1270.8	0.04190991	0.03967392	
1271	0.04119149	0.03964157	
1271.2	0.04101556	0.03960926	
1271.4	0.04091618	0.03957697	
1271.6	0.04082389	0.03954471	
1271.8	0.04066808	0.03951248	
1272	0.04041144	0.03948027	
1272.2	0.04037262	0.03944809	
1272.4	0.04004956	0.03941593	
1272.6	0.04074914	0.0393838	
1272.8	0.04083665	0.03935169	
1273	0.04138476	0.03931962	
1273.2	0.04173452	0.03928757	
1273.4	0.04168428	0.03925554	
1273.6	0.04173771	0.03922354	
1273.8	0.04176621	0.03919157	
1274	0.04177214	0.03915962	
1274.2	0.04197272	0.0391277	
1274.4	0.04223688	0.0390958	
1274.6	0.04203157	0.03906394	
1274.8	0.04176795	0.03903209	
1275	0.04129951	0.03900027	
1275.2	0.04160271	0.03896848	
1275.4	0.04123857	0.03893672	
1275.6	0.04106209	0.03890498	
1275.8	0.04050382	0.03887327	
1276	0.04017871	0.03884158	
1276.2	0.0398744	0.03880992	
1276.4	0.03951713	0.03877828	
1276.6	0.0394143	0.03874667	
1276.8	0.03926384	0.03871508	
1277	0.03976553	0.03868353	
1277.2	0.03941357	0.03865199	
1277.4	0.03930685	0.03862049	
1277.6	0.03944028	0.038589	
1277.8	0.03947942	0.03855755	
1278	0.03981158	0.03852612	
1278.2	0.04005398	0.03849471	
1278.4	0.04062585	0.03846333	
1278.6	0.04072222	0.03843198	
1278.8	0.04076969	0.03840065	
1279	0.04060129	0.03836935	
1279.2	0.04069405	0.03833807	
1279.4	0.04027105	0.03830682	
1279.6	0.0399183	0.03827559	
1279.8	0.03925074	0.03824439	
1280	0.03932931	0.03821322	
1280.2	0.03884943	0.03818207	
1280.4	0.0386137	0.03815095	
1280.6	0.03868303	0.03811985	
1280.8	0.03901458	0.03808877	
1281	0.0390428	0.03805772	
1281.2	0.03876099	0.0380267	
1281.4	0.03872752	0.0379957	
1281.6	0.03888628	0.03796473	
1281.8	0.03894179	0.03793378	
1282	0.03967227	0.03790286	
1282.2	0.04001003	0.03787197	
1282.4	0.04018429	0.03784109	
1282.6	0.03986186	0.03781025	
1282.8	0.03966078	0.03777943	
1283	0.03955272	0.03774863	
1283.2	0.03977035	0.03771786	
1283.4	0.03942652	0.03768711	
1283.6	0.03908595	0.03765639	
1283.8	0.03897796	0.0376257	
1284	0.03872132	0.03759503	
1284.2	0.03857745	0.03756438	
1284.4	0.0384427	0.03753376	
1284.6	0.0384592	0.03750316	
1284.8	0.03821992	0.03747259	
1285	0.03762694	0.03744205	
1285.2	0.03731386	0.03741153	
1285.4	0.03705792	0.03738103	
1285.6	0.03707577	0.03735056	
1285.8	0.0371251	0.03732011	
1286	0.03721455	0.03728969	
1286.2	0.0371893	0.03725929	
1286.4	0.03712238	0.03722892	
1286.6	0.03759267	0.03719857	
1286.8	0.03786251	0.03716825	
1287	0.03825573	0.03713795	
1287.2	0.03834638	0.03710768	
1287.4	0.03817541	0.03707743	
1287.6	0.03838749	0.03704721	
1287.8	0.03870743	0.03701701	
1288	0.03880684	0.03698683	
1288.2	0.03895916	0.03695668	
1288.4	0.0383716	0.03692656	
1288.6	0.03818195	0.03689646	
1288.8	0.037726	0.03686638	
1289	0.0375458	0.03683633	
1289.2	0.03745678	0.0368063	
1289.4	0.03767492	0.0367763	
1289.6	0.03781751	0.03674632	
1289.8	0.03779018	0.03671637	
1290	0.03802124	0.03668644	
1290.2	0.03824457	0.03665653	
1290.4	0.03855486	0.03662665	
1290.6	0.03866814	0.0365968	
1290.8	0.03865448	0.03656696	
1291	0.03869402	0.03653716	
1291.2	0.03846091	0.03650737	
1291.4	0.03850012	0.03647761	
1291.6	0.0383046	0.03644788	
1291.8	0.03824511	0.03641817	
1292	0.03827826	0.03638848	
1292.2	0.03774911	0.03635882	
1292.4	0.03733244	0.03632918	
1292.6	0.03756249	0.03629957	
1292.8	0.03728025	0.03626998	
1293	0.03751614	0.03624041	
1293.2	0.0372985	0.03621087	
1293.4	0.03731675	0.03618135	
1293.6	0.03732307	0.03615186	
1293.8	0.03711593	0.03612239	
1294	0.03727043	0.03609294	
1294.2	0.03720624	0.03606352	
1294.4	0.03710023	0.03603413	
1294.6	0.03692407	0.03600475	
1294.8	0.03703554	0.0359754	
1295	0.03654219	0.03594608	
1295.2	0.036504	0.03591678	
1295.4	0.03640447	0.0358875	
1295.6	0.03600084	0.03585824	
1295.8	0.03607578	0.03582901	
1296	0.0364275	0.03579981	
1296.2	0.03642781	0.03577063	
1296.4	0.03622197	0.03574147	
1296.6	0.03629364	0.03571233	
1296.8	0.03581909	0.03568322	
1297	0.03552142	0.03565413	
1297.2	0.03479636	0.03562507	
1297.4	0.03449319	0.03559603	
1297.6	0.03418844	0.03556701	
1297.8	0.03409295	0.03553802	
1298	0.0339313	0.03550905	
1298.2	0.03367025	0.03548011	
1298.4	0.03359603	0.03545119	
1298.6	0.03342136	0.03542229	
1298.8	0.03384709	0.03539341	
1299	0.0335797	0.03536456	
1299.2	0.03370816	0.03533573	
1299.4	0.03402148	0.03530693	
1299.6	0.0339472	0.03527815	
1299.8	0.03421698	0.03524939	
1300	0.03468901	0.03522066	
1300.2	0.03513193	0.03519195	
1300.4	0.03532925	0.03516326	
1300.6	0.03587385	0.0351346	
1300.8	0.03587764	0.03510596	
1301	0.03560598	0.03507734	
1301.2	0.03545158	0.03504875	
1301.4	0.03504236	0.03502018	
1301.6	0.03489697	0.03499163	
1301.8	0.03482824	0.03496311	
1302	0.03439165	0.03493461	
1302.2	0.03457181	0.03490613	
1302.4	0.03470415	0.03487767	
1302.6	0.03449601	0.03484924	
1302.8	0.03469907	0.03482084	
1303	0.03434044	0.03479245	
1303.2	0.0342464	0.03476409	
1303.4	0.03449453	0.03473575	
1303.6	0.03394664	0.03470744	
1303.8	0.03396403	0.03467915	
1304	0.03403122	0.03465088	
1304.2	0.03416624	0.03462263	
1304.4	0.03462979	0.03459441	
1304.6	0.03482036	0.03456621	
1304.8	0.03433527	0.03453803	
1305	0.0342053	0.03450988	
1305.2	0.03428294	0.03448175	
1305.4	0.03400002	0.03445364	
1305.6	0.03390107	0.03442555	
1305.8	0.03391883	0.03439749	
1306	0.03373791	0.03436945	
1306.2	0.03368405	0.03434144	
1306.4	0.03387064	0.03431344	
1306.6	0.03392457	0.03428547	
1306.8	0.03385995	0.03425752	
1307	0.03396858	0.0342296	
1307.2	0.03387159	0.0342017	
1307.4	0.03382367	0.03417382	
1307.6	0.03342229	0.03414596	
1307.8	0.03356272	0.03411813	
1308	0.03346175	0.03409031	
1308.2	0.03385138	0.03406252	
1308.4	0.03442268	0.03403476	
1308.6	0.03458811	0.03400702	
1308.8	0.03442404	0.03397929	
1309	0.03460185	0.0339516	
1309.2	0.0346222	0.03392392	
1309.4	0.03410083	0.03389627	
1309.6	0.03379393	0.03386864	
1309.8	0.03376694	0.03384103	
1310	0.03325749	0.03381344	
1310.2	0.03318221	0.03378588	
1310.4	0.03305655	0.03375834	
1310.6	0.03270939	0.03373082	
1310.8	0.03240721	0.03370332	
1311	0.03261588	0.03367585	
1311.2	0.03234014	0.0336484	
1311.4	0.03209532	0.03362097	
1311.6	0.03210872	0.03359356	
1311.8	0.03252808	0.03356618	
1312	0.03249335	0.03353882	
1312.2	0.03306463	0.03351148	
1312.4	0.03311345	0.03348416	
1312.6	0.03296577	0.03345687	
1312.8	0.03272095	0.0334296	
1313	0.03260788	0.03340235	
1313.2	0.03238228	0.03337512	
1313.4	0.03193612	0.03334791	
1313.6	0.03208374	0.03332073	
1313.8	0.03210334	0.03329357	
1314	0.031661	0.03326643	
1314.2	0.03151427	0.03323931	
1314.4	0.03103776	0.03321221	
1314.6	0.03103839	0.03318514	
1314.8	0.03098463	0.03315809	
1315	0.03128284	0.03313106	
1315.2	0.03144059	0.03310405	
1315.4	0.03156138	0.03307707	
1315.6	0.03190168	0.03305011	
1315.8	0.03181071	0.03302317	
1316	0.03135423	0.03299625	
1316.2	0.03152199	0.03296935	
1316.4	0.03129233	0.03294247	
1316.6	0.03136436	0.03291562	
1316.8	0.0313214	0.03288879	
1317	0.03150043	0.03286198	
1317.2	0.03153606	0.03283519	
1317.4	0.0313272	0.03280843	
1317.6	0.03154726	0.03278168	
1317.8	0.03165802	0.03275496	
1318	0.03176772	0.03272826	
1318.2	0.03155836	0.03270158	
1318.4	0.03152674	0.03267492	
1318.6	0.03182965	0.03264829	
1318.8	0.03212558	0.03262168	
1319	0.03264529	0.03259508	
1319.2	0.0328804	0.03256851	
1319.4	0.03289487	0.03254197	
1319.6	0.03237083	0.03251544	
1319.8	0.0320204	0.03248893	
1320	0.03160734	0.03246245	
1320.2	0.0317415	0.03243599	
1320.4	0.0316994	0.03240955	
1320.6	0.03144139	0.03238313	
1320.8	0.03102269	0.03235673	
1321	0.0306277	0.03233036	
1321.2	0.03036652	0.032304	
1321.4	0.03023135	0.03227767	
1321.6	0.03049567	0.03225136	
1321.8	0.03040116	0.03222507	
1322	0.03044633	0.0321988	
1322.2	0.03010069	0.03217255	
1322.4	0.03037669	0.03214633	
1322.6	0.03079089	0.03212012	
1322.8	0.03077796	0.03209394	
1323	0.03078814	0.03206778	
1323.2	0.03047652	0.03204164	
1323.4	0.02985934	0.03201552	
1323.6	0.02970765	0.03198942	
1323.8	0.03011851	0.03196335	
1324	0.03008354	0.03193729	
1324.2	0.03021164	0.03191126	
1324.4	0.03039061	0.03188524	
1324.6	0.03011283	0.03185925	
1324.8	0.02997576	0.03183328	
1325	0.02998489	0.03180733	
1325.2	0.03057187	0.03178141	
1325.4	0.03084098	0.0317555	
1325.6	0.03085672	0.03172961	
1325.8	0.03083604	0.03170375	
1326	0.03122054	0.03167791	
1326.2	0.03116905	0.03165208	
1326.4	0.03139592	0.03162628	
1326.6	0.03119755	0.0316005	
1326.8	0.03062381	0.03157474	
1327	0.03025368	0.031549	
1327.2	0.03002406	0.03152329	
1327.4	0.03004406	0.03149759	
1327.6	0.03033077	0.03147191	
1327.8	0.03021787	0.03144626	
1328	0.03032852	0.03142063	
1328.2	0.0299851	0.03139501	
1328.4	0.02993052	0.03136942	
1328.6	0.02971512	0.03134385	
1328.8	0.029278	0.0313183	
1329	0.02947539	0.03129277	
1329.2	0.02953668	0.03126726	
1329.4	0.02943444	0.03124178	
1329.6	0.02939583	0.03121631	
1329.8	0.02935851	0.03119086	
1330	0.02949539	0.03116544	
1330.2	0.02933358	0.03114003	
1330.4	0.02923406	0.03111465	
1330.6	0.02880439	0.03108929	
1330.8	0.0288961	0.03106394	
1331	0.0288796	0.03103862	
1331.2	0.02931724	0.03101332	
1331.4	0.02936947	0.03098804	
1331.6	0.02917207	0.03096278	
1331.8	0.02921389	0.03093754	
1332	0.02934623	0.03091232	
1332.2	0.02871311	0.03088712	
1332.4	0.02862855	0.03086194	
1332.6	0.02838997	0.03083679	
1332.8	0.02826586	0.03081165	
1333	0.02870298	0.03078653	
1333.2	0.02849759	0.03076144	
1333.4	0.02836465	0.03073636	
1333.6	0.0284048	0.03071131	
1333.8	0.02817746	0.03068627	
1334	0.0281223	0.03066126	
1334.2	0.02803625	0.03063627	
1334.4	0.02782153	0.03061129	
1334.6	0.02794216	0.03058634	
1334.8	0.0277216	0.03056141	
1335	0.02783665	0.03053649	
1335.2	0.02803114	0.0305116	
1335.4	0.02799267	0.03048673	
1335.6	0.02818939	0.03046188	
1335.8	0.02819384	0.03043705	
1336	0.02833897	0.03041224	
1336.2	0.02803272	0.03038745	
1336.4	0.0280409	0.03036268	
1336.6	0.02786654	0.03033793	
1336.8	0.02807614	0.0303132	
1337	0.02815426	0.03028849	
1337.2	0.02809372	0.0302638	
1337.4	0.02829844	0.03023913	
1337.6	0.0285477	0.03021448	
1337.8	0.02851351	0.03018985	
1338	0.02826648	0.03016524	
1338.2	0.02825457	0.03014065	
1338.4	0.02803867	0.03011608	
1338.6	0.0278704	0.03009153	
1338.8	0.02727005	0.030067	
1339	0.02783931	0.03004249	
1339.2	0.0278634	0.030018	
1339.4	0.02825696	0.02999353	
1339.6	0.02847807	0.02996908	
1339.8	0.0281023	0.02994465	
1340	0.02774754	0.02992024	
1340.2	0.02727053	0.02989586	
1340.4	0.02683312	0.02987149	
1340.6	0.0265871	0.02984714	
1340.8	0.02646877	0.02982281	
1341	0.02638024	0.0297985	
1341.2	0.02632926	0.0297742	
1341.4	0.02631487	0.02974993	
1341.6	0.02652939	0.02972568	
1341.8	0.02607906	0.02970145	
1342	0.02589701	0.02967724	
1342.2	0.02580883	0.02965305	
1342.4	0.02581803	0.02962888	
1342.6	0.02553594	0.02960473	
1342.8	0.02572829	0.02958059	
1343	0.02643801	0.02955648	
1343.2	0.02658776	0.02953239	
1343.4	0.02694779	0.02950831	
1343.6	0.02714113	0.02948426	
1343.8	0.0271249	0.02946023	
1344	0.02685743	0.02943621	
1344.2	0.02685915	0.02941222	
1344.4	0.026686	0.02938824	
1344.6	0.02663887	0.02936428	
1344.8	0.02620889	0.02934035	
1345	0.02572441	0.02931643	
1345.2	0.02538263	0.02929253	
1345.4	0.02521877	0.02926866	
1345.6	0.02525785	0.0292448	
1345.8	0.02465679	0.02922096	
1346	0.02477861	0.02919714	
1346.2	0.02431177	0.02917334	
1346.4	0.02468228	0.02914956	
1346.6	0.02470003	0.0291258	
1346.8	0.02465663	0.02910205	
1347	0.02450035	0.02907833	
1347.2	0.02464876	0.02905463	
1347.4	0.0244687	0.02903094	
1347.6	0.02464521	0.02900728	
1347.8	0.02471863	0.02898363	
1348	0.02433453	0.02896001	
1348.2	0.02438061	0.0289364	
1348.4	0.02439329	0.02891281	
1348.6	0.0243673	0.02888925	
1348.8	0.02386177	0.0288657	
1349	0.02378463	0.02884217	
1349.2	0.02429687	0.02881865	
1349.4	0.02439608	0.02879516	
1349.6	0.0247288	0.02877169	
1349.8	0.02485192	0.02874824	
1350	0.02516783	0.0287248	
1350.2	0.02537862	0.02870139	
1350.4	0.02588305	0.02867799	
1350.6	0.02559647	0.02865461	
1350.8	0.0252431	0.02863126	
1351	0.02494878	0.02860792	
1351.2	0.02478752	0.0285846	
1351.4	0.02444792	0.0285613	
1351.6	0.02461088	0.02853802	
1351.8	0.02438595	0.02851475	
1352	0.0240406	0.02849151	
1352.2	0.02397724	0.02846828	
1352.4	0.02409422	0.02844508	
1352.6	0.02375043	0.02842189	
1352.8	0.0234171	0.02839872	
1353	0.02348876	0.02837557	
1353.2	0.02354861	0.02835244	
1353.4	0.02334202	0.02832933	
1353.6	0.02345758	0.02830624	
1353.8	0.02370481	0.02828316	
1354	0.02361186	0.02826011	
1354.2	0.02391961	0.02823707	
1354.4	0.02378636	0.02821405	
1354.6	0.02414968	0.02819106	
1354.8	0.02415999	0.02816808	
1355	0.02405519	0.02814511	
1355.2	0.02393591	0.02812217	
1355.4	0.02401527	0.02809925	
1355.6	0.02370899	0.02807634	
1355.8	0.02398227	0.02805346	
1356	0.0240911	0.02803059	
1356.2	0.02419124	0.02800774	
1356.4	0.02407865	0.02798491	
1356.6	0.02367793	0.0279621	
1356.8	0.02386196	0.0279393	
1357	0.02405584	0.02791653	
1357.2	0.02428141	0.02789377	
1357.4	0.0244454	0.02787103	
1357.6	0.02448154	0.02784831	
1357.8	0.02480504	0.02782561	
1358	0.02454135	0.02780293	
1358.2	0.0245009	0.02778027	
1358.4	0.02424531	0.02775762	
1358.6	0.02454671	0.027735	
1358.8	0.02387275	0.02771239	
1359	0.02342534	0.0276898	
1359.2	0.02297636	0.02766723	
1359.4	0.02280213	0.02764467	
1359.6	0.02216782	0.02762214	
1359.8	0.02247288	0.02759962	
1360	0.02208832	0.02757712	
1360.2	0.02197606	0.02755464	
1360.4	0.02163564	0.02753218	
1360.6	0.02178158	0.02750974	
1360.8	0.02224999	0.02748732	
1361	0.0226615	0.02746491	
1361.2	0.02284641	0.02744252	
1361.4	0.02292891	0.02742015	
1361.6	0.02291465	0.0273978	
1361.8	0.02292464	0.02737547	
1362	0.02258199	0.02735315	
1362.2	0.02220366	0.02733085	
1362.4	0.02243614	0.02730858	
1362.6	0.02239861	0.02728631	
1362.8	0.02207474	0.02726407	
1363	0.02214509	0.02724185	
1363.2	0.02210439	0.02721964	
1363.4	0.0219072	0.02719745	
1363.6	0.02152713	0.02717528	
1363.8	0.02173689	0.02715313	
1364	0.021611	0.027131	
1364.2	0.02138352	0.02710888	
1364.4	0.02143837	0.02708678	
1364.6	0.02172466	0.0270647	
1364.8	0.02183804	0.02704264	
1365	0.02195319	0.0270206	
1365.2	0.02159476	0.02699857	
1365.4	0.02122272	0.02697656	
1365.6	0.02119607	0.02695457	
1365.8	0.02108096	0.0269326	
1366	0.0209278	0.02691065	
1366.2	0.02090664	0.02688871	
1366.4	0.02141526	0.02686679	
1366.6	0.02137317	0.02684489	
1366.8	0.02138307	0.02682301	
1367	0.0214361	0.02680114	
1367.2	0.02132775	0.0267793	
1367.4	0.02126721	0.02675747	
1367.6	0.02113869	0.02673566	
1367.8	0.02131325	0.02671386	
1368	0.0211625	0.02669209	
1368.2	0.02077013	0.02667033	
1368.4	0.02035377	0.02664859	
1368.6	0.02002414	0.02662686	
1368.8	0.02003377	0.02660516	
1369	0.01979582	0.02658347	
1369.2	0.01978735	0.0265618	
1369.4	0.02002668	0.02654015	
1369.6	0.02061072	0.02651852	
1369.8	0.0208044	0.0264969	
1370	0.02074909	0.0264753	
1370.2	0.02075972	0.02645372	
1370.4	0.0209342	0.02643216	
1370.6	0.02119544	0.02641061	
1370.8	0.02116431	0.02638908	
1371	0.02105421	0.02636757	
1371.2	0.02115416	0.02634608	
1371.4	0.02092126	0.0263246	
1371.6	0.02078938	0.02630314	
1371.8	0.0209819	0.0262817	
1372	0.02061129	0.02626028	
1372.2	0.02001606	0.02623887	
1372.4	0.02007018	0.02621748	
1372.6	0.02020181	0.02619611	
1372.8	0.02026552	0.02617476	
1373	0.02003309	0.02615342	
1373.2	0.02032997	0.0261321	
1373.4	0.02045756	0.0261108	
1373.6	0.02065162	0.02608951	
1373.8	0.0209635	0.02606825	
1374	0.0209832	0.026047	
1374.2	0.02127529	0.02602577	
1374.4	0.02152601	0.02600455	
1374.6	0.02172907	0.02598335	
1374.8	0.0214858	0.02596217	
1375	0.02157469	0.02594101	
1375.2	0.0216679	0.02591986	
1375.4	0.02134377	0.02589873	
1375.6	0.02113907	0.02587762	
1375.8	0.02109838	0.02585653	
1376	0.02078108	0.02583545	
1376.2	0.02078909	0.02581439	
1376.4	0.02105814	0.02579335	
1376.6	0.02067505	0.02577232	
1376.8	0.02017474	0.02575131	
1377	0.01997794	0.02573032	
1377.2	0.02002884	0.02570935	
1377.4	0.02023352	0.02568839	
1377.6	0.02025838	0.02566745	
1377.8	0.02039947	0.02564653	
1378	0.0202651	0.02562562	
1378.2	0.01989744	0.02560473	
1378.4	0.01948413	0.02558386	
1378.6	0.01929893	0.02556301	
1378.8	0.01931812	0.02554217	
1379	0.0191411	0.02552135	
1379.2	0.01894447	0.02550055	
1379.4	0.01851042	0.02547976	
1379.6	0.01826477	0.02545899	
1379.8	0.01791681	0.02543824	
1380	0.01799795	0.0254175	
1380.2	0.01852972	0.02539678	
1380.4	0.0184578	0.02537608	
1380.6	0.01818207	0.02535539	
1380.8	0.01800234	0.02533472	
1381	0.01835464	0.02531407	
1381.2	0.01868069	0.02529344	
1381.4	0.01843362	0.02527282	
1381.6	0.01818287	0.02525222	
1381.8	0.01799433	0.02523163	
1382	0.01777259	0.02521107	
1382.2	0.017558	0.02519051	
1382.4	0.01766086	0.02516998	
1382.6	0.01793794	0.02514946	
1382.8	0.01792377	0.02512896	
1383	0.01799314	0.02510848	
1383.2	0.01794631	0.02508801	
1383.4	0.01779614	0.02506756	
1383.6	0.01766775	0.02504713	
1383.8	0.01737149	0.02502671	
1384	0.01789169	0.02500631	
1384.2	0.01835914	0.02498592	
1384.4	0.01807155	0.02496556	
1384.6	0.01803498	0.02494521	
1384.8	0.01814176	0.02492487	
1385	0.01841922	0.02490455	
1385.2	0.0183018	0.02488425	
1385.4	0.01799864	0.02486397	
1385.6	0.01827842	0.0248437	
1385.8	0.01832357	0.02482345	
1386	0.01855277	0.02480321	
1386.2	0.01890156	0.024783	
1386.4	0.01900441	0.02476279	
1386.6	0.01907037	0.02474261	
1386.8	0.01899969	0.02472244	
1387	0.0191571	0.02470229	
1387.2	0.01905221	0.02468215	
1387.4	0.01891244	0.02466203	
1387.6	0.01871517	0.02464193	
1387.8	0.01874091	0.02462184	
1388	0.01859899	0.02460177	
1388.2	0.01870057	0.02458172	
1388.4	0.01811166	0.02456168	
1388.6	0.01783322	0.02454166	
1388.8	0.01764738	0.02452165	
1389	0.0177816	0.02450166	
1389.2	0.01754906	0.02448169	
1389.4	0.01752481	0.02446173	
1389.6	0.01739254	0.02444179	
1389.8	0.01743649	0.02442187	
1390	0.01747689	0.02440196	
1390.2	0.01737279	0.02438207	
1390.4	0.01727364	0.0243622	
1390.6	0.01735258	0.02434234	
1390.8	0.01734038	0.02432249	
1391	0.01723622	0.02430267	
1391.2	0.01769895	0.02428286	
1391.4	0.01795678	0.02426306	
1391.6	0.01768901	0.02424328	
1391.8	0.01761357	0.02422352	
1392	0.01730788	0.02420378	
1392.2	0.01749361	0.02418405	
1392.4	0.0169722	0.02416433	
1392.6	0.01721526	0.02414463	
1392.8	0.01728373	0.02412495	
1393	0.0173176	0.02410529	
1393.2	0.01705206	0.02408564	
1393.4	0.01686265	0.024066	
1393.6	0.01671812	0.02404639	
1393.8	0.0169042	0.02402679	
1394	0.01675347	0.0240072	
1394.2	0.01640577	0.02398763	
1394.4	0.01626343	0.02396808	
1394.6	0.01592286	0.02394854	
1394.8	0.01568828	0.02392902	
1395	0.01598681	0.02390951	
1395.2	0.01642589	0.02389002	
1395.4	0.01608152	0.02387055	
1395.6	0.01578222	0.02385109	
1395.8	0.0160257	0.02383165	
1396	0.01588816	0.02381222	
1396.2	0.01606571	0.02379281	
1396.4	0.01621276	0.02377341	
1396.6	0.01655675	0.02375404	
1396.8	0.01659458	0.02373467	
1397	0.01667802	0.02371533	
1397.2	0.01669313	0.02369599	
1397.4	0.01656534	0.02367668	
1397.6	0.01682008	0.02365738	
1397.8	0.01671634	0.02363809	
1398	0.01636573	0.02361882	
1398.2	0.01599183	0.02359957	
1398.4	0.01588446	0.02358033	
1398.6	0.0154682	0.02356111	
1398.8	0.01507444	0.02354191	
1399	0.01477001	0.02352272	
1399.2	0.01448707	0.02350354	
1399.4	0.01415117	0.02348438	
1399.6	0.01427531	0.02346524	
1399.8	0.01428608	0.02344611	
1400	0.01405504	0.023427	
1400.2	0.01437386	0.0234079	
1400.4	0.01471772	0.02338882	
1400.6	0.01462354	0.02336976	
1400.8	0.01494868	0.02335071	
1401	0.01504966	0.02333167	
1401.2	0.01500202	0.02331265	
1401.4	0.01519121	0.02329365	
1401.6	0.01578539	0.02327466	
1401.8	0.01581909	0.02325569	
1402	0.01593745	0.02323673	
1402.2	0.01576118	0.02321779	
1402.4	0.01570349	0.02319886	
1402.6	0.01539715	0.02317995	
1402.8	0.01534276	0.02316106	
1403	0.01524987	0.02314218	
1403.2	0.01547984	0.02312331	
1403.4	0.0152832	0.02310446	
1403.6	0.01532081	0.02308563	
1403.8	0.01532484	0.02306681	
1404	0.01517154	0.02304801	
1404.2	0.01542891	0.02302922	
1404.4	0.0154042	0.02301045	
1404.6	0.01565344	0.02299169	
1404.8	0.01580456	0.02297295	
1405	0.01562462	0.02295422	
1405.2	0.01555919	0.02293551	
1405.4	0.01583108	0.02291682	
1405.6	0.0159452	0.02289814	
1405.8	0.01566415	0.02287947	
1406	0.0153645	0.02286082	
1406.2	0.01527097	0.02284219	
1406.4	0.01505576	0.02282357	
1406.6	0.01497298	0.02280496	
1406.8	0.01485805	0.02278637	
1407	0.01424078	0.0227678	
1407.2	0.01418497	0.02274924	
1407.4	0.01384477	0.02273069	
1407.6	0.01346643	0.02271216	
1407.8	0.01356354	0.02269365	
1408	0.01368092	0.02267515	
1408.2	0.01373839	0.02265667	
1408.4	0.01372317	0.0226382	
1408.6	0.01400497	0.02261975	
1408.8	0.01376704	0.02260131	
1409	0.01388226	0.02258288	
1409.2	0.01407165	0.02256447	
1409.4	0.01433226	0.02254608	
1409.6	0.01449326	0.0225277	
1409.8	0.01443411	0.02250934	
1410	0.01426541	0.02249099	
1410.2	0.01449619	0.02247266	
1410.4	0.01431359	0.02245434	
1410.6	0.01437748	0.02243603	
1410.8	0.01419042	0.02241775	
1411	0.01415529	0.02239947	
1411.2	0.01453595	0.02238121	
1411.4	0.01478635	0.02236297	
1411.6	0.01483903	0.02234474	
1411.8	0.0154554	0.02232652	
1412	0.01575151	0.02230832	
1412.2	0.01580487	0.02229014	
1412.4	0.01584854	0.02227197	
1412.6	0.01580778	0.02225382	
1412.8	0.01598106	0.02223567	
1413	0.01588718	0.02221755	
1413.2	0.01593758	0.02219944	
1413.4	0.01572558	0.02218134	
1413.6	0.01560632	0.02216326	
1413.8	0.01518223	0.02214519	
1414	0.01511931	0.02212714	
1414.2	0.014976	0.02210911	
1414.4	0.01472083	0.02209108	
1414.6	0.01422754	0.02207308	
1414.8	0.01374689	0.02205508	
1415	0.013586	0.0220371	
1415.2	0.0132399	0.02201914	
1415.4	0.01313169	0.02200119	
1415.6	0.01284999	0.02198326	
1415.8	0.01298196	0.02196534	
1416	0.01301738	0.02194743	
1416.2	0.01257879	0.02192954	
1416.4	0.01236654	0.02191167	
1416.6	0.01190433	0.0218938	
1416.8	0.0119764	0.02187596	
1417	0.01213018	0.02185813	
1417.2	0.01230387	0.02184031	
1417.4	0.01218848	0.0218225	
1417.6	0.01248765	0.02180472	
1417.8	0.01233998	0.02178694	
1418	0.012269	0.02176918	
1418.2	0.01213976	0.02175144	
1418.4	0.01195271	0.02173371	
1418.6	0.01200101	0.02171599	
1418.8	0.01200061	0.02169829	
1419	0.01227777	0.0216806	
1419.2	0.01241941	0.02166293	
1419.4	0.01271982	0.02164527	
1419.6	0.01292775	0.02162762	
1419.8	0.01320867	0.02160999	
1420	0.01329931	0.02159238	
1420.2	0.01345738	0.02157478	
1420.4	0.01328087	0.02155719	
1420.6	0.01327148	0.02153962	
1420.8	0.01367223	0.02152206	
1421	0.01376856	0.02150452	
1421.2	0.01338527	0.02148699	
1421.4	0.0133746	0.02146947	
1421.6	0.01317242	0.02145197	
1421.8	0.01278076	0.02143448	
1422	0.01251779	0.02141701	
1422.2	0.01255355	0.02139955	
1422.4	0.01227847	0.02138211	
1422.6	0.01233819	0.02136468	
1422.8	0.01220636	0.02134726	
1423	0.01228177	0.02132986	
1423.2	0.01192735	0.02131248	
1423.4	0.01171408	0.0212951	
1423.6	0.01173042	0.02127774	
1423.8	0.01146148	0.0212604	
1424	0.01124566	0.02124307	
1424.2	0.01111124	0.02122575	
1424.4	0.01079224	0.02120845	
1424.6	0.01087882	0.02119116	
1424.8	0.01080484	0.02117389	
1425	0.0105445	0.02115663	
1425.2	0.01036021	0.02113938	
1425.4	0.01052152	0.02112215	
1425.6	0.01040528	0.02110493	
1425.8	0.01076074	0.02108773	
1426	0.01073299	0.02107054	
1426.2	0.01075415	0.02105336	
1426.4	0.0109673	0.0210362	
1426.6	0.01134139	0.02101905	
1426.8	0.01158823	0.02100192	
1427	0.0115044	0.0209848	
1427.2	0.01126506	0.02096769	
1427.4	0.01115671	0.0209506	
1427.6	0.01106235	0.02093352	
1427.8	0.01140077	0.02091646	
1428	0.01146804	0.02089941	
1428.2	0.01145365	0.02088237	
1428.4	0.01160331	0.02086535	
1428.6	0.01127055	0.02084834	
1428.8	0.01125797	0.02083135	
1429	0.01126557	0.02081437	
1429.2	0.01122993	0.0207974	
1429.4	0.01120318	0.02078045	
1429.6	0.01130059	0.02076351	
1429.8	0.01139883	0.02074658	
1430	0.01105327	0.02072967	
1430.2	0.01108217	0.02071277	
1430.4	0.01142915	0.02069589	
1430.6	0.01132599	0.02067902	
1430.8	0.01108109	0.02066216	
1431	0.0109077	0.02064532	
1431.2	0.01044702	0.02062849	
1431.4	0.01009189	0.02061167	
1431.6	0.01038704	0.02059487	
1431.8	0.01079319	0.02057809	
1432	0.01008501	0.02056131	
1432.2	0.00999775	0.02054455	
1432.4	0.00987655	0.0205278	
1432.6	0.00988663	0.02051107	
1432.8	0.01035806	0.02049435	
1433	0.01042036	0.02047764	
1433.2	0.01010396	0.02046095	
1433.4	0.01025773	0.02044427	
1433.6	0.01022259	0.02042761	
1433.8	0.01007745	0.02041096	
1434	0.01005504	0.02039432	
1434.2	0.01008038	0.02037769	
1434.4	0.01012729	0.02036108	
1434.6	0.01010212	0.02034448	
1434.8	0.01011973	0.0203279	
1435	0.00993159	0.02031133	
1435.2	0.00931224	0.02029477	
1435.4	0.00925321	0.02027823	
1435.6	0.00917554	0.0202617	
1435.8	0.00881774	0.02024518	
1436	0.00870999	0.02022868	
1436.2	0.00873573	0.02021219	
1436.4	0.00842545	0.02019572	
1436.6	0.00854823	0.02017925	
1436.8	0.00886664	0.0201628	
1437	0.00858962	0.02014637	
1437.2	0.00855362	0.02012995	
1437.4	0.00853961	0.02011354	
1437.6	0.00857215	0.02009714	
1437.8	0.00872091	0.02008076	
1438	0.00894176	0.02006439	
1438.2	0.00909178	0.02004803	
1438.4	0.00942871	0.02003169	
1438.6	0.00977711	0.02001536	
1438.8	0.00996876	0.01999905	
1439	0.01020607	0.01998274	
1439.2	0.01032042	0.01996646	
1439.4	0.010667	0.01995018	
1439.6	0.01087595	0.01993392	
1439.8	0.01120767	0.01991767	
