Conc1	1.25E-08	
Start1	1020	
Stop1	1439.8	
Kobs	0.00227265916157765	
Error Kobs	4.20353758551911E-05	
Koff	0	
Error Koff	0	
Time1	Data1	Fit1	
1020	0.01029542	0	
1020.2	0.00801541	0.00024818	
1020.4	0.00560964	0.00049574	
1020.6	0.00309673	0.00074268	
1020.8	0.00052196	0.00098899	
1021	-0.0018686	0.00123468	
1021.2	-0.00389149	0.00147976	
1021.4	-0.00560014	0.00172421	
1021.6	-0.00686759	0.00196805	
1021.8	-0.00792513	0.00221128	
1022	-0.00792492	0.00245389	
1022.2	-0.00728836	0.0026959	
1022.4	-0.0077605	0.00293729	
1022.6	-0.0078178	0.00317807	
1022.8	-0.00735723	0.00341825	
1023	-0.00705327	0.00365783	
1023.2	-0.00679694	0.0038968	
1023.4	-0.0069409	0.00413516	
1023.6	-0.00662914	0.00437293	
1023.8	-0.00616542	0.0046101	
1024	-0.00640197	0.00484667	
1024.2	-0.00634623	0.00508264	
1024.4	-0.0065588	0.00531803	
1024.6	-0.00648411	0.00555281	
1024.8	-0.00617961	0.00578701	
1025	-0.00623218	0.00602061	
1025.2	-0.00569017	0.00625363	
1025.4	-0.00572701	0.00648606	
1025.6	-0.0056022	0.00671791	
1025.8	-0.00587294	0.00694917	
1026	-0.00525914	0.00717985	
1026.2	-0.00527227	0.00740995	
1026.4	-0.00494604	0.00763946	
1026.6	-0.0045206	0.0078684	
1026.8	-0.00415881	0.00809677	
1027	-0.00380955	0.00832455	
1027.2	-0.00358591	0.00855177	
1027.4	-0.00354501	0.00877841	
1027.6	-0.00284539	0.00900448	
1027.8	-0.0029869	0.00922998	
1028	-0.0030854	0.00945491	
1028.2	-0.00299542	0.00967928	
1028.4	-0.00231098	0.00990308	
1028.6	-0.00188017	0.01012632	
1028.8	-0.00184724	0.01034899	
1029	-0.00207355	0.01057111	
1029.2	-0.00176597	0.01079266	
1029.4	-0.00219905	0.01101366	
1029.6	-0.00175179	0.0112341	
1029.8	-0.00146374	0.01145398	
1030	-0.00051275	0.01167332	
1030.2	-0.00021037	0.01189209	
1030.4	0.0002238	0.01211032	
1030.6	0.00041791	0.012328	
1030.8	0.00087842	0.01254513	
1031	0.0016902	0.01276171	
1031.2	0.00207739	0.01297775	
1031.4	0.0024184	0.01319324	
1031.6	0.00338269	0.01340819	
1031.8	0.00324686	0.0136226	
1032	0.00350355	0.01383646	
1032.2	0.00387757	0.01404979	
1032.4	0.003909	0.01426258	
1032.6	0.00350495	0.01447484	
1032.8	0.0033767	0.01468656	
1033	0.00342402	0.01489775	
1033.2	0.00351679	0.0151084	
1033.4	0.00373556	0.01531853	
1033.6	0.00395124	0.01552812	
1033.8	0.00437716	0.01573719	
1034	0.00472991	0.01594573	
1034.2	0.00481823	0.01615375	
1034.4	0.00491546	0.01636124	
1034.6	0.00520392	0.01656821	
1034.8	0.00545832	0.01677466	
1035	0.00567923	0.01698058	
1035.2	0.00578866	0.01718599	
1035.4	0.00621953	0.01739088	
1035.6	0.00669394	0.01759526	
1035.8	0.00677332	0.01779912	
1036	0.00728571	0.01800247	
1036.2	0.00762237	0.0182053	
1036.4	0.00773513	0.01840763	
1036.6	0.00817349	0.01860944	
1036.8	0.00876098	0.01881075	
1037	0.00872808	0.01901154	
1037.2	0.00909628	0.01921184	
1037.4	0.00961002	0.01941162	
1037.6	0.0098032	0.01961091	
1037.8	0.01020026	0.01980969	
1038	0.01050983	0.02000797	
1038.2	0.01074268	0.02020576	
1038.4	0.01061562	0.02040304	
1038.6	0.0109604	0.02059983	
1038.8	0.01102016	0.02079612	
1039	0.01094722	0.02099192	
1039.2	0.01118725	0.02118722	
1039.4	0.01106329	0.02138203	
1039.6	0.0110643	0.02157636	
1039.8	0.01141723	0.02177019	
1040	0.01121798	0.02196353	
1040.2	0.01106563	0.02215639	
1040.4	0.01096843	0.02234876	
1040.6	0.01103624	0.02254064	
1040.8	0.01119839	0.02273205	
1041	0.01105287	0.02292297	
1041.2	0.01186618	0.02311341	
1041.4	0.01255432	0.02330337	
1041.6	0.01299725	0.02349285	
1041.8	0.01319458	0.02368185	
1042	0.01379699	0.02387038	
1042.2	0.01428906	0.02405843	
1042.4	0.01474487	0.02424601	
1042.6	0.01551172	0.02443312	
1042.8	0.01613363	0.02461976	
1043	0.01640049	0.02480592	
1043.2	0.01677368	0.02499162	
1043.4	0.01708476	0.02517685	
1043.6	0.01761663	0.02536161	
1043.8	0.01814886	0.0255459	
1044	0.01802812	0.02572974	
1044.2	0.01797206	0.02591311	
1044.4	0.01798893	0.02609601	
1044.6	0.01782404	0.02627846	
1044.8	0.01765568	0.02646045	
1045	0.01788456	0.02664197	
1045.2	0.0182576	0.02682305	
1045.4	0.01846813	0.02700366	
1045.6	0.01867165	0.02718382	
1045.8	0.01877937	0.02736353	
1046	0.01910943	0.02754278	
1046.2	0.01962089	0.02772158	
1046.4	0.01985723	0.02789993	
1046.6	0.02026693	0.02807784	
1046.8	0.02105504	0.02825529	
1047	0.0215844	0.0284323	
1047.2	0.0219551	0.02860886	
1047.4	0.02235503	0.02878498	
1047.6	0.02251382	0.02896065	
1047.8	0.02234803	0.02913588	
1048	0.02179615	0.02931067	
1048.2	0.02171144	0.02948502	
1048.4	0.02197516	0.02965893	
1048.6	0.02153164	0.0298324	
1048.8	0.02153852	0.03000543	
1049	0.02182829	0.03017803	
1049.2	0.02199037	0.03035019	
1049.4	0.02223412	0.03052192	
1049.6	0.02259865	0.03069322	
1049.8	0.02306863	0.03086409	
1050	0.02345966	0.03103452	
1050.2	0.02364137	0.03120453	
1050.4	0.02408263	0.03137411	
1050.6	0.02451679	0.03154326	
1050.8	0.02537169	0.03171198	
1051	0.0258432	0.03188028	
1051.2	0.0256614	0.03204816	
1051.4	0.02576045	0.03221561	
1051.6	0.02542687	0.03238264	
1051.8	0.02550428	0.03254925	
1052	0.02526626	0.03271544	
1052.2	0.02585913	0.03288121	
1052.4	0.02580614	0.03304657	
1052.6	0.02530913	0.0332115	
1052.8	0.0253116	0.03337603	
1053	0.02545932	0.03354013	
1053.2	0.02548822	0.03370383	
1053.4	0.02571575	0.03386711	
1053.6	0.02592896	0.03402998	
1053.8	0.02603351	0.03419244	
1054	0.02592243	0.03435449	
1054.2	0.02614177	0.03451614	
1054.4	0.02659139	0.03467737	
1054.6	0.0267204	0.0348382	
1054.8	0.02704924	0.03499863	
1055	0.0272564	0.03515865	
1055.2	0.0277531	0.03531826	
1055.4	0.02787215	0.03547748	
1055.6	0.02836078	0.03563629	
1055.8	0.02870672	0.03579471	
1056	0.02831255	0.03595272	
1056.2	0.02908089	0.03611034	
1056.4	0.02889188	0.03626756	
1056.6	0.02928791	0.03642438	
1056.8	0.02951845	0.03658081	
1057	0.02980837	0.03673684	
1057.2	0.02983775	0.03689249	
1057.4	0.02998958	0.03704774	
1057.6	0.02989849	0.03720259	
1057.8	0.02986853	0.03735706	
1058	0.03003735	0.03751114	
1058.2	0.03042828	0.03766483	
1058.4	0.03053265	0.03781814	
1058.6	0.03066638	0.03797105	
1058.8	0.03098636	0.03812359	
1059	0.0314061	0.03827574	
1059.2	0.03182414	0.0384275	
1059.4	0.03189954	0.03857888	
1059.6	0.03186873	0.03872988	
1059.8	0.03201739	0.03888051	
1060	0.03266091	0.03903075	
1060.2	0.03362808	0.03918061	
1060.4	0.03382535	0.0393301	
1060.6	0.03419633	0.0394792	
1060.8	0.03432696	0.03962794	
1061	0.03467852	0.0397763	
1061.2	0.03485421	0.03992428	
1061.4	0.0351101	0.04007189	
1061.6	0.0352299	0.04021913	
1061.8	0.03515166	0.040366	
1062	0.03509122	0.0405125	
1062.2	0.03516184	0.04065863	
1062.4	0.03508657	0.0408044	
1062.6	0.03519746	0.04094979	
1062.8	0.03516739	0.04109482	
1063	0.03456858	0.04123948	
1063.2	0.03462636	0.04138378	
1063.4	0.03441793	0.04152772	
1063.6	0.03448446	0.04167129	
1063.8	0.03493286	0.0418145	
1064	0.03505247	0.04195735	
1064.2	0.03497048	0.04209985	
1064.4	0.03510139	0.04224198	
1064.6	0.03491664	0.04238375	
1064.8	0.03537422	0.04252517	
1065	0.03614122	0.04266623	
1065.2	0.03616841	0.04280693	
1065.4	0.0362987	0.04294728	
1065.6	0.03630465	0.04308728	
1065.8	0.03641877	0.04322693	
1066	0.03663013	0.04336622	
1066.2	0.03702655	0.04350516	
1066.4	0.03760833	0.04364375	
1066.6	0.03794591	0.04378199	
1066.8	0.03767854	0.04391989	
1067	0.037603	0.04405744	
1067.2	0.03781697	0.04419464	
1067.4	0.03756177	0.04433149	
1067.6	0.03762476	0.044468	
1067.8	0.03748558	0.04460417	
1068	0.03730205	0.04473999	
1068.2	0.03728426	0.04487547	
1068.4	0.03736336	0.04501061	
1068.6	0.03721792	0.04514541	
1068.8	0.03718256	0.04527987	
1069	0.03698111	0.04541399	
1069.2	0.03643315	0.04554778	
1069.4	0.03658207	0.04568122	
1069.6	0.03714993	0.04581433	
1069.8	0.03718829	0.04594711	
1070	0.03751162	0.04607955	
1070.2	0.03776313	0.04621165	
1070.4	0.03818238	0.04634343	
1070.6	0.03835193	0.04647487	
1070.8	0.03880267	0.04660598	
1071	0.0393982	0.04673676	
1071.2	0.03971098	0.04686721	
1071.4	0.04022335	0.04699734	
1071.6	0.04077065	0.04712713	
1071.8	0.04132676	0.0472566	
1072	0.04162698	0.04738574	
1072.2	0.04202892	0.04751456	
1072.4	0.04200189	0.04764305	
1072.6	0.0419467	0.04777122	
1072.8	0.041479	0.04789906	
1073	0.04133162	0.04802659	
1073.2	0.04126713	0.04815379	
1073.4	0.0416922	0.04828067	
1073.6	0.04179254	0.04840723	
1073.8	0.04123622	0.04853347	
1074	0.04119568	0.0486594	
1074.2	0.04098115	0.04878501	
1074.4	0.04087879	0.0489103	
1074.6	0.04124028	0.04903528	
1074.8	0.04124437	0.04915994	
1075	0.04134666	0.04928428	
1075.2	0.04101405	0.04940832	
1075.4	0.04105597	0.04953204	
1075.6	0.04122214	0.04965545	
1075.8	0.04175141	0.04977855	
1076	0.04200567	0.04990134	
1076.2	0.04204211	0.05002382	
1076.4	0.04187064	0.05014599	
1076.6	0.04251571	0.05026785	
1076.8	0.04270457	0.05038941	
1077	0.04301348	0.05051066	
1077.2	0.0433058	0.0506316	
1077.4	0.04412589	0.05075224	
1077.6	0.04426508	0.05087258	
1077.8	0.04434062	0.05099261	
1078	0.04454342	0.05111234	
1078.2	0.04479542	0.05123177	
1078.4	0.04436864	0.0513509	
1078.6	0.04466697	0.05146972	
1078.8	0.04461644	0.05158825	
1079	0.04477151	0.05170648	
1079.2	0.0446228	0.05182441	
1079.4	0.04473129	0.05194205	
1079.6	0.04490884	0.05205939	
1079.8	0.04518288	0.05217643	
1080	0.04538819	0.05229318	
1080.2	0.04533269	0.05240963	
1080.4	0.04529299	0.0525258	
1080.6	0.04568185	0.05264166	
1080.8	0.04535251	0.05275724	
1081	0.04527491	0.05287253	
1081.2	0.04534652	0.05298752	
1081.4	0.04562216	0.05310223	
1081.6	0.04529849	0.05321664	
1081.8	0.04497171	0.05333077	
1082	0.04460845	0.05344461	
1082.2	0.04444214	0.05355816	
1082.4	0.04409675	0.05367143	
1082.6	0.04461613	0.05378441	
1082.8	0.04476549	0.05389711	
1083	0.04474976	0.05400953	
1083.2	0.04492535	0.05412166	
1083.4	0.04516647	0.0542335	
1083.6	0.045357	0.05434507	
1083.8	0.04548521	0.05445636	
1084	0.04578672	0.05456736	
1084.2	0.04554016	0.05467809	
1084.4	0.04544637	0.05478853	
1084.6	0.04612549	0.0548987	
1084.8	0.04612773	0.05500859	
1085	0.04660023	0.05511821	
1085.2	0.04712408	0.05522754	
1085.4	0.04746732	0.05533661	
1085.6	0.0473987	0.05544539	
1085.8	0.04751664	0.05555391	
1086	0.04784672	0.05566215	
1086.2	0.04806004	0.05577012	
1086.4	0.04810106	0.05587781	
1086.6	0.04829684	0.05598524	
1086.8	0.04785822	0.05609239	
1087	0.0475441	0.05619927	
1087.2	0.04746917	0.05630589	
1087.4	0.04727712	0.05641223	
1087.6	0.04638903	0.05651831	
1087.8	0.04599884	0.05662412	
1088	0.04579404	0.05672967	
1088.2	0.0459126	0.05683494	
1088.4	0.04575698	0.05693996	
1088.6	0.04623134	0.05704471	
1088.8	0.04642054	0.05714919	
1089	0.0470032	0.05725341	
1089.2	0.04726552	0.05735737	
1089.4	0.04784432	0.05746107	
1089.6	0.04833351	0.05756451	
1089.8	0.04929307	0.05766768	
1090	0.04976207	0.0577706	
1090.2	0.04974732	0.05787325	
1090.4	0.05030978	0.05797565	
1090.6	0.05028202	0.05807779	
1090.8	0.05004724	0.05817967	
1091	0.0501922	0.0582813	
1091.2	0.05026238	0.05838267	
1091.4	0.05003777	0.05848378	
1091.6	0.04932681	0.05858464	
1091.8	0.04927509	0.05868525	
1092	0.04901771	0.0587856	
1092.2	0.04907792	0.0588857	
1092.4	0.04885129	0.05898555	
1092.6	0.04909223	0.05908514	
1092.8	0.04931056	0.05918449	
1093	0.04889051	0.05928358	
1093.2	0.0489287	0.05938243	
1093.4	0.04937468	0.05948102	
1093.6	0.04988421	0.05957937	
1093.8	0.05030986	0.05967747	
1094	0.05019756	0.05977532	
1094.2	0.05051292	0.05987293	
1094.4	0.05080016	0.05997029	
1094.6	0.05055253	0.06006741	
1094.8	0.05037429	0.06016428	
1095	0.05013382	0.0602609	
1095.2	0.05001467	0.06035729	
1095.4	0.04990558	0.06045343	
1095.6	0.04996221	0.06054932	
1095.8	0.05018785	0.06064498	
1096	0.05063926	0.0607404	
1096.2	0.05083356	0.06083557	
1096.4	0.05091472	0.06093051	
1096.6	0.05077624	0.0610252	
1096.8	0.05044443	0.06111966	
1097	0.05041639	0.06121388	
1097.2	0.05022541	0.06130786	
1097.4	0.05007879	0.06140161	
1097.6	0.04988717	0.06149512	
1097.8	0.04979661	0.06158839	
1098	0.04974138	0.06168143	
1098.2	0.04972713	0.06177424	
1098.4	0.04956875	0.06186681	
1098.6	0.04940331	0.06195914	
1098.8	0.04921447	0.06205125	
1099	0.04947297	0.06214312	
1099.2	0.04979204	0.06223476	
1099.4	0.05015417	0.06232617	
1099.6	0.05021283	0.06241736	
1099.8	0.05025883	0.06250831	
1100	0.05068894	0.06259903	
1100.2	0.05056757	0.06268952	
1100.4	0.05075084	0.06277979	
1100.6	0.05107181	0.06286982	
1100.8	0.05114509	0.06295964	
1101	0.05161731	0.06304922	
1101.2	0.05107447	0.06313858	
1101.4	0.05122804	0.06322771	
1101.6	0.05140129	0.06331662	
1101.8	0.05176881	0.06340531	
1102	0.05188018	0.06349377	
1102.2	0.05190981	0.06358201	
1102.4	0.05201185	0.06367003	
1102.6	0.05192821	0.06375782	
1102.8	0.05209992	0.0638454	
1103	0.05210188	0.06393275	
1103.2	0.05211916	0.06401988	
1103.4	0.05201809	0.0641068	
1103.6	0.05162107	0.06419349	
1103.8	0.05192546	0.06427997	
1104	0.05199203	0.06436623	
1104.2	0.05250812	0.06445227	
1104.4	0.05271546	0.06453809	
1104.6	0.05296968	0.0646237	
1104.8	0.05310881	0.06470909	
1105	0.05339129	0.06479427	
1105.2	0.05338838	0.06487924	
1105.4	0.05389569	0.06496398	
1105.6	0.05393375	0.06504852	
1105.8	0.05375913	0.06513284	
1106	0.05309208	0.06521695	
1106.2	0.05296824	0.06530085	
1106.4	0.05310748	0.06538454	
1106.6	0.05304506	0.06546802	
1106.8	0.05315571	0.06555128	
1107	0.05269264	0.06563434	
1107.2	0.05283368	0.06571718	
1107.4	0.05245369	0.06579982	
1107.6	0.05238937	0.06588225	
1107.8	0.05261553	0.06596448	
1108	0.05254733	0.06604649	
1108.2	0.05269265	0.0661283	
1108.4	0.05283376	0.0662099	
1108.6	0.05320051	0.0662913	
1108.8	0.05348488	0.06637249	
1109	0.05386516	0.06645348	
1109.2	0.05405342	0.06653426	
1109.4	0.05420035	0.06661484	
1109.6	0.05389541	0.06669522	
1109.8	0.05363249	0.06677539	
1110	0.05326146	0.06685537	
1110.2	0.05363523	0.06693514	
1110.4	0.05378573	0.06701471	
1110.6	0.05333838	0.06709408	
1110.8	0.05328273	0.06717325	
1111	0.05286986	0.06725222	
1111.2	0.05310976	0.06733099	
1111.4	0.05334129	0.06740956	
1111.6	0.05340692	0.06748794	
1111.8	0.05354329	0.06756612	
1112	0.05329783	0.0676441	
1112.2	0.05341802	0.06772188	
1112.4	0.05360043	0.06779947	
1112.6	0.05325991	0.06787686	
1112.8	0.05312668	0.06795406	
1113	0.05304402	0.06803106	
1113.2	0.05310741	0.06810787	
1113.4	0.05327881	0.06818449	
1113.6	0.05321391	0.06826091	
1113.8	0.05317239	0.06833714	
1114	0.05312333	0.06841318	
1114.2	0.05327738	0.06848903	
1114.4	0.05313127	0.06856469	
1114.6	0.05318177	0.06864015	
1114.8	0.05336963	0.06871543	
1115	0.05341388	0.06879051	
1115.2	0.05345266	0.06886541	
1115.4	0.05376407	0.06894012	
1115.6	0.05352506	0.06901463	
1115.8	0.05370068	0.06908897	
1116	0.05381524	0.06916311	
1116.2	0.05396446	0.06923707	
1116.4	0.05352831	0.06931084	
1116.6	0.05386118	0.06938443	
1116.8	0.05423023	0.06945783	
1117	0.05411713	0.06953104	
1117.2	0.05474705	0.06960407	
1117.4	0.05508594	0.06967692	
1117.6	0.0551381	0.06974958	
1117.8	0.05519952	0.06982206	
1118	0.05529907	0.06989436	
1118.2	0.05540604	0.06996648	
1118.4	0.05533497	0.07003841	
1118.6	0.05548185	0.07011017	
1118.8	0.05530441	0.07018174	
1119	0.05521057	0.07025313	
1119.2	0.05467237	0.07032434	
1119.4	0.05485404	0.07039537	
1119.6	0.05492064	0.07046623	
1119.8	0.05501204	0.0705369	
1120	0.05513733	0.0706074	
1120.2	0.05471854	0.07067772	
1120.4	0.05452253	0.07074786	
1120.6	0.05477513	0.07081783	
1120.8	0.05431329	0.07088762	
1121	0.05420921	0.07095723	
1121.2	0.05412766	0.07102667	
1121.4	0.05402161	0.07109593	
1121.6	0.05384382	0.07116502	
1121.8	0.05432027	0.07123394	
1122	0.05444562	0.07130268	
1122.2	0.05463154	0.07137125	
1122.4	0.05487324	0.07143964	
1122.6	0.05493035	0.07150786	
1122.8	0.05519286	0.07157592	
1123	0.05538481	0.0716438	
1123.2	0.05560349	0.0717115	
1123.4	0.05614331	0.07177904	
1123.6	0.0560634	0.07184641	
1123.8	0.0557279	0.07191361	
1124	0.05571525	0.07198064	
1124.2	0.0557039	0.0720475	
1124.4	0.05567818	0.07211419	
1124.6	0.05566628	0.07218071	
1124.8	0.05539028	0.07224707	
1125	0.05540938	0.07231326	
1125.2	0.05479956	0.07237928	
1125.4	0.05456392	0.07244514	
1125.6	0.05449389	0.07251083	
1125.8	0.05482902	0.07257635	
1126	0.05449516	0.07264171	
1126.2	0.05474282	0.07270691	
1126.4	0.0549047	0.07277194	
1126.6	0.05487187	0.07283681	
1126.8	0.05466914	0.07290151	
1127	0.05491187	0.07296605	
1127.2	0.05517925	0.07303043	
1127.4	0.05524652	0.07309464	
1127.6	0.05491141	0.0731587	
1127.8	0.0550073	0.07322259	
1128	0.05551412	0.07328632	
1128.2	0.0553839	0.07334989	
1128.4	0.05495385	0.0734133	
1128.6	0.05496183	0.07347656	
1128.8	0.05467587	0.07353965	
1129	0.054232	0.07360258	
1129.2	0.05368992	0.07366536	
1129.4	0.05326742	0.07372797	
1129.6	0.05302701	0.07379043	
1129.8	0.0529602	0.07385273	
1130	0.05260593	0.07391488	
1130.2	0.05264908	0.07397686	
1130.4	0.05257752	0.0740387	
1130.6	0.05253567	0.07410037	
1130.8	0.05269372	0.07416189	
1131	0.05343862	0.07422326	
1131.2	0.05381546	0.07428447	
1131.4	0.05418805	0.07434553	
1131.6	0.05426745	0.07440643	
1131.8	0.0546841	0.07446718	
1132	0.05480046	0.07452778	
1132.2	0.0547249	0.07458822	
1132.4	0.05456099	0.07464851	
1132.6	0.05478918	0.07470865	
1132.8	0.05475567	0.07476864	
1133	0.05497442	0.07482848	
1133.2	0.05502256	0.07488816	
1133.4	0.05495334	0.0749477	
1133.6	0.05480676	0.07500708	
1133.8	0.05491734	0.07506632	
1134	0.05477504	0.07512541	
1134.2	0.05501546	0.07518435	
1134.4	0.05516196	0.07524314	
1134.6	0.05541221	0.07530178	
1134.8	0.05576197	0.07536027	
1135	0.05565859	0.07541862	
1135.2	0.05565215	0.07547682	
1135.4	0.05548257	0.07553487	
1135.6	0.0554134	0.07559278	
1135.8	0.05526161	0.07565054	
1136	0.0547905	0.07570816	
1136.2	0.05478927	0.07576563	
1136.4	0.05432211	0.07582295	
1136.6	0.05410224	0.07588013	
1136.8	0.05442494	0.07593717	
1137	0.05443375	0.07599407	
1137.2	0.05417317	0.07605082	
1137.4	0.05434477	0.07610742	
1137.6	0.05416981	0.07616389	
1137.8	0.05406351	0.07622021	
1138	0.05400472	0.07627639	
1138.2	0.05422588	0.07633243	
1138.4	0.05439783	0.07638833	
1138.6	0.05475286	0.07644408	
1138.8	0.05498836	0.0764997	
1139	0.0549996	0.07655518	
1139.2	0.05531361	0.07661051	
1139.4	0.05546631	0.07666571	
1139.6	0.05581668	0.07672077	
1139.8	0.05581344	0.07677569	
1140	0.0755653	0.07683074	
1140.2	0.07605517	0.07679582	
1140.4	0.07637296	0.07676093	
1140.6	0.07722952	0.07672604	
1140.8	0.07807906	0.07669118	
1141	0.07907896	0.07665633	
1141.2	0.07974099	0.07662149	
1141.4	0.08008908	0.07658667	
1141.6	0.0805121	0.07655187	
1141.8	0.08111007	0.07651708	
1142	0.08179973	0.07648231	
1142.2	0.08201879	0.07644755	
1142.4	0.08222989	0.07641281	
1142.6	0.08204385	0.07637809	
1142.8	0.0827034	0.07634338	
1143	0.08306408	0.07630869	
1143.2	0.08291559	0.07627401	
1143.4	0.08280011	0.07623935	
1143.6	0.08259001	0.07620471	
1143.8	0.08217119	0.07617008	
1144	0.08227267	0.07613546	
1144.2	0.08244644	0.07610086	
1144.4	0.08262215	0.07606628	
1144.6	0.08321807	0.07603172	
1144.8	0.08338332	0.07599716	
1145	0.08342987	0.07596263	
1145.2	0.08354064	0.07592811	
1145.4	0.08354686	0.07589361	
1145.6	0.08370768	0.07585912	
1145.8	0.0839527	0.07582464	
1146	0.0843382	0.07579019	
1146.2	0.08404607	0.07575575	
1146.4	0.0840227	0.07572132	
1146.6	0.08417779	0.07568691	
1146.8	0.08449705	0.07565252	
1147	0.08415177	0.07561814	
1147.2	0.08355153	0.07558378	
1147.4	0.08382267	0.07554943	
1147.6	0.08430116	0.0755151	
1147.8	0.0844626	0.07548078	
1148	0.08440918	0.07544648	
1148.2	0.08449042	0.07541219	
1148.4	0.08464982	0.07537792	
1148.6	0.08452623	0.07534367	
1148.8	0.08459388	0.07530943	
1149	0.0846165	0.07527521	
1149.2	0.08509038	0.075241	
1149.4	0.08469391	0.07520681	
1149.6	0.08450554	0.07517263	
1149.8	0.08432976	0.07513847	
1150	0.08460577	0.07510433	
1150.2	0.08442677	0.0750702	
1150.4	0.08430767	0.07503609	
1150.6	0.08436839	0.07500199	
1150.8	0.08434319	0.0749679	
1151	0.08428197	0.07493384	
1151.2	0.08417242	0.07489978	
1151.4	0.08467431	0.07486575	
1151.6	0.08472484	0.07483173	
1151.8	0.08417042	0.07479772	
1152	0.0836096	0.07476373	
1152.2	0.08374079	0.07472976	
1152.4	0.08385825	0.0746958	
1152.6	0.08355718	0.07466185	
1152.8	0.08366096	0.07462792	
1153	0.08345917	0.07459401	
1153.2	0.08343746	0.07456011	
1153.4	0.08334967	0.07452623	
1153.6	0.08323625	0.07449236	
1153.8	0.0832992	0.07445851	
1154	0.08380516	0.07442468	
1154.2	0.08364033	0.07439086	
1154.4	0.08360143	0.07435705	
1154.6	0.08386458	0.07432326	
1154.8	0.08410793	0.07428949	
1155	0.08426843	0.07425573	
1155.2	0.0840255	0.07422198	
1155.4	0.08416428	0.07418825	
1155.6	0.0841872	0.07415454	
1155.8	0.08408234	0.07412084	
1156	0.08423229	0.07408716	
1156.2	0.08455265	0.07405349	
1156.4	0.08424138	0.07401984	
1156.6	0.08378404	0.0739862	
1156.8	0.0833732	0.07395258	
1157	0.08332433	0.07391898	
1157.2	0.08329433	0.07388539	
1157.4	0.08302372	0.07385181	
1157.6	0.08276232	0.07381825	
1157.8	0.08246298	0.07378471	
1158	0.08224254	0.07375118	
1158.2	0.08199338	0.07371766	
1158.4	0.08209283	0.07368416	
1158.6	0.08196279	0.07365068	
1158.8	0.08263413	0.07361721	
1159	0.08264544	0.07358375	
1159.2	0.08285095	0.07355032	
1159.4	0.08332057	0.07351689	
1159.6	0.08342375	0.07348348	
1159.8	0.08380867	0.07345009	
1160	0.08365257	0.07341671	
1160.2	0.08353526	0.07338335	
1160.4	0.08332589	0.07335	
1160.6	0.08314362	0.07331667	
1160.8	0.08361851	0.07328335	
1161	0.08404011	0.07325005	
1161.2	0.08376034	0.07321676	
1161.4	0.08376264	0.07318349	
1161.6	0.08386179	0.07315024	
1161.8	0.08386073	0.07311699	
1162	0.08384559	0.07308377	
1162.2	0.08392215	0.07305056	
1162.4	0.08379042	0.07301736	
1162.6	0.08362569	0.07298418	
1162.8	0.08352557	0.07295101	
1163	0.08291516	0.07291786	
1163.2	0.08306337	0.07288473	
1163.4	0.08286119	0.07285161	
1163.6	0.08248583	0.0728185	
1163.8	0.08260093	0.07278541	
1164	0.0821855	0.07275233	
1164.2	0.08247053	0.07271927	
1164.4	0.08247836	0.07268623	
1164.6	0.08235164	0.0726532	
1164.8	0.08276291	0.07262018	
1165	0.08259157	0.07258718	
1165.2	0.08260138	0.07255419	
1165.4	0.08336181	0.07252122	
1165.6	0.08342753	0.07248827	
1165.8	0.08356338	0.07245533	
1166	0.08323555	0.0724224	
1166.2	0.08316637	0.07238949	
1166.4	0.08293273	0.07235659	
1166.6	0.08255316	0.07232371	
1166.8	0.08192623	0.07229085	
1167	0.0822956	0.072258	
1167.2	0.08259834	0.07222516	
1167.4	0.0824715	0.07219234	
1167.6	0.08258592	0.07215953	
1167.8	0.08255714	0.07212674	
1168	0.08228869	0.07209397	
1168.2	0.08202173	0.0720612	
1168.4	0.08189618	0.07202846	
1168.6	0.08162756	0.07199573	
1168.8	0.08141547	0.07196301	
1169	0.08136409	0.07193031	
1169.2	0.08132084	0.07189762	
1169.4	0.08146043	0.07186495	
1169.6	0.08105487	0.07183229	
1169.8	0.08071623	0.07179965	
1170	0.08049636	0.07176702	
1170.2	0.08042416	0.07173441	
1170.4	0.08037779	0.07170181	
1170.6	0.08025819	0.07166922	
1170.8	0.07988092	0.07163666	
1171	0.08035437	0.0716041	
1171.2	0.08056473	0.07157156	
1171.4	0.0801333	0.07153904	
1171.6	0.0805117	0.07150653	
1171.8	0.08028549	0.07147403	
1172	0.0804829	0.07144155	
1172.2	0.08083798	0.07140909	
1172.4	0.0813109	0.07137664	
1172.6	0.08121173	0.0713442	
1172.8	0.08134919	0.07131178	
1173	0.08150664	0.07127938	
1173.2	0.08156374	0.07124699	
1173.4	0.08148284	0.07121461	
1173.6	0.08132426	0.07118225	
1173.8	0.08122753	0.0711499	
1174	0.08112485	0.07111757	
1174.2	0.0809498	0.07108525	
1174.4	0.08046259	0.07105295	
1174.6	0.07992703	0.07102066	
1174.8	0.07918446	0.07098838	
1175	0.07937397	0.07095612	
1175.2	0.07937718	0.07092388	
1175.4	0.07908507	0.07089165	
1175.6	0.07996037	0.07085944	
1175.8	0.08007249	0.07082723	
1176	0.08033973	0.07079505	
1176.2	0.08051584	0.07076288	
1176.4	0.08080813	0.07073072	
1176.6	0.08088404	0.07069858	
1176.8	0.08067156	0.07066645	
1177	0.08057753	0.07063434	
1177.2	0.08054629	0.07060224	
1177.4	0.08037878	0.07057016	
1177.6	0.08012742	0.07053809	
1177.8	0.08008005	0.07050603	
1178	0.07962821	0.07047399	
1178.2	0.07925221	0.07044197	
1178.4	0.07918982	0.07040996	
1178.6	0.07873744	0.07037796	
1178.8	0.07854013	0.07034598	
1179	0.07873984	0.07031401	
1179.2	0.07888619	0.07028206	
1179.4	0.07881871	0.07025012	
1179.6	0.07910254	0.0702182	
1179.8	0.07911921	0.07018629	
1180	0.07940757	0.07015439	
1180.2	0.07979521	0.07012251	
1180.4	0.08020268	0.07009065	
1180.6	0.07998564	0.0700588	
1180.8	0.07998733	0.07002696	
1181	0.08030285	0.06999514	
1181.2	0.07988149	0.06996333	
1181.4	0.07956109	0.06993154	
1181.6	0.07922596	0.06989976	
1181.8	0.07932362	0.06986799	
1182	0.0790445	0.06983624	
1182.2	0.07892476	0.06980451	
1182.4	0.07867102	0.06977279	
1182.6	0.07808969	0.06974108	
1182.8	0.07784866	0.06970939	
1183	0.07737212	0.06967771	
1183.2	0.07734503	0.06964605	
1183.4	0.07696962	0.0696144	
1183.6	0.07711443	0.06958276	
1183.8	0.0772453	0.06955114	
1184	0.07746427	0.06951953	
1184.2	0.07756788	0.06948794	
1184.4	0.07780797	0.06945637	
1184.6	0.07775144	0.0694248	
1184.8	0.07803799	0.06939325	
1185	0.07823503	0.06936172	
1185.2	0.07825986	0.0693302	
1185.4	0.07858687	0.06929869	
1185.6	0.07866732	0.0692672	
1185.8	0.0788487	0.06923573	
1186	0.07852192	0.06920426	
1186.2	0.0785911	0.06917282	
1186.4	0.0780812	0.06914138	
1186.6	0.07796787	0.06910996	
1186.8	0.07752493	0.06907856	
1187	0.07699757	0.06904716	
1187.2	0.07708749	0.06901579	
1187.4	0.07666319	0.06898442	
1187.6	0.07668884	0.06895308	
1187.8	0.07641965	0.06892174	
1188	0.07639269	0.06889042	
1188.2	0.07630556	0.06885912	
1188.4	0.07639035	0.06882782	
1188.6	0.07615368	0.06879655	
1188.8	0.07635525	0.06876528	
1189	0.07619391	0.06873404	
1189.2	0.07603479	0.0687028	
1189.4	0.07584126	0.06867158	
1189.6	0.07531863	0.06864037	
1189.8	0.07540921	0.06860918	
1190	0.07555246	0.068578	
1190.2	0.07567965	0.06854684	
1190.4	0.07555221	0.06851569	
1190.6	0.07579056	0.06848455	
1190.8	0.07592122	0.06845343	
1191	0.07604869	0.06842233	
1191.2	0.07631809	0.06839123	
1191.4	0.07659763	0.06836015	
1191.6	0.07713808	0.06832909	
1191.8	0.07764347	0.06829804	
1192	0.07807896	0.068267	
1192.2	0.07850747	0.06823598	
1192.4	0.07865221	0.06820497	
1192.6	0.07869174	0.06817398	
1192.8	0.07862178	0.068143	
1193	0.07821061	0.06811203	
1193.2	0.07789518	0.06808108	
1193.4	0.07770842	0.06805014	
1193.6	0.07738799	0.06801922	
1193.8	0.07745997	0.06798831	
1194	0.07752613	0.06795741	
1194.2	0.07739922	0.06792653	
1194.4	0.07741996	0.06789566	
1194.6	0.0773629	0.06786481	
1194.8	0.07739063	0.06783397	
1195	0.07726681	0.06780314	
1195.2	0.07674174	0.06777233	
1195.4	0.07667995	0.06774153	
1195.6	0.0768632	0.06771075	
1195.8	0.07689024	0.06767998	
1196	0.07687172	0.06764922	
1196.2	0.07711227	0.06761848	
1196.4	0.07653618	0.06758775	
1196.6	0.07642861	0.06755704	
1196.8	0.07622856	0.06752634	
1197	0.07606679	0.06749565	
1197.2	0.07596794	0.06746498	
1197.4	0.07582261	0.06743432	
1197.6	0.07577741	0.06740368	
1197.8	0.07564823	0.06737305	
1198	0.07623214	0.06734243	
1198.2	0.07616241	0.06731183	
1198.4	0.0762385	0.06728124	
1198.6	0.07655656	0.06725067	
1198.8	0.07685057	0.06722011	
1199	0.07657552	0.06718956	
1199.2	0.07574651	0.06715903	
1199.4	0.07593079	0.06712851	
1199.6	0.07625942	0.067098	
1199.8	0.07608814	0.06706751	
1200	0.07604954	0.06703704	
1200.2	0.07600904	0.06700657	
1200.4	0.07561155	0.06697612	
1200.6	0.0755786	0.06694569	
1200.8	0.07495079	0.06691527	
1201	0.07501038	0.06688486	
1201.2	0.075213	0.06685446	
1201.4	0.07485274	0.06682408	
1201.6	0.07506164	0.06679372	
1201.8	0.07465362	0.06676336	
1202	0.07450851	0.06673302	
1202.2	0.07436018	0.0667027	
1202.4	0.07455016	0.06667239	
1202.6	0.07472831	0.06664209	
1202.8	0.07454262	0.0666118	
1203	0.07431408	0.06658153	
1203.2	0.07395943	0.06655128	
1203.4	0.07414188	0.06652103	
1203.6	0.07411018	0.06649081	
1203.8	0.07387353	0.06646059	
1204	0.07377954	0.06643039	
1204.2	0.07364833	0.0664002	
1204.4	0.07367172	0.06637003	
1204.6	0.07343026	0.06633987	
1204.8	0.07371643	0.06630972	
1205	0.07387652	0.06627959	
1205.2	0.07369749	0.06624947	
1205.4	0.07355154	0.06621936	
1205.6	0.0735524	0.06618927	
1205.8	0.0731046	0.06615919	
1206	0.07334248	0.06612913	
1206.2	0.07362634	0.06609908	
1206.4	0.07360215	0.06606904	
1206.6	0.07373982	0.06603901	
1206.8	0.07365979	0.066009	
1207	0.07380184	0.06597901	
1207.2	0.07363176	0.06594903	
1207.4	0.07397786	0.06591906	
1207.6	0.07422629	0.0658891	
1207.8	0.07413771	0.06585916	
1208	0.07396731	0.06582923	
1208.2	0.07356676	0.06579932	
1208.4	0.0736917	0.06576941	
1208.6	0.07330433	0.06573953	
1208.8	0.07316	0.06570965	
1209	0.07231458	0.06567979	
1209.2	0.07205079	0.06564995	
1209.4	0.07204312	0.06562011	
1209.6	0.0716249	0.06559029	
1209.8	0.07139899	0.06556049	
1210	0.07116211	0.06553069	
1210.2	0.07088309	0.06550092	
1210.4	0.07098229	0.06547115	
1210.6	0.0709936	0.0654414	
1210.8	0.07090885	0.06541166	
1211	0.07075701	0.06538193	
1211.2	0.07125718	0.06535222	
1211.4	0.07165335	0.06532253	
1211.6	0.07183438	0.06529284	
1211.8	0.07190303	0.06526317	
1212	0.07205292	0.06523351	
1212.2	0.0722945	0.06520387	
1212.4	0.07265758	0.06517424	
1212.6	0.07280226	0.06514462	
1212.8	0.07288493	0.06511502	
1213	0.07308934	0.06508543	
1213.2	0.07348269	0.06505585	
1213.4	0.07372765	0.06502629	
1213.6	0.07368233	0.06499674	
1213.8	0.07354296	0.0649672	
1214	0.07364619	0.06493768	
1214.2	0.07336389	0.06490817	
1214.4	0.07332588	0.06487867	
1214.6	0.07282747	0.06484919	
1214.8	0.07242449	0.06481972	
1215	0.07236025	0.06479026	
1215.2	0.07255386	0.06476082	
1215.4	0.0723882	0.06473139	
1215.6	0.07259578	0.06470198	
1215.8	0.07256822	0.06467257	
1216	0.07264302	0.06464319	
1216.2	0.07249594	0.06461381	
1216.4	0.07196952	0.06458445	
1216.6	0.07200484	0.0645551	
1216.8	0.07194302	0.06452576	
1217	0.07231966	0.06449644	
1217.2	0.07228055	0.06446713	
1217.4	0.07176011	0.06443784	
1217.6	0.07186537	0.06440855	
1217.8	0.07153785	0.06437928	
1218	0.07130342	0.06435003	
1218.2	0.07087287	0.06432079	
1218.4	0.07102793	0.06429156	
1218.6	0.07082406	0.06426234	
1218.8	0.07100473	0.06423314	
1219	0.07112976	0.06420395	
1219.2	0.07111481	0.06417477	
1219.4	0.0714166	0.06414561	
1219.6	0.0713445	0.06411646	
1219.8	0.07092389	0.06408732	
1220	0.07090957	0.0640582	
1220.2	0.07068799	0.06402909	
1220.4	0.0705869	0.06399999	
1220.6	0.07048831	0.06397091	
1220.8	0.07058312	0.06394184	
1221	0.07004183	0.06391278	
1221.2	0.06954126	0.06388374	
1221.4	0.06964907	0.06385471	
1221.6	0.0699619	0.06382569	
1221.8	0.06937261	0.06379669	
1222	0.06944307	0.0637677	
1222.2	0.0700164	0.06373872	
1222.4	0.07053327	0.06370975	
1222.6	0.07048134	0.0636808	
1222.8	0.07058001	0.06365186	
1223	0.07062679	0.06362294	
1223.2	0.07063146	0.06359403	
1223.4	0.07101086	0.06356513	
1223.6	0.07081277	0.06353624	
1223.8	0.07060319	0.06350737	
1224	0.07053347	0.06347851	
1224.2	0.07061614	0.06344966	
1224.4	0.0703117	0.06342083	
1224.6	0.06989107	0.06339201	
1224.8	0.06987206	0.0633632	
1225	0.06953353	0.06333441	
1225.2	0.0698788	0.06330563	
1225.4	0.07003273	0.06327686	
1225.6	0.0701722	0.06324811	
1225.8	0.07011534	0.06321936	
1226	0.07014793	0.06319063	
1226.2	0.07034548	0.06316192	
1226.4	0.07021712	0.06313322	
1226.6	0.06968274	0.06310453	
1226.8	0.06975224	0.06307585	
1227	0.06988802	0.06304719	
1227.2	0.06982704	0.06301854	
1227.4	0.06988512	0.0629899	
1227.6	0.06906394	0.06296127	
1227.8	0.06867455	0.06293266	
1228	0.06874631	0.06290407	
1228.2	0.06887126	0.06287548	
1228.4	0.06859864	0.06284691	
1228.6	0.06857702	0.06281835	
1228.8	0.06857628	0.0627898	
1229	0.06878586	0.06276127	
1229.2	0.06895577	0.06273275	
1229.4	0.06877688	0.06270424	
1229.6	0.06899062	0.06267575	
1229.8	0.06867838	0.06264726	
1230	0.06822119	0.06261879	
1230.2	0.0682702	0.06259034	
1230.4	0.06794975	0.0625619	
1230.6	0.06789624	0.06253347	
1230.8	0.06794727	0.06250505	
1231	0.06814349	0.06247665	
1231.2	0.0677821	0.06244825	
1231.4	0.06739669	0.06241988	
1231.6	0.06702367	0.06239151	
1231.8	0.06719235	0.06236316	
1232	0.06748091	0.06233482	
1232.2	0.06742355	0.06230649	
1232.4	0.06752891	0.06227818	
1232.6	0.0675273	0.06224988	
1232.8	0.06724869	0.06222159	
1233	0.06697426	0.06219331	
1233.2	0.06707176	0.06216505	
1233.4	0.06729288	0.0621368	
1233.6	0.06751601	0.06210856	
1233.8	0.06737743	0.06208034	
1234	0.06705333	0.06205213	
1234.2	0.06738218	0.06202393	
1234.4	0.06683128	0.06199575	
1234.6	0.06695414	0.06196757	
1234.8	0.06721102	0.06193941	
1235	0.06719368	0.06191127	
1235.2	0.06679091	0.06188313	
1235.4	0.06685211	0.06185501	
1235.6	0.0665584	0.0618269	
1235.8	0.06674238	0.06179881	
1236	0.06704351	0.06177072	
1236.2	0.06690101	0.06174265	
1236.4	0.0668379	0.0617146	
1236.6	0.06648617	0.06168655	
1236.8	0.06625525	0.06165852	
1237	0.06632181	0.0616305	
1237.2	0.06670482	0.06160249	
1237.4	0.066941	0.0615745	
1237.6	0.06720156	0.06154652	
1237.8	0.06726586	0.06151855	
1238	0.06698594	0.06149059	
1238.2	0.0671971	0.06146265	
1238.4	0.0666998	0.06143472	
1238.6	0.06703801	0.0614068	
1238.8	0.06674743	0.0613789	
1239	0.06654413	0.061351	
1239.2	0.066467	0.06132312	
1239.4	0.06678648	0.06129526	
1239.6	0.06651933	0.0612674	
1239.8	0.06668764	0.06123956	
1240	0.06664983	0.06121173	
1240.2	0.06630852	0.06118392	
1240.4	0.06654419	0.06115611	
1240.6	0.06599477	0.06112832	
1240.8	0.06605322	0.06110054	
1241	0.06583106	0.06107278	
1241.2	0.06565735	0.06104502	
1241.4	0.06573892	0.06101728	
1241.6	0.06625228	0.06098956	
1241.8	0.06617102	0.06096184	
1242	0.06571867	0.06093414	
1242.2	0.06574434	0.06090645	
1242.4	0.06578431	0.06087877	
1242.6	0.06569527	0.0608511	
1242.8	0.06570394	0.06082345	
1243	0.06598853	0.06079581	
1243.2	0.06589257	0.06076818	
1243.4	0.0662447	0.06074057	
1243.6	0.06599777	0.06071297	
1243.8	0.06585023	0.06068538	
1244	0.06613173	0.0606578	
1244.2	0.06605733	0.06063024	
1244.4	0.0662166	0.06060268	
1244.6	0.06608231	0.06057514	
1244.8	0.06626275	0.06054762	
1245	0.06622928	0.0605201	
1245.2	0.06613076	0.0604926	
1245.4	0.06623515	0.06046511	
1245.6	0.06633747	0.06043763	
1245.8	0.06610394	0.06041017	
1246	0.06571514	0.06038272	
1246.2	0.06541308	0.06035528	
1246.4	0.06538786	0.06032785	
1246.6	0.06530081	0.06030044	
1246.8	0.06529789	0.06027303	
1247	0.06505193	0.06024564	
1247.2	0.06501247	0.06021827	
1247.4	0.06524073	0.0601909	
1247.6	0.0650293	0.06016355	
1247.8	0.06532411	0.06013621	
1248	0.06569448	0.06010888	
1248.2	0.06535275	0.06008157	
1248.4	0.0654184	0.06005426	
1248.6	0.06532881	0.06002697	
1248.8	0.06548891	0.05999969	
1249	0.06607476	0.05997243	
1249.2	0.06588076	0.05994518	
1249.4	0.06625778	0.05991794	
1249.6	0.06604473	0.05989071	
1249.8	0.06616024	0.05986349	
1250	0.06609746	0.05983629	
1250.2	0.06578269	0.0598091	
1250.4	0.06578671	0.05978192	
1250.6	0.06542399	0.05975475	
1250.8	0.06512763	0.0597276	
1251	0.06496873	0.05970045	
1251.2	0.06492837	0.05967332	
1251.4	0.06500719	0.05964621	
1251.6	0.06477864	0.0596191	
1251.8	0.06460405	0.05959201	
1252	0.06414446	0.05956493	
1252.2	0.0636504	0.05953786	
1252.4	0.06304162	0.05951081	
1252.6	0.06326212	0.05948376	
1252.8	0.06386878	0.05945673	
1253	0.06381714	0.05942971	
1253.2	0.06373407	0.05940271	
1253.4	0.06390979	0.05937571	
1253.6	0.0639999	0.05934873	
1253.8	0.06452513	0.05932176	
1254	0.06461096	0.0592948	
1254.2	0.06438694	0.05926786	
1254.4	0.06449365	0.05924092	
1254.6	0.0640486	0.059214	
1254.8	0.06408252	0.05918709	
1255	0.06406421	0.0591602	
1255.2	0.06416495	0.05913331	
1255.4	0.06368971	0.05910644	
1255.6	0.06351563	0.05907958	
1255.8	0.06323212	0.05905274	
1256	0.06322229	0.0590259	
1256.2	0.06313593	0.05899908	
1256.4	0.06276368	0.05897227	
1256.6	0.06307736	0.05894547	
1256.8	0.06299272	0.05891868	
1257	0.06300288	0.05889191	
1257.2	0.06327545	0.05886514	
1257.4	0.06339377	0.05883839	
1257.6	0.0636529	0.05881166	
1257.8	0.06375507	0.05878493	
1258	0.06387981	0.05875822	
1258.2	0.06391789	0.05873152	
1258.4	0.06385051	0.05870483	
1258.6	0.0638625	0.05867815	
1258.8	0.06372425	0.05865148	
1259	0.06365382	0.05862483	
1259.2	0.06331169	0.05859819	
1259.4	0.06307933	0.05857156	
1259.6	0.06337609	0.05854495	
1259.8	0.06347253	0.05851834	
1260	0.06335162	0.05849175	
1260.2	0.06319782	0.05846517	
1260.4	0.06288083	0.0584386	
1260.6	0.06281564	0.05841204	
1260.8	0.06281513	0.0583855	
1261	0.06285291	0.05835897	
1261.2	0.06281825	0.05833245	
1261.4	0.06249092	0.05830594	
1261.6	0.06229914	0.05827944	
1261.8	0.06192329	0.05825296	
1262	0.06197986	0.05822649	
1262.2	0.06195773	0.05820003	
1262.4	0.06212068	0.05817358	
1262.6	0.06207793	0.05814715	
1262.8	0.06159669	0.05812072	
1263	0.06196612	0.05809431	
1263.2	0.06190848	0.05806791	
1263.4	0.06252314	0.05804152	
1263.6	0.06277071	0.05801515	
1263.8	0.062679	0.05798878	
1264	0.06244652	0.05796243	
1264.2	0.06260281	0.05793609	
1264.4	0.0626947	0.05790976	
1264.6	0.06232594	0.05788345	
1264.8	0.06233091	0.05785714	
1265	0.06243068	0.05783085	
1265.2	0.06179612	0.05780457	
1265.4	0.06122955	0.0577783	
1265.6	0.0610948	0.05775205	
1265.8	0.06077187	0.0577258	
1266	0.06133273	0.05769957	
1266.2	0.061488	0.05767335	
1266.4	0.06169848	0.05764714	
1266.6	0.06135379	0.05762095	
1266.8	0.06142097	0.05759476	
1267	0.06159942	0.05756859	
1267.2	0.06134327	0.05754243	
1267.4	0.06168768	0.05751628	
1267.6	0.0614442	0.05749014	
1267.8	0.06109397	0.05746402	
1268	0.06125185	0.0574379	
1268.2	0.06144614	0.0574118	
1268.4	0.0614496	0.05738571	
1268.6	0.06114967	0.05735963	
1268.8	0.06123826	0.05733357	
1269	0.06103707	0.05730751	
1269.2	0.06039259	0.05728147	
1269.4	0.06051651	0.05725544	
1269.6	0.0608206	0.05722942	
1269.8	0.06088472	0.05720342	
1270	0.06118991	0.05717742	
1270.2	0.06142223	0.05715144	
1270.4	0.06121065	0.05712547	
1270.6	0.0610486	0.05709951	
1270.8	0.06097575	0.05707356	
1271	0.06090243	0.05704762	
1271.2	0.06051971	0.0570217	
1271.4	0.06108026	0.05699579	
1271.6	0.06090906	0.05696989	
1271.8	0.06116502	0.056944	
1272	0.06173853	0.05691812	
1272.2	0.06200244	0.05689226	
1272.4	0.0618938	0.0568664	
1272.6	0.06189073	0.05684056	
1272.8	0.06141577	0.05681473	
1273	0.06122314	0.05678891	
1273.2	0.06090659	0.05676311	
1273.4	0.06064193	0.05673731	
1273.6	0.06054239	0.05671153	
1273.8	0.06015475	0.05668576	
1274	0.05985775	0.05666	
1274.2	0.05947666	0.05663425	
1274.4	0.05898105	0.05660851	
1274.6	0.05893625	0.05658279	
1274.8	0.05896903	0.05655708	
1275	0.05903115	0.05653138	
1275.2	0.05921547	0.05650569	
1275.4	0.05987869	0.05648001	
1275.6	0.06023938	0.05645434	
1275.8	0.06079041	0.05642869	
1276	0.06107669	0.05640305	
1276.2	0.06096004	0.05637741	
1276.4	0.06098276	0.05635179	
1276.6	0.06135389	0.05632619	
1276.8	0.0609706	0.05630059	
1277	0.06065126	0.05627501	
1277.2	0.06048321	0.05624943	
1277.4	0.06013073	0.05622387	
1277.6	0.06009094	0.05619832	
1277.8	0.05939984	0.05617278	
1278	0.0586945	0.05614726	
1278.2	0.05867349	0.05612174	
1278.4	0.05893579	0.05609624	
1278.6	0.05858726	0.05607075	
1278.8	0.0589793	0.05604527	
1279	0.05889187	0.0560198	
1279.2	0.05929554	0.05599434	
1279.4	0.05963175	0.0559689	
1279.6	0.05987694	0.05594346	
1279.8	0.05972404	0.05591804	
1280	0.05969602	0.05589263	
1280.2	0.05971509	0.05586723	
1280.4	0.05969967	0.05584184	
1280.6	0.05968234	0.05581647	
1280.8	0.05920481	0.0557911	
1281	0.05864826	0.05576575	
1281.2	0.05894536	0.05574041	
1281.4	0.05866342	0.05571508	
1281.6	0.05809448	0.05568976	
1281.8	0.05763381	0.05566445	
1282	0.05760102	0.05563916	
1282.2	0.05805777	0.05561387	
1282.4	0.05808464	0.0555886	
1282.6	0.05770061	0.05556334	
1282.8	0.05775538	0.05553809	
1283	0.05767619	0.05551285	
1283.2	0.05782845	0.05548762	
1283.4	0.05783653	0.05546241	
1283.6	0.05780615	0.05543721	
1283.8	0.05799488	0.05541201	
1284	0.05839422	0.05538683	
1284.2	0.05857393	0.05536166	
1284.4	0.05868185	0.0553365	
1284.6	0.05902933	0.05531136	
1284.8	0.05932302	0.05528622	
1285	0.0590808	0.0552611	
1285.2	0.05939087	0.05523599	
1285.4	0.05904416	0.05521089	
1285.6	0.05874502	0.0551858	
1285.8	0.05901709	0.05516072	
1286	0.05901466	0.05513565	
1286.2	0.05905943	0.0551106	
1286.4	0.05850858	0.05508555	
1286.6	0.05811806	0.05506052	
1286.8	0.05792289	0.0550355	
1287	0.05787188	0.05501049	
1287.2	0.05769401	0.05498549	
1287.4	0.05746121	0.0549605	
1287.6	0.05753169	0.05493553	
1287.8	0.05765269	0.05491056	
1288	0.05766738	0.05488561	
1288.2	0.05775788	0.05486067	
1288.4	0.05751939	0.05483574	
1288.6	0.05731863	0.05481082	
1288.8	0.05725627	0.05478591	
1289	0.05687191	0.05476102	
1289.2	0.05695035	0.05473613	
1289.4	0.05691605	0.05471126	
1289.6	0.05698411	0.0546864	
1289.8	0.0572368	0.05466155	
1290	0.05710202	0.05463671	
1290.2	0.05715834	0.05461188	
1290.4	0.05673922	0.05458706	
1290.6	0.0570945	0.05456225	
1290.8	0.05756596	0.05453746	
1291	0.05764818	0.05451268	
1291.2	0.05823116	0.0544879	
1291.4	0.05801251	0.05446314	
1291.6	0.05786346	0.05443839	
1291.8	0.05781827	0.05441366	
1292	0.05773014	0.05438893	
1292.2	0.05760569	0.05436421	
1292.4	0.05732291	0.05433951	
1292.6	0.05747002	0.05431481	
1292.8	0.05751574	0.05429013	
1293	0.05749832	0.05426546	
1293.2	0.05766683	0.0542408	
1293.4	0.05783212	0.05421615	
1293.6	0.0577881	0.05419152	
1293.8	0.05755917	0.05416689	
1294	0.05750559	0.05414227	
1294.2	0.05739802	0.05411767	
1294.4	0.0571988	0.05409308	
1294.6	0.05744982	0.0540685	
1294.8	0.05777244	0.05404393	
1295	0.05754325	0.05401937	
1295.2	0.05710292	0.05399482	
1295.4	0.0561998	0.05397028	
1295.6	0.05584268	0.05394576	
1295.8	0.05549857	0.05392124	
1296	0.05540968	0.05389674	
1296.2	0.05475502	0.05387225	
1296.4	0.05461268	0.05384777	
1296.6	0.05403154	0.0538233	
1296.8	0.05344218	0.05379884	
1297	0.0529745	0.05377439	
1297.2	0.05293041	0.05374995	
1297.4	0.05282408	0.05372553	
1297.6	0.0527162	0.05370111	
1297.8	0.05248133	0.05367671	
1298	0.05284772	0.05365232	
1298.2	0.05317985	0.05362794	
1298.4	0.05361856	0.05360357	
1298.6	0.05388746	0.05357921	
1298.8	0.05411089	0.05355486	
1299	0.05400869	0.05353052	
1299.2	0.05356192	0.0535062	
1299.4	0.05414628	0.05348188	
1299.6	0.05445697	0.05345758	
1299.8	0.05445881	0.05343328	
1300	0.0543548	0.053409	
1300.2	0.05416947	0.05338473	
1300.4	0.05429195	0.05336047	
1300.6	0.05419994	0.05333622	
1300.8	0.05436389	0.05331199	
1301	0.05467697	0.05328776	
1301.2	0.05498553	0.05326354	
1301.4	0.05516761	0.05323934	
1301.6	0.05531493	0.05321515	
1301.8	0.05530309	0.05319096	
1302	0.05582058	0.05316679	
1302.2	0.05618092	0.05314263	
1302.4	0.05635531	0.05311848	
1302.6	0.05642081	0.05309434	
1302.8	0.05641385	0.05307022	
1303	0.05653073	0.0530461	
1303.2	0.05646157	0.05302199	
1303.4	0.05652509	0.0529979	
1303.6	0.05628941	0.05297382	
1303.8	0.05604794	0.05294974	
1304	0.05565817	0.05292568	
1304.2	0.05603237	0.05290163	
1304.4	0.05557922	0.05287759	
1304.6	0.05546285	0.05285356	
1304.8	0.05512593	0.05282954	
1305	0.05469694	0.05280554	
1305.2	0.05392589	0.05278154	
1305.4	0.05421876	0.05275755	
1305.6	0.05361852	0.05273358	
1305.8	0.05324353	0.05270962	
1306	0.0532844	0.05268566	
1306.2	0.05328989	0.05266172	
1306.4	0.05299196	0.05263779	
1306.6	0.05296315	0.05261387	
1306.8	0.05308257	0.05258996	
1307	0.05337167	0.05256606	
1307.2	0.05303394	0.05254218	
1307.4	0.05326407	0.0525183	
1307.6	0.05394544	0.05249443	
1307.8	0.05427667	0.05247058	
1308	0.05430038	0.05244673	
1308.2	0.05468779	0.0524229	
1308.4	0.05477011	0.05239908	
1308.6	0.05503328	0.05237527	
1308.8	0.05521102	0.05235147	
1309	0.05521764	0.05232768	
1309.2	0.05521289	0.0523039	
1309.4	0.05562182	0.05228013	
1309.6	0.0548616	0.05225637	
1309.8	0.05475596	0.05223262	
1310	0.05459323	0.05220889	
1310.2	0.0545189	0.05218516	
1310.4	0.05376552	0.05216145	
1310.6	0.05396592	0.05213774	
1310.8	0.05375986	0.05211405	
1311	0.05361384	0.05209037	
1311.2	0.05320731	0.0520667	
1311.4	0.05333896	0.05204304	
1311.6	0.05330701	0.05201939	
1311.8	0.05319121	0.05199575	
1312	0.05301455	0.05197212	
1312.2	0.05307739	0.0519485	
1312.4	0.05351906	0.0519249	
1312.6	0.05369383	0.0519013	
1312.8	0.05419756	0.05187771	
1313	0.05423146	0.05185414	
1313.2	0.05418129	0.05183058	
1313.4	0.05417339	0.05180702	
1313.6	0.0539758	0.05178348	
1313.8	0.05389165	0.05175995	
1314	0.0536199	0.05173643	
1314.2	0.05341977	0.05171292	
1314.4	0.05299854	0.05168942	
1314.6	0.05298411	0.05166593	
1314.8	0.05253344	0.05164245	
1315	0.05262121	0.05161898	
1315.2	0.05257762	0.05159552	
1315.4	0.05267609	0.05157208	
1315.6	0.05307452	0.05154864	
1315.8	0.05317243	0.05152522	
1316	0.05333318	0.0515018	
1316.2	0.0539031	0.0514784	
1316.4	0.05453402	0.051455	
1316.6	0.0547073	0.05143162	
1316.8	0.05497793	0.05140825	
1317	0.05474804	0.05138489	
1317.2	0.05458028	0.05136154	
1317.4	0.05385672	0.0513382	
1317.6	0.05382633	0.05131487	
1317.8	0.05334217	0.05129155	
1318	0.05326255	0.05126824	
1318.2	0.05278797	0.05124494	
1318.4	0.05257947	0.05122166	
1318.6	0.05258782	0.05119838	
1318.8	0.05271764	0.05117511	
1319	0.05280673	0.05115186	
1319.2	0.0526931	0.05112861	
1319.4	0.05314152	0.05110538	
1319.6	0.05386527	0.05108215	
1319.8	0.05416361	0.05105894	
1320	0.0546109	0.05103574	
1320.2	0.0547183	0.05101255	
1320.4	0.05472438	0.05098937	
1320.6	0.05464662	0.05096619	
1320.8	0.05450676	0.05094303	
1321	0.05408939	0.05091988	
1321.2	0.05376155	0.05089674	
1321.4	0.05305382	0.05087362	
1321.6	0.0530468	0.0508505	
1321.8	0.05213429	0.05082739	
1322	0.05200529	0.05080429	
1322.2	0.05145545	0.0507812	
1322.4	0.05141545	0.05075813	
1322.6	0.05116438	0.05073506	
1322.8	0.05078122	0.05071201	
1323	0.05035775	0.05068896	
1323.2	0.05059633	0.05066593	
1323.4	0.05090626	0.0506429	
1323.6	0.05124426	0.05061989	
1323.8	0.05105216	0.05059689	
1324	0.05094421	0.05057389	
1324.2	0.05089098	0.05055091	
1324.4	0.05139843	0.05052794	
1324.6	0.05121762	0.05050498	
1324.8	0.05122894	0.05048203	
1325	0.05149433	0.05045909	
1325.2	0.0515098	0.05043616	
1325.4	0.05114155	0.05041324	
1325.6	0.05092883	0.05039033	
1325.8	0.05086882	0.05036743	
1326	0.05164152	0.05034454	
1326.2	0.05205944	0.05032166	
1326.4	0.05224191	0.0502988	
1326.6	0.05217514	0.05027594	
1326.8	0.0526084	0.05025309	
1327	0.05283634	0.05023025	
1327.2	0.05317438	0.05020743	
1327.4	0.05309884	0.05018461	
1327.6	0.05313797	0.05016181	
1327.8	0.05274813	0.05013901	
1328	0.05277601	0.05011623	
1328.2	0.05251909	0.05009345	
1328.4	0.05262063	0.05007069	
1328.6	0.05217587	0.05004794	
1328.8	0.05199855	0.05002519	
1329	0.05203213	0.05000246	
1329.2	0.05145121	0.04997974	
1329.4	0.05129971	0.04995703	
1329.6	0.05085564	0.04993432	
1329.8	0.0508249	0.04991163	
1330	0.05069119	0.04988895	
1330.2	0.050453	0.04986628	
1330.4	0.05024207	0.04984362	
1330.6	0.05027739	0.04982097	
1330.8	0.05076133	0.04979833	
1331	0.05093378	0.0497757	
1331.2	0.05098811	0.04975308	
1331.4	0.05085594	0.04973047	
1331.6	0.05065364	0.04970787	
1331.8	0.05033718	0.04968528	
1332	0.05050676	0.0496627	
1332.2	0.05070196	0.04964014	
1332.4	0.05073132	0.04961758	
1332.6	0.05039632	0.04959503	
1332.8	0.05011587	0.04957249	
1333	0.05006738	0.04954997	
1333.2	0.04951691	0.04952745	
1333.4	0.04966806	0.04950494	
1333.6	0.04941747	0.04948245	
1333.8	0.04994247	0.04945996	
1334	0.05001242	0.04943748	
1334.2	0.05046384	0.04941502	
1334.4	0.0505252	0.04939256	
1334.6	0.0511851	0.04937012	
1334.8	0.0513114	0.04934768	
1335	0.05110998	0.04932526	
1335.2	0.05095445	0.04930284	
1335.4	0.05088231	0.04928044	
1335.6	0.05032696	0.04925804	
1335.8	0.04980952	0.04923566	
1336	0.04966256	0.04921328	
1336.2	0.04947351	0.04919092	
1336.4	0.04850578	0.04916857	
1336.6	0.04842902	0.04914622	
1336.8	0.04812391	0.04912389	
1337	0.04824506	0.04910157	
1337.2	0.04831914	0.04907925	
1337.4	0.0490209	0.04905695	
1337.6	0.04964976	0.04903466	
1337.8	0.04992287	0.04901237	
1338	0.05011679	0.0489901	
1338.2	0.0502676	0.04896784	
1338.4	0.0503797	0.04894559	
1338.6	0.0510002	0.04892334	
1338.8	0.05087173	0.04890111	
1339	0.05075603	0.04887889	
1339.2	0.0506636	0.04885668	
1339.4	0.05050814	0.04883448	
1339.6	0.04994759	0.04881229	
1339.8	0.04969563	0.0487901	
1340	0.0490869	0.04876793	
1340.2	0.04842064	0.04874577	
1340.4	0.04829546	0.04872362	
1340.6	0.04832394	0.04870148	
1340.8	0.04822008	0.04867935	
1341	0.0481368	0.04865722	
1341.2	0.04812121	0.04863511	
1341.4	0.04812499	0.04861301	
1341.6	0.04792953	0.04859092	
1341.8	0.04783303	0.04856884	
1342	0.04796947	0.04854677	
1342.2	0.04808952	0.04852471	
1342.4	0.04820691	0.04850266	
1342.6	0.04863998	0.04848062	
1342.8	0.04896396	0.04845859	
1343	0.04890088	0.04843656	
1343.2	0.04894087	0.04841455	
1343.4	0.04924652	0.04839255	
1343.6	0.04909258	0.04837056	
1343.8	0.04873743	0.04834858	
1344	0.04859269	0.04832661	
1344.2	0.04854503	0.04830465	
1344.4	0.04909634	0.0482827	
1344.6	0.04884615	0.04826076	
1344.8	0.04895499	0.04823883	
1345	0.04915124	0.0482169	
1345.2	0.04939557	0.04819499	
1345.4	0.04917895	0.04817309	
1345.6	0.04909787	0.0481512	
1345.8	0.04932884	0.04812932	
1346	0.049293	0.04810745	
1346.2	0.04913278	0.04808559	
1346.4	0.04890011	0.04806374	
1346.6	0.04926403	0.04804189	
1346.8	0.0487428	0.04802006	
1347	0.04839662	0.04799824	
1347.2	0.04838197	0.04797643	
1347.4	0.04811211	0.04795463	
1347.6	0.04799621	0.04793283	
1347.8	0.04811637	0.04791105	
1348	0.04803689	0.04788928	
1348.2	0.04769068	0.04786752	
1348.4	0.0477131	0.04784577	
1348.6	0.04731612	0.04782402	
1348.8	0.04746525	0.04780229	
1349	0.04782985	0.04778057	
1349.2	0.04802376	0.04775886	
1349.4	0.04796078	0.04773715	
1349.6	0.04821748	0.04771546	
1349.8	0.04848766	0.04769378	
1350	0.04836245	0.0476721	
1350.2	0.0477016	0.04765044	
1350.4	0.04781954	0.04762879	
1350.6	0.04789635	0.04760714	
1350.8	0.04751485	0.04758551	
1351	0.04788109	0.04756388	
1351.2	0.04792992	0.04754227	
1351.4	0.04810348	0.04752066	
1351.6	0.04825487	0.04749907	
1351.8	0.04820286	0.04747748	
1352	0.04790158	0.04745591	
1352.2	0.04770609	0.04743434	
1352.4	0.04708189	0.04741279	
1352.6	0.04703888	0.04739124	
1352.8	0.04705557	0.04736971	
1353	0.04705914	0.04734818	
1353.2	0.04680319	0.04732666	
1353.4	0.04620165	0.04730516	
1353.6	0.04598161	0.04728366	
1353.8	0.04591474	0.04726217	
1354	0.04532232	0.0472407	
1354.2	0.04486666	0.04721923	
1354.4	0.04546268	0.04719777	
1354.6	0.04562776	0.04717632	
1354.8	0.04599662	0.04715488	
1355	0.04627276	0.04713346	
1355.2	0.04680078	0.04711204	
1355.4	0.04708039	0.04709063	
1355.6	0.04715066	0.04706923	
1355.8	0.04744521	0.04704784	
1356	0.04751012	0.04702646	
1356.2	0.04712782	0.04700509	
1356.4	0.04690426	0.04698373	
1356.6	0.04700169	0.04696238	
1356.8	0.04694156	0.04694104	
1357	0.04676781	0.04691971	
1357.2	0.04608277	0.04689838	
1357.4	0.04568236	0.04687707	
1357.6	0.04599619	0.04685577	
1357.8	0.04586477	0.04683448	
1358	0.04572622	0.04681319	
1358.2	0.04603375	0.04679192	
1358.4	0.04603567	0.04677066	
1358.6	0.04625716	0.0467494	
1358.8	0.04656364	0.04672816	
1359	0.04678744	0.04670692	
1359.2	0.04680031	0.0466857	
1359.4	0.04661376	0.04666448	
1359.6	0.04710422	0.04664328	
1359.8	0.04686613	0.04662208	
1360	0.0469326	0.0466009	
1360.2	0.04658325	0.04657972	
1360.4	0.04665385	0.04655855	
1360.6	0.04659719	0.0465374	
1360.8	0.04666208	0.04651625	
1361	0.04632085	0.04649511	
1361.2	0.04585482	0.04647398	
1361.4	0.04581235	0.04645286	
1361.6	0.04616998	0.04643175	
1361.8	0.045758	0.04641065	
1362	0.0460429	0.04638956	
1362.2	0.04596649	0.04636848	
1362.4	0.04578155	0.04634741	
1362.6	0.0461821	0.04632635	
1362.8	0.04612082	0.0463053	
1363	0.04653088	0.04628425	
1363.2	0.04622733	0.04626322	
1363.4	0.04634509	0.0462422	
1363.6	0.04619051	0.04622118	
1363.8	0.04547684	0.04620018	
1364	0.04565749	0.04617918	
1364.2	0.04523299	0.0461582	
1364.4	0.04509459	0.04613722	
1364.6	0.04475758	0.04611626	
1364.8	0.0442013	0.0460953	
1365	0.04419706	0.04607435	
1365.2	0.04439834	0.04605342	
1365.4	0.04442124	0.04603249	
1365.6	0.04479139	0.04601157	
1365.8	0.0450532	0.04599066	
1366	0.04540904	0.04596976	
1366.2	0.04593281	0.04594887	
1366.4	0.04629094	0.04592799	
1366.6	0.04688124	0.04590712	
1366.8	0.04690124	0.04588626	
1367	0.04719206	0.04586541	
1367.2	0.04658477	0.04584456	
1367.4	0.04654414	0.04582373	
1367.6	0.0459239	0.04580291	
1367.8	0.04564908	0.04578209	
1368	0.04573157	0.04576129	
1368.2	0.04552851	0.04574049	
1368.4	0.04548972	0.04571971	
1368.6	0.04488408	0.04569893	
1368.8	0.04506066	0.04567816	
1369	0.04518752	0.04565741	
1369.2	0.04499313	0.04563666	
1369.4	0.04483225	0.04561592	
1369.6	0.04498775	0.04559519	
1369.8	0.04497256	0.04557447	
1370	0.04511773	0.04555376	
1370.2	0.0454681	0.04553306	
1370.4	0.04518683	0.04551237	
1370.6	0.04554959	0.04549169	
1370.8	0.04507501	0.04547101	
1371	0.04503286	0.04545035	
1371.2	0.04481489	0.0454297	
1371.4	0.0451265	0.04540905	
1371.6	0.04493334	0.04538842	
1371.8	0.04504236	0.04536779	
1372	0.0452827	0.04534717	
1372.2	0.04526454	0.04532657	
1372.4	0.04506431	0.04530597	
1372.6	0.04466022	0.04528538	
1372.8	0.04447686	0.0452648	
1373	0.04410373	0.04524423	
1373.2	0.04361935	0.04522367	
1373.4	0.04336763	0.04520312	
1373.6	0.04276715	0.04518258	
1373.8	0.04253031	0.04516205	
1374	0.04238166	0.04514152	
1374.2	0.04219257	0.04512101	
1374.4	0.04195727	0.04510051	
1374.6	0.04225343	0.04508001	
1374.8	0.04238571	0.04505953	
1375	0.04249849	0.04503905	
1375.2	0.04310735	0.04501858	
1375.4	0.04350012	0.04499813	
1375.6	0.04360997	0.04497768	
1375.8	0.04375732	0.04495724	
1376	0.04373927	0.04493681	
1376.2	0.04390693	0.04491639	
1376.4	0.04423484	0.04489598	
1376.6	0.04437668	0.04487557	
1376.8	0.0442027	0.04485518	
1377	0.04449659	0.0448348	
1377.2	0.04458554	0.04481442	
1377.4	0.04420701	0.04479406	
1377.6	0.04395197	0.0447737	
1377.8	0.04395946	0.04475336	
1378	0.04388586	0.04473302	
1378.2	0.04391669	0.04471269	
1378.4	0.04406833	0.04469237	
1378.6	0.04443587	0.04467206	
1378.8	0.04491373	0.04465176	
1379	0.04528507	0.04463147	
1379.2	0.04554669	0.04461119	
1379.4	0.04534333	0.04459092	
1379.6	0.04495643	0.04457065	
1379.8	0.04504153	0.0445504	
1380	0.04476218	0.04453015	
1380.2	0.04512792	0.04450992	
1380.4	0.04508523	0.04448969	
1380.6	0.04498496	0.04446948	
1380.8	0.04453902	0.04444927	
1381	0.04449387	0.04442907	
1381.2	0.04468614	0.04440888	
1381.4	0.04388773	0.0443887	
1381.6	0.04398558	0.04436853	
1381.8	0.04396819	0.04434836	
1382	0.04402042	0.04432821	
1382.2	0.04394362	0.04430807	
1382.4	0.04396956	0.04428793	
1382.6	0.04360679	0.04426781	
1382.8	0.04397479	0.04424769	
1383	0.04412318	0.04422758	
1383.2	0.04374292	0.04420748	
1383.4	0.04389065	0.04418739	
1383.6	0.04380347	0.04416731	
1383.8	0.04405756	0.04414724	
1384	0.04400632	0.04412718	
1384.2	0.04413372	0.04410713	
1384.4	0.04434127	0.04408709	
1384.6	0.04417118	0.04406705	
1384.8	0.04395425	0.04404703	
1385	0.04407586	0.04402701	
1385.2	0.04422943	0.044007	
1385.4	0.04409509	0.043987	
1385.6	0.04440888	0.04396702	
1385.8	0.04433957	0.04394704	
1386	0.0440334	0.04392706	
1386.2	0.04386383	0.0439071	
1386.4	0.04365538	0.04388715	
1386.6	0.04352409	0.04386721	
1386.8	0.04413045	0.04384727	
1387	0.0441343	0.04382735	
1387.2	0.04413802	0.04380743	
1387.4	0.04426237	0.04378752	
1387.6	0.04430639	0.04376762	
1387.8	0.04417553	0.04374774	
1388	0.04414946	0.04372786	
1388.2	0.04428066	0.04370798	
1388.4	0.04484331	0.04368812	
1388.6	0.04454651	0.04366827	
1388.8	0.04431475	0.04364842	
1389	0.04446736	0.04362859	
1389.2	0.04449862	0.04360876	
1389.4	0.04444135	0.04358895	
1389.6	0.04413176	0.04356914	
1389.8	0.04369142	0.04354934	
1390	0.0436481	0.04352955	
1390.2	0.04368677	0.04350977	
1390.4	0.04337321	0.04349	
1390.6	0.04350287	0.04347023	
1390.8	0.04366765	0.04345048	
1391	0.04333179	0.04343073	
1391.2	0.04333281	0.043411	
1391.4	0.04328395	0.04339127	
1391.6	0.04336617	0.04337155	
1391.8	0.04313021	0.04335184	
1392	0.04356439	0.04333214	
1392.2	0.04400269	0.04331245	
1392.4	0.04414277	0.04329277	
1392.6	0.04381592	0.0432731	
1392.8	0.04364364	0.04325343	
1393	0.04386046	0.04323378	
1393.2	0.04388089	0.04321413	
1393.4	0.04379357	0.04319449	
1393.6	0.04381585	0.04317486	
1393.8	0.04390652	0.04315524	
1394	0.04435378	0.04313563	
1394.2	0.04425067	0.04311603	
1394.4	0.04402034	0.04309644	
1394.6	0.04417486	0.04307685	
1394.8	0.04387704	0.04305728	
1395	0.04364859	0.04303771	
1395.2	0.04390495	0.04301815	
1395.4	0.0437309	0.0429986	
1395.6	0.0439728	0.04297906	
1395.8	0.04371847	0.04295953	
1396	0.04351429	0.04294001	
1396.2	0.04319057	0.0429205	
1396.4	0.04271359	0.04290099	
1396.6	0.0426597	0.0428815	
1396.8	0.04244394	0.04286201	
1397	0.04268263	0.04284253	
1397.2	0.04284368	0.04282306	
1397.4	0.04286378	0.0428036	
1397.6	0.04296504	0.04278415	
1397.8	0.04352631	0.04276471	
1398	0.04347716	0.04274528	
1398.2	0.04353957	0.04272585	
1398.4	0.04362787	0.04270644	
1398.6	0.04408576	0.04268703	
1398.8	0.04453172	0.04266763	
1399	0.04483155	0.04264824	
1399.2	0.04507116	0.04262886	
1399.4	0.04515522	0.04260949	
1399.6	0.04533251	0.04259013	
1399.8	0.04491078	0.04257077	
1400	0.04412161	0.04255143	
1400.2	0.04404117	0.04253209	
1400.4	0.04380876	0.04251276	
1400.6	0.04411953	0.04249344	
1400.8	0.04339566	0.04247413	
1401	0.04319162	0.04245483	
1401.2	0.0426861	0.04243554	
1401.4	0.04242342	0.04241626	
1401.6	0.04236932	0.04239698	
1401.8	0.04253561	0.04237771	
1402	0.04157775	0.04235846	
1402.2	0.04177681	0.04233921	
1402.4	0.04149012	0.04231997	
1402.6	0.04184645	0.04230074	
1402.8	0.04168899	0.04228151	
1403	0.04145283	0.0422623	
1403.2	0.04150258	0.04224309	
1403.4	0.04164395	0.0422239	
1403.6	0.04144084	0.04220471	
1403.8	0.04152967	0.04218553	
1404	0.04111246	0.04216636	
1404.2	0.04112625	0.0421472	
1404.4	0.04142871	0.04212805	
1404.6	0.04175599	0.0421089	
1404.8	0.04129786	0.04208977	
1405	0.04152846	0.04207064	
1405.2	0.0416838	0.04205152	
1405.4	0.04198466	0.04203241	
1405.6	0.04206795	0.04201331	
1405.8	0.04218294	0.04199422	
1406	0.04204815	0.04197514	
1406.2	0.04218214	0.04195606	
1406.4	0.04227106	0.041937	
1406.6	0.042372	0.04191794	
1406.8	0.04193039	0.04189889	
1407	0.04161638	0.04187985	
1407.2	0.04158267	0.04186082	
1407.4	0.041154	0.0418418	
1407.6	0.04108697	0.04182278	
1407.8	0.04098454	0.04180378	
1408	0.04065488	0.04178478	
1408.2	0.0406357	0.04176579	
1408.4	0.04125727	0.04174681	
1408.6	0.04122317	0.04172784	
1408.8	0.04105847	0.04170888	
1409	0.04125466	0.04168992	
1409.2	0.04093396	0.04167098	
1409.4	0.04109363	0.04165204	
1409.6	0.0410916	0.04163312	
1409.8	0.04149436	0.0416142	
1410	0.04149854	0.04159529	
1410.2	0.04137382	0.04157638	
1410.4	0.04122176	0.04155749	
1410.6	0.04100558	0.0415386	
1410.8	0.04053054	0.04151973	
1411	0.04040861	0.04150086	
1411.2	0.0403078	0.041482	
1411.4	0.03983928	0.04146315	
1411.6	0.04030794	0.04144431	
1411.8	0.04043902	0.04142548	
1412	0.04062173	0.04140665	
1412.2	0.04072708	0.04138783	
1412.4	0.04146834	0.04136903	
1412.6	0.04112063	0.04135023	
1412.8	0.04125817	0.04133144	
1413	0.04127347	0.04131265	
1413.2	0.04049922	0.04129388	
1413.4	0.04099235	0.04127512	
1413.6	0.0411277	0.04125636	
1413.8	0.04117723	0.04123761	
1414	0.04130539	0.04121887	
1414.2	0.04119738	0.04120014	
1414.4	0.04142458	0.04118142	
1414.6	0.04158879	0.0411627	
1414.8	0.04114644	0.041144	
1415	0.04148613	0.0411253	
1415.2	0.0412987	0.04110661	
1415.4	0.04109701	0.04108793	
1415.6	0.04137512	0.04106926	
1415.8	0.04155011	0.0410506	
1416	0.04130537	0.04103194	
1416.2	0.04153166	0.0410133	
1416.4	0.04193969	0.04099466	
1416.6	0.04140955	0.04097603	
1416.8	0.04143414	0.04095741	
1417	0.04141733	0.0409388	
1417.2	0.04138442	0.04092019	
1417.4	0.04210166	0.0409016	
1417.6	0.04184835	0.04088301	
1417.8	0.04160967	0.04086443	
1418	0.04179156	0.04084586	
1418.2	0.04184117	0.0408273	
1418.4	0.0421392	0.04080875	
1418.6	0.04166189	0.0407902	
1418.8	0.04155078	0.04077167	
1419	0.04183395	0.04075314	
1419.2	0.041366	0.04073462	
1419.4	0.040967	0.04071611	
1419.6	0.04082346	0.04069761	
1419.8	0.04084326	0.04067911	
1420	0.04046097	0.04066063	
1420.2	0.04009925	0.04064215	
1420.4	0.03976893	0.04062368	
1420.6	0.03967203	0.04060522	
1420.8	0.03956014	0.04058677	
1421	0.03998012	0.04056832	
1421.2	0.0398284	0.04054989	
1421.4	0.04007416	0.04053146	
1421.6	0.03987728	0.04051304	
1421.8	0.04041199	0.04049463	
1422	0.04089709	0.04047623	
1422.2	0.04129902	0.04045784	
1422.4	0.04121734	0.04043945	
1422.6	0.04167089	0.04042108	
1422.8	0.04203123	0.04040271	
1423	0.04237945	0.04038435	
1423.2	0.04236158	0.04036599	
1423.4	0.04245012	0.04034765	
1423.6	0.04246735	0.04032932	
1423.8	0.04203133	0.04031099	
1424	0.04155007	0.04029267	
1424.2	0.04077102	0.04027436	
1424.4	0.04033426	0.04025606	
1424.6	0.03971599	0.04023777	
1424.8	0.03896109	0.04021948	
1425	0.03879198	0.0402012	
1425.2	0.03862278	0.04018293	
1425.4	0.03892494	0.04016467	
1425.6	0.03901736	0.04014642	
1425.8	0.03901032	0.04012818	
1426	0.03918934	0.04010994	
1426.2	0.03921887	0.04009172	
1426.4	0.039324	0.0400735	
1426.6	0.04025501	0.04005529	
1426.8	0.04033617	0.04003708	
1427	0.04042369	0.04001889	
1427.2	0.04045395	0.04000071	
1427.4	0.04040247	0.03998253	
1427.6	0.04015472	0.03996436	
1427.8	0.03993469	0.0399462	
1428	0.03991927	0.03992804	
1428.2	0.03969955	0.0399099	
1428.4	0.03959889	0.03989176	
1428.6	0.03934827	0.03987364	
1428.8	0.03933569	0.03985552	
1429	0.03945771	0.03983741	
1429.2	0.03962719	0.0398193	
1429.4	0.03950406	0.03980121	
1429.6	0.03937997	0.03978312	
1429.8	0.03901777	0.03976504	
1430	0.03930076	0.03974697	
1430.2	0.03905995	0.03972891	
1430.4	0.03945533	0.03971085	
1430.6	0.0393073	0.03969281	
1430.8	0.03906955	0.03967477	
1431	0.03847522	0.03965674	
1431.2	0.03845627	0.03963872	
1431.4	0.03809136	0.03962071	
1431.6	0.03783975	0.0396027	
1431.8	0.03785891	0.03958471	
1432	0.03767559	0.03956672	
1432.2	0.03768299	0.03954874	
1432.4	0.03764645	0.03953077	
1432.6	0.03802145	0.0395128	
1432.8	0.03798186	0.03949485	
1433	0.03812878	0.0394769	
1433.2	0.03817135	0.03945896	
1433.4	0.03810281	0.03944103	
1433.6	0.03840099	0.0394231	
1433.8	0.03854342	0.03940519	
1434	0.03860597	0.03938728	
1434.2	0.03882464	0.03936938	
1434.4	0.03885859	0.03935149	
1434.6	0.03844489	0.03933361	
1434.8	0.03828192	0.03931574	
1435	0.03790479	0.03929787	
1435.2	0.03796779	0.03928001	
1435.4	0.03742036	0.03926216	
1435.6	0.03741932	0.03924432	
1435.8	0.03714106	0.03922649	
1436	0.03684751	0.03920866	
1436.2	0.03687546	0.03919084	
1436.4	0.03687419	0.03917303	
1436.6	0.03746881	0.03915523	
1436.8	0.0372547	0.03913744	
1437	0.03757937	0.03911965	
1437.2	0.03749469	0.03910188	
1437.4	0.03780309	0.03908411	
1437.6	0.03814467	0.03906635	
1437.8	0.03804649	0.0390486	
1438	0.03798922	0.03903085	
1438.2	0.03822012	0.03901311	
1438.4	0.03816515	0.03899538	
1438.6	0.03833993	0.03897766	
1438.8	0.03844136	0.03895995	
1439	0.03868978	0.03894225	
1439.2	0.03888796	0.03892455	
1439.4	0.03891586	0.03890686	
1439.6	0.03913041	0.03888918	
1439.8	0.03899414	0.03887151	
