Conc1	2.5E-08	
Start1	1020	
Stop1	1439.8	
Kobs	0.00227265916157765	
Error Kobs	4.20353758551911E-05	
Koff	0	
Error Koff	0	
Time1	Data1	Fit1	
1020	0.00811227	0	
1020.2	0.00777754	0.00041582	
1020.4	0.00704253	0.00082973	
1020.6	0.00628231	0.00124175	
1020.8	0.00523113	0.00165188	
1021	0.00495821	0.00206013	
1021.2	0.00447097	0.00246651	
1021.4	0.00383039	0.00287103	
1021.6	0.00336856	0.0032737	
1021.8	0.00286481	0.00367453	
1022	0.00304455	0.00407352	
1022.2	0.00272893	0.00447068	
1022.4	0.00323294	0.00486602	
1022.6	0.00365304	0.00525956	
1022.8	0.0041505	0.00565129	
1023	0.00507031	0.00604122	
1023.2	0.00532155	0.00642938	
1023.4	0.00580121	0.00681575	
1023.6	0.00658953	0.00720035	
1023.8	0.00749539	0.0075832	
1024	0.00847158	0.00796429	
1024.2	0.00919528	0.00834363	
1024.4	0.00953828	0.00872124	
1024.6	0.0100474	0.00909712	
1024.8	0.01052855	0.00947128	
1025	0.01112448	0.00984372	
1025.2	0.01114724	0.01021446	
1025.4	0.011168	0.0105835	
1025.6	0.01169954	0.01095085	
1025.8	0.01208152	0.01131652	
1026	0.01266287	0.01168051	
1026.2	0.01273349	0.01204284	
1026.4	0.01360553	0.0124035	
1026.6	0.01409707	0.01276252	
1026.8	0.01459354	0.01311989	
1027	0.0148684	0.01347563	
1027.2	0.01502321	0.01382973	
1027.4	0.01587428	0.01418222	
1027.6	0.01654133	0.01453309	
1027.8	0.01714317	0.01488235	
1028	0.01745862	0.01523001	
1028.2	0.01793799	0.01557609	
1028.4	0.01833371	0.01592057	
1028.6	0.01864211	0.01626348	
1028.8	0.01911339	0.01660482	
1029	0.01912551	0.0169446	
1029.2	0.01986958	0.01728282	
1029.4	0.02035189	0.01761949	
1029.6	0.02109504	0.01795462	
1029.8	0.02178093	0.01828822	
1030	0.02228342	0.01862028	
1030.2	0.02315703	0.01895083	
1030.4	0.0238089	0.01927986	
1030.6	0.02429426	0.01960739	
1030.8	0.02486171	0.01993341	
1031	0.02535823	0.02025795	
1031.2	0.0260789	0.02058099	
1031.4	0.02640895	0.02090256	
1031.6	0.02674653	0.02122266	
1031.8	0.02704802	0.02154129	
1032	0.02714237	0.02185846	
1032.2	0.02781115	0.02217417	
1032.4	0.02824192	0.02248844	
1032.6	0.02840793	0.02280128	
1032.8	0.0292186	0.02311268	
1033	0.02962865	0.02342265	
1033.2	0.03031425	0.02373121	
1033.4	0.03084753	0.02403835	
1033.6	0.03166177	0.02434408	
1033.8	0.03246215	0.02464842	
1034	0.03258126	0.02495136	
1034.2	0.03298479	0.02525291	
1034.4	0.03349434	0.02555308	
1034.6	0.03373684	0.02585188	
1034.8	0.03393977	0.02614931	
1035	0.0340104	0.02644538	
1035.2	0.03412968	0.02674009	
1035.4	0.03400357	0.02703345	
1035.6	0.03400461	0.02732547	
1035.8	0.03432642	0.02761615	
1036	0.03471127	0.02790551	
1036.2	0.03530909	0.02819353	
1036.4	0.0355636	0.02848024	
1036.6	0.03602295	0.02876563	
1036.8	0.03662196	0.02904972	
1037	0.03739562	0.0293325	
1037.2	0.03795233	0.02961399	
1037.4	0.03884145	0.0298942	
1037.6	0.03952165	0.03017311	
1037.8	0.03993129	0.03045075	
1038	0.04017225	0.03072712	
1038.2	0.04067552	0.03100223	
1038.4	0.0413177	0.03127607	
1038.6	0.04156358	0.03154866	
1038.8	0.04181426	0.03182	
1039	0.04207453	0.0320901	
1039.2	0.0422983	0.03235897	
1039.4	0.04255824	0.0326266	
1039.6	0.04302141	0.032893	
1039.8	0.04386105	0.03315819	
1040	0.04418989	0.03342216	
1040.2	0.04405137	0.03368492	
1040.4	0.04426802	0.03394648	
1040.6	0.04436806	0.03420684	
1040.8	0.04432861	0.03446601	
1041	0.04487367	0.03472399	
1041.2	0.04510466	0.03498079	
1041.4	0.04507393	0.03523642	
1041.6	0.04509933	0.03549087	
1041.8	0.04549499	0.03574416	
1042	0.04536906	0.03599629	
1042.2	0.04548827	0.03624727	
1042.4	0.04575963	0.03649709	
1042.6	0.04592198	0.03674577	
1042.8	0.04595979	0.03699331	
1043	0.04624209	0.03723972	
1043.2	0.04684564	0.037485	
1043.4	0.04717285	0.03772916	
1043.6	0.0476645	0.0379722	
1043.8	0.0481038	0.03821412	
1044	0.04812339	0.03845494	
1044.2	0.04854199	0.03869466	
1044.4	0.04919566	0.03893327	
1044.6	0.04967559	0.0391708	
1044.8	0.04991824	0.03940723	
1045	0.05018025	0.03964259	
1045.2	0.05045864	0.03987686	
1045.4	0.05052315	0.04011007	
1045.6	0.05078315	0.0403422	
1045.8	0.05120029	0.04057328	
1046	0.05071371	0.04080329	
1046.2	0.05102576	0.04103225	
1046.4	0.05129127	0.04126016	
1046.6	0.05116896	0.04148703	
1046.8	0.0513364	0.04171286	
1047	0.05171144	0.04193766	
1047.2	0.05220101	0.04216142	
1047.4	0.0521536	0.04238417	
1047.6	0.05284065	0.04260589	
1047.8	0.05328344	0.04282659	
1048	0.05376376	0.04304629	
1048.2	0.05437222	0.04326498	
1048.4	0.05486203	0.04348267	
1048.6	0.05546569	0.04369936	
1048.8	0.05561845	0.04391506	
1049	0.05591069	0.04412977	
1049.2	0.05654176	0.04434349	
1049.4	0.05667406	0.04455624	
1049.6	0.05693183	0.04476802	
1049.8	0.05712002	0.04497882	
1050	0.05695837	0.04518866	
1050.2	0.05706451	0.04539754	
1050.4	0.05721413	0.04560546	
1050.6	0.05724088	0.04581243	
1050.8	0.05744918	0.04601845	
1051	0.05746851	0.04622353	
1051.2	0.05747402	0.04642767	
1051.4	0.05741931	0.04663088	
1051.6	0.05746766	0.04683315	
1051.8	0.05711116	0.0470345	
1052	0.05733682	0.04723492	
1052.2	0.05758664	0.04743443	
1052.4	0.05771227	0.04763303	
1052.6	0.05821486	0.04783071	
1052.8	0.05817319	0.04802749	
1053	0.05852729	0.04822337	
1053.2	0.05863798	0.04841835	
1053.4	0.05878193	0.04861244	
1053.6	0.05894923	0.04880564	
1053.8	0.05884343	0.04899795	
1054	0.05893795	0.04918939	
1054.2	0.05883368	0.04937994	
1054.4	0.0593884	0.04956963	
1054.6	0.05982057	0.04975844	
1054.8	0.059823	0.0499464	
1055	0.05996601	0.05013349	
1055.2	0.06018955	0.05031972	
1055.4	0.05989685	0.0505051	
1055.6	0.05993486	0.05068963	
1055.8	0.06014833	0.05087332	
1056	0.06075557	0.05105617	
1056.2	0.06102006	0.05123818	
1056.4	0.06081213	0.05141935	
1056.6	0.06112159	0.0515997	
1056.8	0.06116048	0.05177922	
1057	0.06126146	0.05195791	
1057.2	0.06091372	0.05213579	
1057.4	0.06112447	0.05231286	
1057.6	0.06100489	0.05248911	
1057.8	0.06106043	0.05266456	
1058	0.06116405	0.0528392	
1058.2	0.06140255	0.05301304	
1058.4	0.06189398	0.05318609	
1058.6	0.0619648	0.05335835	
1058.8	0.06205308	0.05352981	
1059	0.06243746	0.05370049	
1059.2	0.06270151	0.05387039	
1059.4	0.06293947	0.05403951	
1059.6	0.06382752	0.05420786	
1059.8	0.06432185	0.05437543	
1060	0.0647917	0.05454224	
1060.2	0.06523393	0.05470829	
1060.4	0.06537495	0.05487357	
1060.6	0.06568807	0.0550381	
1060.8	0.06588531	0.05520187	
1061	0.06593351	0.0553649	
1061.2	0.06618306	0.05552717	
1061.4	0.06630209	0.05568871	
1061.6	0.06629916	0.0558495	
1061.8	0.06595441	0.05600956	
1062	0.06597625	0.05616888	
1062.2	0.06560195	0.05632748	
1062.4	0.06531306	0.05648535	
1062.6	0.06486743	0.05664249	
1062.8	0.06482676	0.05679892	
1063	0.06503172	0.05695463	
1063.2	0.06504702	0.05710963	
1063.4	0.06520583	0.05726392	
1063.6	0.06566279	0.0574175	
1063.8	0.0657875	0.05757037	
1064	0.06595937	0.05772255	
1064.2	0.06615809	0.05787403	
1064.4	0.06611137	0.05802482	
1064.6	0.06604025	0.05817491	
1064.8	0.06643077	0.05832432	
1065	0.06649102	0.05847305	
1065.2	0.06653382	0.05862109	
1065.4	0.06626145	0.05876846	
1065.6	0.0662847	0.05891515	
1065.8	0.06634293	0.05906117	
1066	0.06648795	0.05920652	
1066.2	0.06639036	0.0593512	
1066.4	0.06691391	0.05949522	
1066.6	0.06671089	0.05963859	
1066.8	0.06729076	0.05978129	
1067	0.06766886	0.05992334	
1067.2	0.06770299	0.06006475	
1067.4	0.06782306	0.0602055	
1067.6	0.06799878	0.06034561	
1067.8	0.06796149	0.06048508	
1068	0.06801436	0.06062391	
1068.2	0.06809536	0.0607621	
1068.4	0.0676324	0.06089966	
1068.6	0.06734608	0.06103659	
1068.8	0.06771011	0.0611729	
1069	0.06693617	0.06130858	
1069.2	0.06668004	0.06144364	
1069.4	0.06662957	0.06157808	
1069.6	0.06646785	0.0617119	
1069.8	0.0664781	0.06184511	
1070	0.06676785	0.06197771	
1070.2	0.06655051	0.06210971	
1070.4	0.06675528	0.0622411	
1070.6	0.06652048	0.06237189	
1070.8	0.06682922	0.06250207	
1071	0.06679907	0.06263167	
1071.2	0.06671515	0.06276067	
1071.4	0.06676231	0.06288908	
1071.6	0.06716737	0.0630169	
1071.8	0.067684	0.06314413	
1072	0.06799893	0.06327078	
1072.2	0.06830073	0.06339686	
1072.4	0.0683731	0.06352235	
1072.6	0.06879198	0.06364727	
1072.8	0.06901506	0.06377162	
1073	0.06911709	0.0638954	
1073.2	0.06967154	0.06401861	
1073.4	0.06999315	0.06414126	
1073.6	0.07012713	0.06426335	
1073.8	0.07040487	0.06438487	
1074	0.07054005	0.06450585	
1074.2	0.06989262	0.06462626	
1074.4	0.06993445	0.06474613	
1074.6	0.06980426	0.06486544	
1074.8	0.06955854	0.06498421	
1075	0.06967799	0.06510244	
1075.2	0.06957516	0.06522012	
1075.4	0.06936972	0.06533727	
1075.6	0.06907598	0.06545388	
1075.8	0.06900597	0.06556995	
1076	0.06872849	0.0656855	
1076.2	0.06843067	0.06580051	
1076.4	0.0683298	0.065915	
1076.6	0.06810283	0.06602896	
1076.8	0.06819096	0.06614241	
1077	0.06837779	0.06625533	
1077.2	0.06770732	0.06636773	
1077.4	0.06747574	0.06647962	
1077.6	0.06745958	0.066591	
1077.8	0.06720354	0.06670187	
1078	0.06698153	0.06681223	
1078.2	0.0668807	0.06692209	
1078.4	0.06717155	0.06703144	
1078.6	0.06770438	0.06714029	
1078.8	0.0677852	0.06724864	
1079	0.06805532	0.0673565	
1079.2	0.06808261	0.06746386	
1079.4	0.06832292	0.06757073	
1079.6	0.06849935	0.06767711	
1079.8	0.06881963	0.06778301	
1080	0.06901401	0.06788842	
1080.2	0.06939549	0.06799334	
1080.4	0.06971067	0.06809779	
1080.6	0.06956557	0.06820176	
1080.8	0.0698963	0.06830525	
1081	0.06970387	0.06840826	
1081.2	0.06928905	0.06851081	
1081.4	0.06922193	0.06861289	
1081.6	0.06866901	0.0687145	
1081.8	0.0685909	0.06881564	
1082	0.06868486	0.06891632	
1082.2	0.06857508	0.06901654	
1082.4	0.06873807	0.0691163	
1082.6	0.06927174	0.0692156	
1082.8	0.06905091	0.06931445	
1083	0.06931878	0.06941285	
1083.2	0.07005074	0.06951079	
1083.4	0.07007335	0.06960829	
1083.6	0.07030209	0.06970534	
1083.8	0.0706154	0.06980195	
1084	0.07082417	0.06989811	
1084.2	0.07105437	0.06999383	
1084.4	0.07111509	0.07008912	
1084.6	0.07114907	0.07018397	
1084.8	0.07150823	0.07027838	
1085	0.07122498	0.07037236	
1085.2	0.07108128	0.07046591	
1085.4	0.07094762	0.07055904	
1085.6	0.07055098	0.07065173	
1085.8	0.07105529	0.07074401	
1086	0.07122779	0.07083586	
1086.2	0.07105855	0.07092728	
1086.4	0.07113236	0.0710183	
1086.6	0.07144539	0.07110889	
1086.8	0.07098363	0.07119907	
1087	0.07110787	0.07128883	
1087.2	0.07118218	0.07137819	
1087.4	0.07058339	0.07146713	
1087.6	0.07084016	0.07155567	
1087.8	0.07063708	0.0716438	
1088	0.07032927	0.07173153	
1088.2	0.07009465	0.07181886	
1088.4	0.06980055	0.07190579	
1088.6	0.06951889	0.07199232	
1088.8	0.06958011	0.07207845	
1089	0.06941228	0.07216419	
1089.2	0.06948874	0.07224953	
1089.4	0.06956889	0.07233449	
1089.6	0.06920544	0.07241905	
1089.8	0.06951011	0.07250323	
1090	0.06971628	0.07258703	
1090.2	0.07009881	0.07267044	
1090.4	0.07044266	0.07275346	
1090.6	0.07059257	0.07283611	
1090.8	0.07052386	0.07291838	
1091	0.0706647	0.07300027	
1091.2	0.07106166	0.07308179	
1091.4	0.07102796	0.07316293	
1091.6	0.07090544	0.07324371	
1091.8	0.07075186	0.07332411	
1092	0.07079783	0.07340414	
1092.2	0.07070107	0.07348381	
1092.4	0.07043819	0.07356311	
1092.6	0.07013107	0.07364205	
1092.8	0.07013133	0.07372063	
1093	0.06989438	0.07379885	
1093.2	0.0697887	0.07387671	
1093.4	0.06991941	0.07395421	
1093.6	0.06965294	0.07403136	
1093.8	0.07022059	0.07410816	
1094	0.07034677	0.0741846	
1094.2	0.07053364	0.07426069	
1094.4	0.07068714	0.07433644	
1094.6	0.07036128	0.07441184	
1094.8	0.07031772	0.07448689	
1095	0.07062225	0.0745616	
1095.2	0.07105699	0.07463597	
1095.4	0.07085315	0.07470999	
1095.6	0.07079519	0.07478368	
1095.8	0.07107984	0.07485703	
1096	0.07129658	0.07493005	
1096.2	0.0713063	0.07500273	
1096.4	0.07100595	0.07507507	
1096.6	0.07100341	0.07514709	
1096.8	0.07124999	0.07521877	
1097	0.07130319	0.07529013	
1097.2	0.07139791	0.07536116	
1097.4	0.07167255	0.07543187	
1097.6	0.07146981	0.07550225	
1097.8	0.07154974	0.07557231	
1098	0.07110692	0.07564205	
1098.2	0.07118452	0.07571147	
1098.4	0.07139816	0.07578057	
1098.6	0.07102826	0.07584935	
1098.8	0.07120412	0.07591782	
1099	0.07153624	0.07598598	
1099.2	0.07150627	0.07605382	
1099.4	0.07159362	0.07612136	
1099.6	0.07175502	0.07618858	
1099.8	0.07168986	0.0762555	
1100	0.07164904	0.07632211	
1100.2	0.07173889	0.07638841	
1100.4	0.07150522	0.07645442	
1100.6	0.07166056	0.07652011	
1100.8	0.07183906	0.07658551	
1101	0.0720087	0.07665061	
1101.2	0.07157048	0.07671541	
1101.4	0.07134841	0.07677992	
1101.6	0.07105789	0.07684412	
1101.8	0.07122074	0.07690804	
1102	0.07116611	0.07697166	
1102.2	0.07142997	0.07703499	
1102.4	0.07141015	0.07709803	
1102.6	0.07096421	0.07716078	
1102.8	0.07148111	0.07722325	
1103	0.07115355	0.07728543	
1103.2	0.07114157	0.07734732	
1103.4	0.07136295	0.07740893	
1103.6	0.07130671	0.07747026	
1103.8	0.07058878	0.07753131	
1104	0.07024425	0.07759207	
1104.2	0.07016868	0.07765256	
1104.4	0.06986971	0.07771277	
1104.6	0.06992126	0.07777271	
1104.8	0.07014782	0.07783237	
1105	0.07012831	0.07789176	
1105.2	0.06994568	0.07795088	
1105.4	0.07001054	0.07800972	
1105.6	0.07022012	0.0780683	
1105.8	0.07092836	0.07812661	
1106	0.07117281	0.07818465	
1106.2	0.07162602	0.07824243	
1106.4	0.07205703	0.07829994	
1106.6	0.07191947	0.07835719	
1106.8	0.07267604	0.07841417	
1107	0.07281155	0.0784709	
1107.2	0.07328181	0.07852736	
1107.4	0.07352011	0.07858357	
1107.6	0.07319417	0.07863952	
1107.8	0.07258823	0.07869521	
1108	0.07247778	0.07875065	
1108.2	0.07267108	0.07880583	
1108.4	0.07251739	0.07886076	
1108.6	0.0721447	0.07891544	
1108.8	0.07218172	0.07896987	
1109	0.07198773	0.07902405	
1109.2	0.07157618	0.07907798	
1109.4	0.07095687	0.07913167	
1109.6	0.07098227	0.0791851	
1109.8	0.07109798	0.0792383	
1110	0.07115044	0.07929125	
1110.2	0.07106778	0.07934396	
1110.4	0.07106243	0.07939642	
1110.6	0.07082496	0.07944865	
1110.8	0.07121718	0.07950064	
1111	0.07128951	0.07955239	
1111.2	0.070924	0.0796039	
1111.4	0.0705724	0.07965517	
1111.6	0.07018105	0.07970622	
1111.8	0.07037026	0.07975702	
1112	0.0707918	0.0798076	
1112.2	0.07143305	0.07985794	
1112.4	0.07154491	0.07990806	
1112.6	0.07153895	0.07995794	
1112.8	0.07204191	0.08000759	
1113	0.07215175	0.08005702	
1113.2	0.07187207	0.08010622	
1113.4	0.07206828	0.0801552	
1113.6	0.07231716	0.08020395	
1113.8	0.07203389	0.08025248	
1114	0.07195168	0.08030079	
1114.2	0.07150876	0.08034887	
1114.4	0.07172813	0.08039673	
1114.6	0.07155562	0.08044438	
1114.8	0.07119268	0.08049181	
1115	0.07057714	0.08053902	
1115.2	0.06984391	0.08058601	
1115.4	0.06942587	0.08063279	
1115.6	0.06913681	0.08067936	
1115.8	0.06919645	0.08072571	
1116	0.06937987	0.08077185	
1116.2	0.06913197	0.08081777	
1116.4	0.06904566	0.08086349	
1116.6	0.0692456	0.080909	
1116.8	0.06946827	0.0809543	
1117	0.06945165	0.08099939	
1117.2	0.06965102	0.08104428	
1117.4	0.06994246	0.08108896	
1117.6	0.06996423	0.08113343	
1117.8	0.06994781	0.0811777	
1118	0.07026048	0.08122177	
1118.2	0.07041434	0.08126564	
1118.4	0.07064863	0.08130931	
1118.6	0.07005887	0.08135277	
1118.8	0.06949873	0.08139604	
1119	0.06913571	0.08143911	
1119.2	0.06892647	0.08148198	
1119.4	0.06879122	0.08152466	
1119.6	0.06864408	0.08156714	
1119.8	0.06855239	0.08160942	
1120	0.06849574	0.08165152	
1120.2	0.06825615	0.08169342	
1120.4	0.0687895	0.08173512	
1120.6	0.06889728	0.08177664	
1120.8	0.0691512	0.08181797	
1121	0.06920011	0.0818591	
1121.2	0.06921915	0.08190005	
1121.4	0.06959154	0.08194081	
1121.6	0.07021881	0.08198139	
1121.8	0.07047367	0.08202178	
1122	0.07069199	0.08206198	
1122.2	0.07084264	0.082102	
1122.4	0.07066682	0.08214184	
1122.6	0.07064583	0.08218149	
1122.8	0.07048276	0.08222096	
1123	0.07072269	0.08226025	
1123.2	0.07108161	0.08229937	
1123.4	0.07157783	0.0823383	
1123.6	0.07148674	0.08237705	
1123.8	0.071283	0.08241563	
1124	0.07101746	0.08245403	
1124.2	0.07089858	0.08249225	
1124.4	0.07064587	0.0825303	
1124.6	0.06975539	0.08256818	
1124.8	0.06961459	0.08260588	
1125	0.06913364	0.08264341	
1125.2	0.06905188	0.08268077	
1125.4	0.06946216	0.08271795	
1125.6	0.06932855	0.08275497	
1125.8	0.06886667	0.08279181	
1126	0.06868974	0.08282849	
1126.2	0.06866475	0.082865	
1126.4	0.06830281	0.08290134	
1126.6	0.06829361	0.08293752	
1126.8	0.06838296	0.08297353	
1127	0.06868565	0.08300937	
1127.2	0.06888761	0.08304506	
1127.4	0.06896132	0.08308057	
1127.6	0.06868196	0.08311593	
1127.8	0.06903885	0.08315112	
1128	0.06906633	0.08318615	
1128.2	0.06940567	0.08322103	
1128.4	0.06932327	0.08325574	
1128.6	0.0689681	0.08329029	
1128.8	0.0691846	0.08332469	
1129	0.06917597	0.08335892	
1129.2	0.06913536	0.083393	
1129.4	0.06910137	0.08342693	
1129.6	0.06884991	0.0834607	
1129.8	0.06872272	0.08349431	
1130	0.06866782	0.08352777	
1130.2	0.06870684	0.08356108	
1130.4	0.06866052	0.08359423	
1130.6	0.06904086	0.08362724	
1130.8	0.06918558	0.08366009	
1131	0.06924077	0.08369279	
1131.2	0.06948596	0.08372534	
1131.4	0.06971621	0.08375774	
1131.6	0.07008294	0.08379	
1131.8	0.070204	0.0838221	
1132	0.07033927	0.08385406	
1132.2	0.07020685	0.08388588	
1132.4	0.06993279	0.08391754	
1132.6	0.06934284	0.08394906	
1132.8	0.06939025	0.08398044	
1133	0.06931007	0.08401168	
1133.2	0.06886813	0.08404277	
1133.4	0.06869117	0.08407372	
1133.6	0.06871108	0.08410452	
1133.8	0.06849988	0.08413519	
1134	0.06854595	0.08416572	
1134.2	0.06868643	0.0841961	
1134.4	0.06888431	0.08422635	
1134.6	0.06889232	0.08425646	
1134.8	0.06867806	0.08428643	
1135	0.06888613	0.08431626	
1135.2	0.06902659	0.08434596	
1135.4	0.06900412	0.08437552	
1135.6	0.06860949	0.08440494	
1135.8	0.06814328	0.08443423	
1136	0.06813913	0.08446339	
1136.2	0.06782295	0.08449241	
1136.4	0.06795974	0.0845213	
1136.6	0.06794515	0.08455006	
1136.8	0.06823103	0.08457868	
1137	0.06788005	0.08460718	
1137.2	0.06766054	0.08463554	
1137.4	0.06768526	0.08466378	
1137.6	0.06758095	0.08469188	
1137.8	0.06759217	0.08471986	
1138	0.06788862	0.08474771	
1138.2	0.06802327	0.08477543	
1138.4	0.06808356	0.08480302	
1138.6	0.06803654	0.08483049	
1138.8	0.06817948	0.08485783	
1139	0.06835535	0.08488504	
1139.2	0.06851451	0.08491214	
1139.4	0.06840223	0.0849391	
1139.6	0.06811168	0.08496595	
1139.8	0.06826695	0.08499267	
1140	0.08263664	0.0850194	
1140.2	0.08266318	0.08498076	
1140.4	0.08250869	0.08494214	
1140.6	0.08275406	0.08490354	
1140.8	0.08315518	0.08486496	
1141	0.08340206	0.0848264	
1141.2	0.08344293	0.08478785	
1141.4	0.08368944	0.08474932	
1141.6	0.08394828	0.08471081	
1141.8	0.08415638	0.08467231	
1142	0.08444231	0.08463383	
1142.2	0.0847742	0.08459537	
1142.4	0.0856712	0.08455693	
1142.6	0.08546479	0.08451851	
1142.8	0.08547741	0.0844801	
1143	0.08592645	0.08444171	
1143.2	0.08576056	0.08440334	
1143.4	0.08579272	0.08436498	
1143.6	0.08577493	0.08432664	
1143.8	0.08555351	0.08428832	
1144	0.08577053	0.08425002	
1144.2	0.08586395	0.08421173	
1144.4	0.08608774	0.08417347	
1144.6	0.08628934	0.08413521	
1144.8	0.08625481	0.08409698	
1145	0.08604734	0.08405877	
1145.2	0.08621424	0.08402057	
1145.4	0.08628729	0.08398239	
1145.6	0.08653144	0.08394422	
1145.8	0.0866615	0.08390607	
1146	0.08668369	0.08386795	
1146.2	0.08721808	0.08382983	
1146.4	0.08766147	0.08379174	
1146.6	0.08734594	0.08375366	
1146.8	0.08719951	0.0837156	
1147	0.08732651	0.08367756	
1147.2	0.08696876	0.08363953	
1147.4	0.08694745	0.08360152	
1147.6	0.08634427	0.08356353	
1147.8	0.08633867	0.08352556	
1148	0.08666615	0.0834876	
1148.2	0.08645557	0.08344966	
1148.4	0.08672202	0.08341174	
1148.6	0.08641784	0.08337384	
1148.8	0.08621237	0.08333595	
1149	0.08619839	0.08329808	
1149.2	0.08628237	0.08326023	
1149.4	0.08626592	0.08322239	
1149.6	0.08666707	0.08318457	
1149.8	0.08657021	0.08314677	
1150	0.08647098	0.08310899	
1150.2	0.08674215	0.08307122	
1150.4	0.08661748	0.08303347	
1150.6	0.08651184	0.08299574	
1150.8	0.08614018	0.08295802	
1151	0.08608559	0.08292032	
1151.2	0.08587861	0.08288264	
1151.4	0.08576271	0.08284498	
1151.6	0.08542288	0.08280733	
1151.8	0.08542197	0.0827697	
1152	0.08538377	0.08273209	
1152.2	0.08535406	0.08269449	
1152.4	0.085325	0.08265691	
1152.6	0.08487772	0.08261935	
1152.8	0.08503731	0.08258181	
1153	0.08504803	0.08254428	
1153.2	0.0848721	0.08250677	
1153.4	0.08515492	0.08246928	
1153.6	0.08568104	0.0824318	
1153.8	0.08585077	0.08239434	
1154	0.0860829	0.0823569	
1154.2	0.08642798	0.08231947	
1154.4	0.08662385	0.08228206	
1154.6	0.08684743	0.08224467	
1154.8	0.08664858	0.0822073	
1155	0.08665483	0.08216994	
1155.2	0.08635212	0.0821326	
1155.4	0.08597944	0.08209528	
1155.6	0.08586952	0.08205797	
1155.8	0.08605917	0.08202068	
1156	0.0861112	0.08198341	
1156.2	0.08623398	0.08194615	
1156.4	0.08604443	0.08190891	
1156.6	0.0859309	0.08187169	
1156.8	0.08618871	0.08183449	
1157	0.08583379	0.0817973	
1157.2	0.08551478	0.08176013	
1157.4	0.08587323	0.08172297	
1157.6	0.08617922	0.08168584	
1157.8	0.08569593	0.08164872	
1158	0.08580096	0.08161161	
1158.2	0.08572469	0.08157453	
1158.4	0.08563845	0.08153746	
1158.6	0.0857615	0.0815004	
1158.8	0.08551609	0.08146337	
1159	0.085562	0.08142635	
1159.2	0.08526108	0.08138935	
1159.4	0.08516599	0.08135236	
1159.6	0.08580299	0.08131539	
1159.8	0.08593547	0.08127844	
1160	0.08580364	0.0812415	
1160.2	0.08580156	0.08120459	
1160.4	0.08576361	0.08116768	
1160.6	0.0856266	0.0811308	
1160.8	0.08558686	0.08109393	
1161	0.0857567	0.08105708	
1161.2	0.08536947	0.08102025	
1161.4	0.08541243	0.08098343	
1161.6	0.08531733	0.08094663	
1161.8	0.08453087	0.08090984	
1162	0.08472469	0.08087307	
1162.2	0.08473047	0.08083632	
1162.4	0.08463659	0.08079959	
1162.6	0.08490838	0.08076287	
1162.8	0.0848617	0.08072617	
1163	0.08488824	0.08068949	
1163.2	0.08421819	0.08065282	
1163.4	0.08429372	0.08061617	
1163.6	0.08441721	0.08057953	
1163.8	0.08405278	0.08054291	
1164	0.0835733	0.08050631	
1164.2	0.08381381	0.08046973	
1164.4	0.08361338	0.08043316	
1164.6	0.08379496	0.08039661	
1164.8	0.08419375	0.08036008	
1165	0.08424298	0.08032356	
1165.2	0.08378189	0.08028706	
1165.4	0.08404366	0.08025057	
1165.6	0.08397543	0.0802141	
1165.8	0.08363145	0.08017765	
1166	0.08400662	0.08014122	
1166.2	0.08450307	0.0801048	
1166.4	0.08462428	0.0800684	
1166.6	0.08531042	0.08003201	
1166.8	0.08528195	0.07999564	
1167	0.08510241	0.07995929	
1167.2	0.08483135	0.07992295	
1167.4	0.08514546	0.07988664	
1167.6	0.08548683	0.07985033	
1167.8	0.0853713	0.07981405	
1168	0.08524394	0.07977778	
1168.2	0.08567281	0.07974152	
1168.4	0.08561328	0.07970529	
1168.6	0.08558667	0.07966907	
1168.8	0.08524909	0.07963286	
1169	0.08426704	0.07959667	
1169.2	0.08407731	0.0795605	
1169.4	0.08392339	0.07952435	
1169.6	0.08299703	0.07948821	
1169.8	0.08246573	0.07945209	
1170	0.08202418	0.07941598	
1170.2	0.08176961	0.0793799	
1170.4	0.08148361	0.07934382	
1170.6	0.08150525	0.07930777	
1170.8	0.08141617	0.07927173	
1171	0.08142054	0.0792357	
1171.2	0.08178835	0.0791997	
1171.4	0.0826354	0.07916371	
1171.6	0.0835269	0.07912773	
1171.8	0.08382601	0.07909177	
1172	0.08409921	0.07905583	
1172.2	0.08427405	0.07901991	
1172.4	0.08423477	0.078984	
1172.6	0.08398714	0.07894811	
1172.8	0.08377564	0.07891223	
1173	0.08365083	0.07887637	
1173.2	0.08377678	0.07884053	
1173.4	0.0833246	0.0788047	
1173.6	0.08231477	0.07876889	
1173.8	0.08188648	0.07873309	
1174	0.08143456	0.07869731	
1174.2	0.08122339	0.07866155	
1174.4	0.08151605	0.07862581	
1174.6	0.08156223	0.07859008	
1174.8	0.08187723	0.07855436	
1175	0.08196968	0.07851866	
1175.2	0.08229478	0.07848298	
1175.4	0.08276924	0.07844732	
1175.6	0.08300323	0.07841167	
1175.8	0.08280815	0.07837604	
1176	0.08269187	0.07834042	
1176.2	0.08279642	0.07830482	
1176.4	0.08285212	0.07826924	
1176.6	0.08264403	0.07823367	
1176.8	0.08266331	0.07819812	
1177	0.08295394	0.07816258	
1177.2	0.08277242	0.07812706	
1177.4	0.08238941	0.07809156	
1177.6	0.08199747	0.07805607	
1177.8	0.08207915	0.0780206	
1178	0.08247033	0.07798515	
1178.2	0.08228693	0.07794971	
1178.4	0.0826099	0.07791429	
1178.6	0.08272818	0.07787888	
1178.8	0.08272084	0.07784349	
1179	0.08237724	0.07780811	
1179.2	0.08250846	0.07777276	
1179.4	0.08210878	0.07773741	
1179.6	0.08200676	0.07770209	
1179.8	0.08168791	0.07766678	
1180	0.0817394	0.07763148	
1180.2	0.08163748	0.07759621	
1180.4	0.08117117	0.07756094	
1180.6	0.08075887	0.0775257	
1180.8	0.08067815	0.07749047	
1181	0.08026614	0.07745525	
1181.2	0.08018854	0.07742006	
1181.4	0.0798055	0.07738487	
1181.6	0.07942766	0.07734971	
1181.8	0.07927873	0.07731456	
1182	0.07947779	0.07727943	
1182.2	0.07904966	0.07724431	
1182.4	0.07943786	0.07720921	
1182.6	0.07941081	0.07717412	
1182.8	0.07943069	0.07713905	
1183	0.07962081	0.07710399	
1183.2	0.07993061	0.07706896	
1183.4	0.07976986	0.07703393	
1183.6	0.08027807	0.07699893	
1183.8	0.08038017	0.07696394	
1184	0.08054667	0.07692896	
1184.2	0.0806083	0.076894	
1184.4	0.0808191	0.07685906	
1184.6	0.08070126	0.07682413	
1184.8	0.08047954	0.07678922	
1185	0.0800562	0.07675433	
1185.2	0.07986306	0.07671945	
1185.4	0.07922881	0.07668458	
1185.6	0.07902638	0.07664974	
1185.8	0.07916151	0.07661491	
1186	0.07930397	0.07658009	
1186.2	0.07930674	0.07654529	
1186.4	0.0796736	0.0765105	
1186.6	0.07995102	0.07647574	
1186.8	0.08013292	0.07644098	
1187	0.08038918	0.07640625	
1187.2	0.0805796	0.07637153	
1187.4	0.08063568	0.07633682	
1187.6	0.08039064	0.07630213	
1187.8	0.08052217	0.07626746	
1188	0.08037038	0.0762328	
1188.2	0.08011718	0.07619816	
1188.4	0.07984096	0.07616353	
1188.6	0.07953612	0.07612892	
1188.8	0.07891967	0.07609432	
1189	0.07911512	0.07605974	
1189.2	0.07870332	0.07602518	
1189.4	0.07850543	0.07599063	
1189.6	0.07847775	0.0759561	
1189.8	0.07866451	0.07592158	
1190	0.07853359	0.07588708	
1190.2	0.07889798	0.0758526	
1190.4	0.07896004	0.07581813	
1190.6	0.07875503	0.07578367	
1190.8	0.07870004	0.07574924	
1191	0.07886414	0.07571481	
1191.2	0.07903116	0.07568041	
1191.4	0.07873904	0.07564601	
1191.6	0.07865062	0.07561164	
1191.8	0.07904359	0.07557728	
1192	0.07874539	0.07554293	
1192.2	0.0784913	0.07550861	
1192.4	0.07846419	0.07547429	
1192.6	0.07888099	0.07543999	
1192.8	0.07853821	0.07540571	
1193	0.07900672	0.07537145	
1193.2	0.0783206	0.07533719	
1193.4	0.0780457	0.07530296	
1193.6	0.07838759	0.07526874	
1193.8	0.07835039	0.07523454	
1194	0.077807	0.07520035	
1194.2	0.07806101	0.07516617	
1194.4	0.07774403	0.07513202	
1194.6	0.0776826	0.07509787	
1194.8	0.07785273	0.07506375	
1195	0.07790307	0.07502964	
1195.2	0.07821584	0.07499554	
1195.4	0.07799132	0.07496146	
1195.6	0.07811373	0.0749274	
1195.8	0.07821811	0.07489335	
1196	0.07813592	0.07485931	
1196.2	0.07825976	0.07482529	
1196.4	0.07835234	0.07479129	
1196.6	0.07827232	0.0747573	
1196.8	0.07814528	0.07472333	
1197	0.07813736	0.07468938	
1197.2	0.07787995	0.07465544	
1197.4	0.0779492	0.07462151	
1197.6	0.07850658	0.0745876	
1197.8	0.07786393	0.0745537	
1198	0.07778995	0.07451983	
1198.2	0.07839798	0.07448596	
1198.4	0.0783695	0.07445211	
1198.6	0.07847151	0.07441828	
1198.8	0.07818293	0.07438446	
1199	0.07837455	0.07435066	
1199.2	0.07828892	0.07431687	
1199.4	0.07808623	0.0742831	
1199.6	0.0779721	0.07424934	
1199.8	0.07753367	0.0742156	
1200	0.07749866	0.07418188	
1200.2	0.07778732	0.07414817	
1200.4	0.07759297	0.07411447	
1200.6	0.07734882	0.07408079	
1200.8	0.07734129	0.07404713	
1201	0.07714317	0.07401348	
1201.2	0.07733848	0.07397985	
1201.4	0.07770188	0.07394623	
1201.6	0.07807196	0.07391262	
1201.8	0.07773575	0.07387904	
1202	0.07812989	0.07384546	
1202.2	0.07828753	0.07381191	
1202.4	0.07800886	0.07377836	
1202.6	0.07788051	0.07374484	
1202.8	0.07806872	0.07371132	
1203	0.07840334	0.07367783	
1203.2	0.07822494	0.07364435	
1203.4	0.07819274	0.07361088	
1203.6	0.07814167	0.07357743	
1203.8	0.07808951	0.07354399	
1204	0.07840245	0.07351057	
1204.2	0.07828548	0.07347717	
1204.4	0.07809505	0.07344378	
1204.6	0.07764102	0.0734104	
1204.8	0.07745617	0.07337704	
1205	0.07757854	0.0733437	
1205.2	0.07761492	0.07331037	
1205.4	0.07751764	0.07327705	
1205.6	0.07735868	0.07324376	
1205.8	0.07663407	0.07321047	
1206	0.07639673	0.0731772	
1206.2	0.07606138	0.07314395	
1206.4	0.07609096	0.07311071	
1206.6	0.07602146	0.07307749	
1206.8	0.07607229	0.07304428	
1207	0.07579113	0.07301108	
1207.2	0.07594251	0.07297791	
1207.4	0.07618001	0.07294474	
1207.6	0.07643413	0.07291159	
1207.8	0.07655331	0.07287846	
1208	0.07664907	0.07284534	
1208.2	0.07668764	0.07281224	
1208.4	0.07675427	0.07277915	
1208.6	0.07652889	0.07274608	
1208.8	0.07673527	0.07271302	
1209	0.07659575	0.07267998	
1209.2	0.07657034	0.07264695	
1209.4	0.07659017	0.07261394	
1209.6	0.07660362	0.07258094	
1209.8	0.07625142	0.07254796	
1210	0.07677585	0.07251499	
1210.2	0.07668415	0.07248204	
1210.4	0.07662241	0.0724491	
1210.6	0.07627465	0.07241618	
1210.8	0.07641164	0.07238327	
1211	0.07629478	0.07235037	
1211.2	0.07643261	0.0723175	
1211.4	0.07634971	0.07228463	
1211.6	0.0761087	0.07225179	
1211.8	0.07592575	0.07221895	
1212	0.07577782	0.07218613	
1212.2	0.07585496	0.07215333	
1212.4	0.07530084	0.07212054	
1212.6	0.07533518	0.07208777	
1212.8	0.07520162	0.07205501	
1213	0.07510633	0.07202227	
1213.2	0.07505475	0.07198954	
1213.4	0.07496641	0.07195682	
1213.6	0.07475237	0.07192412	
1213.8	0.07489477	0.07189144	
1214	0.0753463	0.07185877	
1214.2	0.07535677	0.07182611	
1214.4	0.07549106	0.07179347	
1214.6	0.07566459	0.07176085	
1214.8	0.075765	0.07172824	
1215	0.07525505	0.07169564	
1215.2	0.07505088	0.07166306	
1215.4	0.07505696	0.0716305	
1215.6	0.07478654	0.07159795	
1215.8	0.074525	0.07156541	
1216	0.07406674	0.07153289	
1216.2	0.07421629	0.07150038	
1216.4	0.07393779	0.07146789	
1216.6	0.07387214	0.07143541	
1216.8	0.0737074	0.07140295	
1217	0.07375627	0.0713705	
1217.2	0.07336764	0.07133807	
1217.4	0.07319539	0.07130565	
1217.6	0.07340264	0.07127325	
1217.8	0.0736275	0.07124086	
1218	0.07378428	0.07120849	
1218.2	0.07367108	0.07117613	
1218.4	0.07376191	0.07114378	
1218.6	0.07407347	0.07111145	
1218.8	0.07387441	0.07107914	
1219	0.07371178	0.07104684	
1219.2	0.0738313	0.07101455	
1219.4	0.07402769	0.07098228	
1219.6	0.07366892	0.07095003	
1219.8	0.07352916	0.07091778	
1220	0.07364505	0.07088556	
1220.2	0.07392162	0.07085334	
1220.4	0.07452351	0.07082115	
1220.6	0.07421206	0.07078896	
1220.8	0.07444365	0.0707568	
1221	0.07422038	0.07072464	
1221.2	0.07396944	0.0706925	
1221.4	0.07385905	0.07066038	
1221.6	0.07358076	0.07062827	
1221.8	0.07317342	0.07059617	
1222	0.07290546	0.07056409	
1222.2	0.07258604	0.07053202	
1222.4	0.07259112	0.07049997	
1222.6	0.07243821	0.07046794	
1222.8	0.07200787	0.07043591	
1223	0.07150945	0.0704039	
1223.2	0.07120906	0.07037191	
1223.4	0.07095485	0.07033993	
1223.6	0.07073592	0.07030797	
1223.8	0.07095353	0.07027602	
1224	0.07132184	0.07024408	
1224.2	0.07176104	0.07021216	
1224.4	0.07249093	0.07018025	
1224.6	0.07216432	0.07014836	
1224.8	0.07271934	0.07011649	
1225	0.07282805	0.07008462	
1225.2	0.07295559	0.07005277	
1225.4	0.07294275	0.07002094	
1225.6	0.07263275	0.06998912	
1225.8	0.07281348	0.06995732	
1226	0.07288923	0.06992553	
1226.2	0.07290499	0.06989375	
1226.4	0.0728445	0.06986199	
1226.6	0.07287421	0.06983024	
1226.8	0.07281428	0.06979851	
1227	0.07269593	0.06976679	
1227.2	0.07242831	0.06973508	
1227.4	0.07269739	0.06970339	
1227.6	0.07286743	0.06967172	
1227.8	0.07309873	0.06964006	
1228	0.07313837	0.06960841	
1228.2	0.07335493	0.06957678	
1228.4	0.07331909	0.06954516	
1228.6	0.0731786	0.06951356	
1228.8	0.07342911	0.06948197	
1229	0.07323998	0.0694504	
1229.2	0.07312786	0.06941884	
1229.4	0.07266929	0.06938729	
1229.6	0.07224011	0.06935576	
1229.8	0.07225535	0.06932424	
1230	0.07258519	0.06929274	
1230.2	0.07273437	0.06926125	
1230.4	0.07255629	0.06922978	
1230.6	0.07268446	0.06919832	
1230.8	0.07277947	0.06916687	
1231	0.07280239	0.06913544	
1231.2	0.07251224	0.06910402	
1231.4	0.07267945	0.06907262	
1231.6	0.07235706	0.06904123	
1231.8	0.07195346	0.06900986	
1232	0.07190029	0.0689785	
1232.2	0.07214521	0.06894715	
1232.4	0.07242825	0.06891582	
1232.6	0.07267613	0.0688845	
1232.8	0.07289391	0.0688532	
1233	0.07307916	0.06882191	
1233.2	0.0731396	0.06879063	
1233.4	0.07281647	0.06875937	
1233.6	0.07302527	0.06872813	
1233.8	0.07324912	0.0686969	
1234	0.07367011	0.06866568	
1234.2	0.07323993	0.06863447	
1234.4	0.07253983	0.06860328	
1234.6	0.07244298	0.06857211	
1234.8	0.07234224	0.06854095	
1235	0.07186448	0.0685098	
1235.2	0.0718711	0.06847867	
1235.4	0.07145103	0.06844755	
1235.6	0.0711418	0.06841645	
1235.8	0.07081024	0.06838535	
1236	0.07091859	0.06835428	
1236.2	0.07082295	0.06832322	
1236.4	0.07106253	0.06829217	
1236.6	0.07110627	0.06826113	
1236.8	0.07099286	0.06823011	
1237	0.07124846	0.06819911	
1237.2	0.07102685	0.06816812	
1237.4	0.07063503	0.06813714	
1237.6	0.07069014	0.06810618	
1237.8	0.07069151	0.06807523	
1238	0.07037823	0.06804429	
1238.2	0.06991782	0.06801337	
1238.4	0.06975985	0.06798246	
1238.6	0.06996974	0.06795157	
1238.8	0.07006766	0.06792069	
1239	0.06981057	0.06788983	
1239.2	0.07018063	0.06785897	
1239.4	0.06979804	0.06782814	
1239.6	0.07020502	0.06779731	
1239.8	0.07033522	0.06776651	
1240	0.07020981	0.06773571	
1240.2	0.07048182	0.06770493	
1240.4	0.07082007	0.06767416	
1240.6	0.07086837	0.06764341	
1240.8	0.07121619	0.06761267	
1241	0.07171586	0.06758194	
1241.2	0.07151393	0.06755123	
1241.4	0.07173952	0.06752054	
1241.6	0.07195211	0.06748985	
1241.8	0.07189581	0.06745918	
1242	0.07178633	0.06742853	
1242.2	0.07175037	0.06739789	
1242.4	0.07166151	0.06736726	
1242.6	0.07196761	0.06733665	
1242.8	0.07180086	0.06730605	
1243	0.07159909	0.06727546	
1243.2	0.07158443	0.06724489	
1243.4	0.07141481	0.06721433	
1243.6	0.07143025	0.06718379	
1243.8	0.07102155	0.06715326	
1244	0.07022308	0.06712274	
1244.2	0.07030527	0.06709224	
1244.4	0.06986464	0.06706175	
1244.6	0.06985743	0.06703127	
1244.8	0.06953485	0.06700081	
1245	0.06917103	0.06697037	
1245.2	0.06857844	0.06693993	
1245.4	0.06848554	0.06690951	
1245.6	0.0679323	0.06687911	
1245.8	0.06778522	0.06684872	
1246	0.06780025	0.06681834	
1246.2	0.06783272	0.06678797	
1246.4	0.06842631	0.06675762	
1246.6	0.06859664	0.06672729	
1246.8	0.06851058	0.06669696	
1247	0.06870055	0.06666666	
1247.2	0.06861674	0.06663636	
1247.4	0.0685627	0.06660608	
1247.6	0.06829238	0.06657581	
1247.8	0.06817622	0.06654556	
1248	0.06824463	0.06651532	
1248.2	0.06830533	0.06648509	
1248.4	0.06810131	0.06645488	
1248.6	0.06803793	0.06642468	
1248.8	0.06774534	0.06639449	
1249	0.06755202	0.06636432	
1249.2	0.0675776	0.06633416	
1249.4	0.06731472	0.06630402	
1249.6	0.06732021	0.06627389	
1249.8	0.06747405	0.06624377	
1250	0.06770582	0.06621367	
1250.2	0.068063	0.06618358	
1250.4	0.06804252	0.0661535	
1250.6	0.06767668	0.06612344	
1250.8	0.0674712	0.06609339	
1251	0.06740427	0.06606336	
1251.2	0.06738366	0.06603334	
1251.4	0.06713522	0.06600333	
1251.6	0.06684274	0.06597334	
1251.8	0.06699625	0.06594336	
1252	0.06715327	0.06591339	
1252.2	0.06705775	0.06588344	
1252.4	0.06739301	0.0658535	
1252.6	0.06736656	0.06582357	
1252.8	0.06746726	0.06579366	
1253	0.06760172	0.06576376	
1253.2	0.06777971	0.06573388	
1253.4	0.06735031	0.06570401	
1253.6	0.06772562	0.06567415	
1253.8	0.06725524	0.0656443	
1254	0.06722413	0.06561447	
1254.2	0.06689893	0.06558466	
1254.4	0.06662999	0.06555485	
1254.6	0.06658451	0.06552506	
1254.8	0.06648497	0.06549529	
1255	0.06654847	0.06546552	
1255.2	0.06680766	0.06543577	
1255.4	0.06717054	0.06540604	
1255.6	0.06704509	0.06537632	
1255.8	0.06709482	0.06534661	
1256	0.06750854	0.06531691	
1256.2	0.06768587	0.06528723	
1256.4	0.06798059	0.06525756	
1256.6	0.06819559	0.06522791	
1256.8	0.06802212	0.06519826	
1257	0.06819025	0.06516864	
1257.2	0.06753252	0.06513902	
1257.4	0.06718393	0.06510942	
1257.6	0.06704333	0.06507983	
1257.8	0.06663447	0.06505026	
1258	0.06689754	0.0650207	
1258.2	0.06680629	0.06499115	
1258.4	0.06685106	0.06496162	
1258.6	0.06673123	0.0649321	
1258.8	0.06672807	0.06490259	
1259	0.06694428	0.0648731	
1259.2	0.06707376	0.06484362	
1259.4	0.06677326	0.06481415	
1259.6	0.06643781	0.0647847	
1259.8	0.06669073	0.06475526	
1260	0.06667945	0.06472583	
1260.2	0.06639268	0.06469642	
1260.4	0.06677342	0.06466702	
1260.6	0.06688991	0.06463763	
1260.8	0.06661414	0.06460826	
1261	0.06648198	0.0645789	
1261.2	0.06653648	0.06454955	
1261.4	0.06639322	0.06452022	
1261.6	0.06621674	0.0644909	
1261.8	0.06622997	0.06446159	
1262	0.06646224	0.0644323	
1262.2	0.06608917	0.06440302	
1262.4	0.06584902	0.06437375	
1262.6	0.06571489	0.0643445	
1262.8	0.06602935	0.06431526	
1263	0.0659721	0.06428603	
1263.2	0.0654459	0.06425682	
1263.4	0.0655225	0.06422762	
1263.6	0.06596579	0.06419843	
1263.8	0.06575576	0.06416926	
1264	0.06529409	0.0641401	
1264.2	0.06530431	0.06411095	
1264.4	0.06551735	0.06408182	
1264.6	0.06553883	0.0640527	
1264.8	0.0657655	0.06402359	
1265	0.06564699	0.06399449	
1265.2	0.06567675	0.06396541	
1265.4	0.06535851	0.06393634	
1265.6	0.06529788	0.06390729	
1265.8	0.06520214	0.06387825	
1266	0.06514571	0.06384922	
1266.2	0.06473055	0.06382021	
1266.4	0.06493415	0.0637912	
1266.6	0.06524298	0.06376222	
1266.8	0.06553734	0.06373324	
1267	0.06529162	0.06370428	
1267.2	0.06561224	0.06367533	
1267.4	0.06533914	0.06364639	
1267.6	0.06510504	0.06361747	
1267.8	0.06441596	0.06358856	
1268	0.06412984	0.06355966	
1268.2	0.06424257	0.06353078	
1268.4	0.06433245	0.06350191	
1268.6	0.06432893	0.06347305	
1268.8	0.06455223	0.06344421	
1269	0.06398859	0.06341538	
1269.2	0.06373312	0.06338656	
1269.4	0.06399974	0.06335776	
1269.6	0.06380055	0.06332897	
1269.8	0.06367469	0.06330019	
1270	0.06347886	0.06327142	
1270.2	0.06385411	0.06324267	
1270.4	0.06440936	0.06321393	
1270.6	0.06452612	0.0631852	
1270.8	0.06431598	0.06315649	
1271	0.06434535	0.06312779	
1271.2	0.06484355	0.0630991	
1271.4	0.06453188	0.06307043	
1271.6	0.06476813	0.06304177	
1271.8	0.06435738	0.06301312	
1272	0.06467281	0.06298449	
1272.2	0.06474005	0.06295586	
1272.4	0.06458515	0.06292725	
1272.6	0.06473229	0.06289866	
1272.8	0.0645775	0.06287008	
1273	0.06405734	0.06284151	
1273.2	0.0641574	0.06281295	
1273.4	0.0640614	0.0627844	
1273.6	0.06390316	0.06275587	
1273.8	0.06363984	0.06272736	
1274	0.06332318	0.06269885	
1274.2	0.06354016	0.06267036	
1274.4	0.06332724	0.06264188	
1274.6	0.06279987	0.06261341	
1274.8	0.06233199	0.06258496	
1275	0.06251316	0.06255652	
1275.2	0.06277212	0.06252809	
1275.4	0.06273285	0.06249968	
1275.6	0.06277481	0.06247128	
1275.8	0.06253695	0.06244289	
1276	0.06287506	0.06241451	
1276.2	0.06322941	0.06238615	
1276.4	0.06342575	0.0623578	
1276.6	0.06380007	0.06232946	
1276.8	0.06366629	0.06230114	
1277	0.06393397	0.06227282	
1277.2	0.06423535	0.06224453	
1277.4	0.06396549	0.06221624	
1277.6	0.06375926	0.06218797	
1277.8	0.06359276	0.06215971	
1278	0.06379507	0.06213146	
1278.2	0.0636102	0.06210323	
1278.4	0.06356704	0.062075	
1278.6	0.06344243	0.0620468	
1278.8	0.06332915	0.0620186	
1279	0.06342253	0.06199042	
1279.2	0.06344156	0.06196225	
1279.4	0.06347369	0.06193409	
1279.6	0.06337787	0.06190594	
1279.8	0.06332228	0.06187781	
1280	0.06342414	0.06184969	
1280.2	0.06329899	0.06182159	
1280.4	0.06271976	0.06179349	
1280.6	0.06266104	0.06176541	
1280.8	0.06251341	0.06173735	
1281	0.06236878	0.06170929	
1281.2	0.06240562	0.06168125	
1281.4	0.06215621	0.06165322	
1281.6	0.06208905	0.0616252	
1281.8	0.06200411	0.0615972	
1282	0.06207624	0.06156921	
1282.2	0.06168959	0.06154123	
1282.4	0.06187436	0.06151326	
1282.6	0.06201261	0.06148531	
1282.8	0.06164026	0.06145737	
1283	0.06154527	0.06142944	
1283.2	0.06179345	0.06140152	
1283.4	0.06198698	0.06137362	
1283.6	0.06186307	0.06134573	
1283.8	0.06196822	0.06131785	
1284	0.06184769	0.06128999	
1284.2	0.06144414	0.06126214	
1284.4	0.06120048	0.0612343	
1284.6	0.0613047	0.06120647	
1284.8	0.06101912	0.06117866	
1285	0.06119815	0.06115086	
1285.2	0.06144165	0.06112307	
1285.4	0.06128466	0.06109529	
1285.6	0.0609722	0.06106753	
1285.8	0.06105655	0.06103978	
1286	0.06103216	0.06101204	
1286.2	0.06103249	0.06098431	
1286.4	0.0613356	0.0609566	
1286.6	0.06168244	0.0609289	
1286.8	0.06144369	0.06090121	
1287	0.06186434	0.06087354	
1287.2	0.06256483	0.06084587	
1287.4	0.06265725	0.06081822	
1287.6	0.06250717	0.06079059	
1287.8	0.06243986	0.06076296	
1288	0.06203626	0.06073535	
1288.2	0.06164028	0.06070775	
1288.4	0.06153717	0.06068016	
1288.6	0.06114315	0.06065259	
1288.8	0.06095322	0.06062502	
1289	0.06111518	0.06059747	
1289.2	0.0613523	0.06056994	
1289.4	0.06146955	0.06054241	
1289.6	0.06175979	0.0605149	
1289.8	0.06189737	0.0604874	
1290	0.0616386	0.06045991	
1290.2	0.06155553	0.06043244	
1290.4	0.06171535	0.06040498	
1290.6	0.0617404	0.06037753	
1290.8	0.06162777	0.06035009	
1291	0.06164772	0.06032266	
1291.2	0.06164513	0.06029525	
1291.4	0.06115393	0.06026785	
1291.6	0.06060662	0.06024047	
1291.8	0.05992597	0.06021309	
1292	0.05948679	0.06018573	
1292.2	0.05939499	0.06015838	
1292.4	0.0592665	0.06013104	
1292.6	0.05915778	0.06010371	
1292.8	0.05937334	0.0600764	
1293	0.05941293	0.0600491	
1293.2	0.05973619	0.06002181	
1293.4	0.05984298	0.05999454	
1293.6	0.05999795	0.05996727	
1293.8	0.0594267	0.05994002	
1294	0.05895228	0.05991279	
1294.2	0.0591055	0.05988556	
1294.4	0.0595279	0.05985835	
1294.6	0.05949738	0.05983114	
1294.8	0.05920337	0.05980396	
1295	0.05901266	0.05977678	
1295.2	0.05907014	0.05974961	
1295.4	0.05894551	0.05972246	
1295.6	0.05839968	0.05969532	
1295.8	0.05843181	0.0596682	
1296	0.05892005	0.05964108	
1296.2	0.05953494	0.05961398	
1296.4	0.05980539	0.05958689	
1296.6	0.05967277	0.05955981	
1296.8	0.05970324	0.05953274	
1297	0.05981558	0.05950569	
1297.2	0.05986804	0.05947865	
1297.4	0.06020343	0.05945162	
1297.6	0.06030096	0.0594246	
1297.8	0.05993521	0.0593976	
1298	0.05992088	0.05937061	
1298.2	0.06025277	0.05934363	
1298.4	0.0600473	0.05931666	
1298.6	0.05955115	0.05928971	
1298.8	0.05920875	0.05926276	
1299	0.05906256	0.05923583	
1299.2	0.05867749	0.05920891	
1299.4	0.05810194	0.05918201	
1299.6	0.05787018	0.05915511	
1299.8	0.0582615	0.05912823	
1300	0.05812861	0.05910136	
1300.2	0.05833919	0.0590745	
1300.4	0.05763059	0.05904766	
1300.6	0.05731845	0.05902083	
1300.8	0.05754683	0.05899401	
1301	0.05765207	0.0589672	
1301.2	0.05789046	0.0589404	
1301.4	0.05820405	0.05891362	
1301.6	0.05806612	0.05888684	
1301.8	0.05787885	0.05886008	
1302	0.05765197	0.05883334	
1302.2	0.05792746	0.0588066	
1302.4	0.05820777	0.05877988	
1302.6	0.05819672	0.05875317	
1302.8	0.05805622	0.05872647	
1303	0.0579704	0.05869978	
1303.2	0.05819616	0.05867311	
1303.4	0.05851735	0.05864644	
1303.6	0.05878324	0.05861979	
1303.8	0.05889305	0.05859315	
1304	0.05894513	0.05856653	
1304.2	0.05899873	0.05853991	
1304.4	0.05844899	0.05851331	
1304.6	0.05830565	0.05848672	
1304.8	0.05848599	0.05846014	
1305	0.05853778	0.05843358	
1305.2	0.05865963	0.05840702	
1305.4	0.05857156	0.05838048	
1305.6	0.0585218	0.05835395	
1305.8	0.05855595	0.05832743	
1306	0.05842914	0.05830093	
1306.2	0.05880645	0.05827443	
1306.4	0.05857196	0.05824795	
1306.6	0.05819862	0.05822148	
1306.8	0.05800762	0.05819503	
1307	0.05794171	0.05816858	
1307.2	0.05814035	0.05814215	
1307.4	0.05806485	0.05811573	
1307.6	0.05775299	0.05808932	
1307.8	0.05745744	0.05806292	
1308	0.05702719	0.05803653	
1308.2	0.05631308	0.05801016	
1308.4	0.05595855	0.0579838	
1308.6	0.05605068	0.05795745	
1308.8	0.05649734	0.05793111	
1309	0.05677417	0.05790479	
1309.2	0.05705226	0.05787847	
1309.4	0.05744955	0.05785217	
1309.6	0.05764253	0.05782588	
1309.8	0.05762271	0.0577996	
1310	0.05790163	0.05777334	
1310.2	0.05811591	0.05774708	
1310.4	0.05821628	0.05772084	
1310.6	0.05818209	0.05769461	
1310.8	0.0585369	0.05766839	
1311	0.05802902	0.05764219	
1311.2	0.05787381	0.05761599	
1311.4	0.05774968	0.05758981	
1311.6	0.05756097	0.05756364	
1311.8	0.05728744	0.05753748	
1312	0.05692217	0.05751134	
1312.2	0.0565209	0.0574852	
1312.4	0.05644535	0.05745908	
1312.6	0.05679933	0.05743297	
1312.8	0.05678603	0.05740687	
1313	0.05684882	0.05738078	
1313.2	0.05691716	0.0573547	
1313.4	0.05687737	0.05732864	
1313.6	0.05694287	0.05730259	
1313.8	0.05706068	0.05727655	
1314	0.05727346	0.05725052	
1314.2	0.05711254	0.0572245	
1314.4	0.05715604	0.0571985	
1314.6	0.05712746	0.05717251	
1314.8	0.05714985	0.05714653	
1315	0.05629223	0.05712056	
1315.2	0.05658463	0.0570946	
1315.4	0.05679814	0.05706866	
1315.6	0.05667806	0.05704272	
1315.8	0.05654879	0.0570168	
1316	0.0563254	0.05699089	
1316.2	0.05626652	0.05696499	
1316.4	0.05643204	0.0569391	
1316.6	0.05672976	0.05691323	
1316.8	0.0569498	0.05688737	
1317	0.05684113	0.05686152	
1317.2	0.05708283	0.05683568	
1317.4	0.05679073	0.05680985	
1317.6	0.05696158	0.05678403	
1317.8	0.05673092	0.05675823	
1318	0.0564745	0.05673244	
1318.2	0.05610422	0.05670665	
1318.4	0.05596875	0.05668089	
1318.6	0.05605634	0.05665513	
1318.8	0.05594214	0.05662938	
1319	0.05592253	0.05660365	
1319.2	0.05663132	0.05657793	
1319.4	0.0567667	0.05655222	
1319.6	0.05680957	0.05652652	
1319.8	0.05700383	0.05650083	
1320	0.05686952	0.05647515	
1320.2	0.05674638	0.05644949	
1320.4	0.05651991	0.05642384	
1320.6	0.05649833	0.0563982	
1320.8	0.05638357	0.05637257	
1321	0.05590536	0.05634695	
1321.2	0.05592479	0.05632135	
1321.4	0.05544867	0.05629575	
1321.6	0.05529393	0.05627017	
1321.8	0.05528654	0.0562446	
1322	0.05492867	0.05621904	
1322.2	0.05467188	0.05619349	
1322.4	0.05467255	0.05616796	
1322.6	0.05487496	0.05614243	
1322.8	0.05494747	0.05611692	
1323	0.05517929	0.05609142	
1323.2	0.05553439	0.05606593	
1323.4	0.05542116	0.05604045	
1323.6	0.05542537	0.05601498	
1323.8	0.05547107	0.05598953	
1324	0.05544365	0.05596409	
1324.2	0.05537855	0.05593865	
1324.4	0.05511549	0.05591323	
1324.6	0.05512189	0.05588782	
1324.8	0.05497254	0.05586243	
1325	0.0550783	0.05583704	
1325.2	0.05528132	0.05581167	
1325.4	0.05499298	0.05578631	
1325.6	0.05528244	0.05576096	
1325.8	0.05547943	0.05573562	
1326	0.0555688	0.05571029	
1326.2	0.05561008	0.05568497	
1326.4	0.05546151	0.05565967	
1326.6	0.05550253	0.05563437	
1326.8	0.05554515	0.05560909	
1327	0.05574832	0.05558382	
1327.2	0.05568436	0.05555856	
1327.4	0.05579983	0.05553331	
1327.6	0.05620903	0.05550808	
1327.8	0.056479	0.05548285	
1328	0.05650264	0.05545764	
1328.2	0.05640788	0.05543244	
1328.4	0.05623314	0.05540725	
1328.6	0.05622214	0.05538207	
1328.8	0.05581699	0.0553569	
1329	0.05578032	0.05533175	
1329.2	0.05552672	0.0553066	
1329.4	0.05529594	0.05528147	
1329.6	0.0557283	0.05525635	
1329.8	0.05546333	0.05523124	
1330	0.05530024	0.05520614	
1330.2	0.05463396	0.05518105	
1330.4	0.05396284	0.05515598	
1330.6	0.05392309	0.05513091	
1330.8	0.05401436	0.05510586	
1331	0.05444206	0.05508082	
1331.2	0.05420233	0.05505579	
1331.4	0.0545605	0.05503077	
1331.6	0.05448621	0.05500576	
1331.8	0.05450526	0.05498077	
1332	0.05467615	0.05495578	
1332.2	0.05469333	0.05493081	
1332.4	0.05472834	0.05490585	
1332.6	0.05467252	0.05488089	
1332.8	0.05467398	0.05485595	
1333	0.05535202	0.05483103	
1333.2	0.05564643	0.05480611	
1333.4	0.05627505	0.0547812	
1333.6	0.05616226	0.05475631	
1333.8	0.05588043	0.05473143	
1334	0.05536041	0.05470656	
1334.2	0.05464762	0.0546817	
1334.4	0.05460129	0.05465685	
1334.6	0.0550798	0.05463201	
1334.8	0.0550169	0.05460718	
1335	0.05489173	0.05458237	
1335.2	0.05415788	0.05455756	
1335.4	0.05389358	0.05453277	
1335.6	0.05340525	0.05450799	
1335.8	0.05347608	0.05448322	
1336	0.05351268	0.05445846	
1336.2	0.05310686	0.05443371	
1336.4	0.05302025	0.05440898	
1336.6	0.05296171	0.05438425	
1336.8	0.05331641	0.05435954	
1337	0.05392643	0.05433484	
1337.2	0.05361061	0.05431015	
1337.4	0.05368079	0.05428547	
1337.6	0.05312889	0.0542608	
1337.8	0.05288347	0.05423614	
1338	0.05248293	0.05421149	
1338.2	0.05252347	0.05418686	
1338.4	0.05299166	0.05416223	
1338.6	0.05283501	0.05413762	
1338.8	0.05259354	0.05411302	
1339	0.05245975	0.05408843	
1339.2	0.05221315	0.05406385	
1339.4	0.05202941	0.05403928	
1339.6	0.05181135	0.05401472	
1339.8	0.05190587	0.05399018	
1340	0.0515949	0.05396564	
1340.2	0.05144024	0.05394112	
1340.4	0.05138055	0.05391661	
1340.6	0.05131205	0.05389211	
1340.8	0.05167124	0.05386762	
1341	0.05187377	0.05384314	
1341.2	0.05159546	0.05381867	
1341.4	0.0521837	0.05379421	
1341.6	0.05215006	0.05376977	
1341.8	0.05225688	0.05374533	
1342	0.05279769	0.05372091	
1342.2	0.05252325	0.0536965	
1342.4	0.05244815	0.0536721	
1342.6	0.05235367	0.0536477	
1342.8	0.05258109	0.05362333	
1343	0.05226282	0.05359896	
1343.2	0.05252836	0.0535746	
1343.4	0.05213632	0.05355026	
1343.6	0.0521073	0.05352592	
1343.8	0.05211351	0.0535016	
1344	0.05209964	0.05347728	
1344.2	0.05217453	0.05345298	
1344.4	0.05217754	0.05342869	
1344.6	0.05221919	0.05340441	
1344.8	0.05252029	0.05338014	
1345	0.05261921	0.05335589	
1345.2	0.05252351	0.05333164	
1345.4	0.05278575	0.0533074	
1345.6	0.05260268	0.05328318	
1345.8	0.05283227	0.05325897	
1346	0.05265984	0.05323476	
1346.2	0.05221932	0.05321057	
1346.4	0.05235411	0.05318639	
1346.6	0.05277339	0.05316222	
1346.8	0.05287001	0.05313806	
1347	0.05275292	0.05311392	
1347.2	0.05293417	0.05308978	
1347.4	0.05233716	0.05306566	
1347.6	0.05246769	0.05304154	
1347.8	0.05224292	0.05301744	
1348	0.05244522	0.05299334	
1348.2	0.05208622	0.05296926	
1348.4	0.05188852	0.05294519	
1348.6	0.05183457	0.05292113	
1348.8	0.05183092	0.05289708	
1349	0.05138104	0.05287305	
1349.2	0.05106427	0.05284902	
1349.4	0.0511111	0.052825	
1349.6	0.05086743	0.052801	
1349.8	0.05090271	0.052777	
1350	0.05072871	0.05275302	
1350.2	0.05109295	0.05272905	
1350.4	0.05142522	0.05270509	
1350.6	0.05168902	0.05268113	
1350.8	0.05143537	0.05265719	
1351	0.05172253	0.05263327	
1351.2	0.05167107	0.05260935	
1351.4	0.05167511	0.05258544	
1351.6	0.05191004	0.05256154	
1351.8	0.05201861	0.05253766	
1352	0.05207669	0.05251378	
1352.2	0.05175754	0.05248992	
1352.4	0.05184134	0.05246607	
1352.6	0.05203649	0.05244223	
1352.8	0.05182353	0.05241839	
1353	0.05149018	0.05239457	
1353.2	0.05158462	0.05237076	
1353.4	0.05130895	0.05234697	
1353.6	0.05076939	0.05232318	
1353.8	0.05107817	0.0522994	
1354	0.05090507	0.05227563	
1354.2	0.05078689	0.05225188	
1354.4	0.05053337	0.05222813	
1354.6	0.05001572	0.0522044	
1354.8	0.04983874	0.05218068	
1355	0.05000217	0.05215696	
1355.2	0.05008445	0.05213326	
1355.4	0.05048757	0.05210957	
1355.6	0.05043483	0.05208589	
1355.8	0.05047291	0.05206222	
1356	0.05008888	0.05203856	
1356.2	0.05006747	0.05201492	
1356.4	0.05020801	0.05199128	
1356.6	0.05038734	0.05196765	
1356.8	0.05039596	0.05194404	
1357	0.05055604	0.05192043	
1357.2	0.05030143	0.05189684	
1357.4	0.05016414	0.05187325	
1357.6	0.05039672	0.05184968	
1357.8	0.05074524	0.05182612	
1358	0.05039271	0.05180257	
1358.2	0.04993682	0.05177903	
1358.4	0.04971454	0.0517555	
1358.6	0.04959887	0.05173198	
1358.8	0.04961498	0.05170847	
1359	0.04952243	0.05168497	
1359.2	0.0497094	0.05166149	
1359.4	0.0497621	0.05163801	
1359.6	0.04932342	0.05161454	
1359.8	0.04957967	0.05159109	
1360	0.0494187	0.05156764	
1360.2	0.04957565	0.05154421	
1360.4	0.04942185	0.05152079	
1360.6	0.04952083	0.05149737	
1360.8	0.04936683	0.05147397	
1361	0.04962192	0.05145058	
1361.2	0.04905449	0.0514272	
1361.4	0.04898289	0.05140383	
1361.6	0.04923903	0.05138047	
1361.8	0.04905384	0.05135712	
1362	0.0487951	0.05133378	
1362.2	0.04860404	0.05131046	
1362.4	0.04882749	0.05128714	
1362.6	0.04913113	0.05126383	
1362.8	0.0490975	0.05124054	
1363	0.04912835	0.05121725	
1363.2	0.04962681	0.05119398	
1363.4	0.04987023	0.05117071	
1363.6	0.05005224	0.05114746	
1363.8	0.05039019	0.05112422	
1364	0.05016141	0.05110099	
1364.2	0.05032948	0.05107776	
1364.4	0.0503164	0.05105455	
1364.6	0.05015308	0.05103135	
1364.8	0.05001239	0.05100816	
1365	0.04949078	0.05098498	
1365.2	0.04862323	0.05096181	
1365.4	0.04873888	0.05093865	
1365.6	0.04886422	0.05091551	
1365.8	0.04855841	0.05089237	
1366	0.04844517	0.05086924	
1366.2	0.04864986	0.05084613	
1366.4	0.0487103	0.05082302	
1366.6	0.04898186	0.05079992	
1366.8	0.04898373	0.05077684	
1367	0.04912158	0.05075377	
1367.2	0.04951483	0.0507307	
1367.4	0.04921936	0.05070765	
1367.6	0.04964797	0.0506846	
1367.8	0.04978258	0.05066157	
1368	0.05005171	0.05063855	
1368.2	0.05053053	0.05061554	
1368.4	0.05038173	0.05059254	
1368.6	0.05032596	0.05056955	
1368.8	0.05035367	0.05054657	
1369	0.0500572	0.0505236	
1369.2	0.05043101	0.05050064	
1369.4	0.05053529	0.05047769	
1369.6	0.0501814	0.05045475	
1369.8	0.05014323	0.05043182	
1370	0.04975734	0.0504089	
1370.2	0.04949713	0.050386	
1370.4	0.04936362	0.0503631	
1370.6	0.04934637	0.05034021	
1370.8	0.04913287	0.05031734	
1371	0.0485312	0.05029447	
1371.2	0.04872304	0.05027162	
1371.4	0.0484108	0.05024877	
1371.6	0.04850058	0.05022594	
1371.8	0.04815758	0.05020311	
1372	0.04790082	0.0501803	
1372.2	0.0471757	0.0501575	
1372.4	0.04706921	0.0501347	
1372.6	0.04681956	0.05011192	
1372.8	0.04646132	0.05008915	
1373	0.04639151	0.05006639	
1373.2	0.0463733	0.05004363	
1373.4	0.04558004	0.05002089	
1373.6	0.04574901	0.04999816	
1373.8	0.04575011	0.04997544	
1374	0.04578675	0.04995273	
1374.2	0.04631083	0.04993003	
1374.4	0.04700125	0.04990734	
1374.6	0.04725844	0.04988466	
1374.8	0.04755656	0.04986199	
1375	0.04741853	0.04983934	
1375.2	0.04786175	0.04981669	
1375.4	0.04755266	0.04979405	
1375.6	0.04753049	0.04977142	
1375.8	0.04734538	0.0497488	
1376	0.04744249	0.0497262	
1376.2	0.04742349	0.0497036	
1376.4	0.04797812	0.04968101	
1376.6	0.04765214	0.04965844	
1376.8	0.04755642	0.04963587	
1377	0.04757477	0.04961331	
1377.2	0.04780292	0.04959077	
1377.4	0.04767223	0.04956823	
1377.6	0.04806841	0.04954571	
1377.8	0.04787689	0.04952319	
1378	0.04829719	0.04950069	
1378.2	0.0487229	0.04947819	
1378.4	0.04889005	0.04945571	
1378.6	0.04905666	0.04943323	
1378.8	0.04917487	0.04941077	
1379	0.04882834	0.04938832	
1379.2	0.04876413	0.04936587	
1379.4	0.04859047	0.04934344	
1379.6	0.04814336	0.04932102	
1379.8	0.0483219	0.0492986	
1380	0.04855376	0.0492762	
1380.2	0.04815747	0.04925381	
1380.4	0.04803196	0.04923143	
1380.6	0.04787989	0.04920905	
1380.8	0.04747478	0.04918669	
1381	0.04738708	0.04916434	
1381.2	0.04738154	0.049142	
1381.4	0.04679419	0.04911967	
1381.6	0.0462953	0.04909735	
1381.8	0.04607412	0.04907503	
1382	0.04626208	0.04905273	
1382.2	0.04641468	0.04903044	
1382.4	0.04639168	0.04900816	
1382.6	0.04689356	0.04898589	
1382.8	0.0469706	0.04896363	
1383	0.04685465	0.04894138	
1383.2	0.04693544	0.04891914	
1383.4	0.04710441	0.04889691	
1383.6	0.04685475	0.04887469	
1383.8	0.04776434	0.04885248	
1384	0.04767585	0.04883028	
1384.2	0.04790543	0.04880809	
1384.4	0.04799938	0.04878591	
1384.6	0.04807316	0.04876374	
1384.8	0.04772673	0.04874158	
1385	0.04788051	0.04871943	
1385.2	0.04788617	0.04869729	
1385.4	0.04755458	0.04867516	
1385.6	0.04760254	0.04865304	
1385.8	0.04755636	0.04863093	
1386	0.04739321	0.04860883	
1386.2	0.04714232	0.04858674	
1386.4	0.04720743	0.04856467	
1386.6	0.04727057	0.0485426	
1386.8	0.04731078	0.04852054	
1387	0.04758692	0.04849849	
1387.2	0.04769931	0.04847645	
1387.4	0.04785117	0.04845442	
1387.6	0.04776343	0.0484324	
1387.8	0.04821049	0.04841039	
1388	0.04812565	0.04838839	
1388.2	0.04837396	0.0483664	
1388.4	0.0480404	0.04834442	
1388.6	0.04813874	0.04832246	
1388.8	0.04807435	0.0483005	
1389	0.04786848	0.04827855	
1389.2	0.04743414	0.04825661	
1389.4	0.04747355	0.04823468	
1389.6	0.04745541	0.04821276	
1389.8	0.04685554	0.04819085	
1390	0.04619451	0.04816895	
1390.2	0.04608211	0.04814706	
1390.4	0.04620459	0.04812518	
1390.6	0.04608353	0.04810331	
1390.8	0.04619164	0.04808145	
1391	0.04622419	0.0480596	
1391.2	0.04580531	0.04803776	
1391.4	0.04591969	0.04801593	
1391.6	0.04613901	0.04799411	
1391.8	0.04660124	0.0479723	
1392	0.0470099	0.0479505	
1392.2	0.04718036	0.04792871	
1392.4	0.04721887	0.04790693	
1392.6	0.04763014	0.04788516	
1392.8	0.04764798	0.0478634	
1393	0.04747712	0.04784165	
1393.2	0.0477287	0.04781991	
1393.4	0.04821984	0.04779818	
1393.6	0.04779298	0.04777646	
1393.8	0.04713791	0.04775475	
1394	0.04650816	0.04773305	
1394.2	0.04631369	0.04771136	
1394.4	0.04601661	0.04768968	
1394.6	0.04567556	0.047668	
1394.8	0.04524342	0.04764634	
1395	0.04496883	0.04762469	
1395.2	0.04489887	0.04760305	
1395.4	0.04533292	0.04758142	
1395.6	0.04570058	0.04755979	
1395.8	0.04608532	0.04753818	
1396	0.046326	0.04751658	
1396.2	0.046026	0.04749499	
1396.4	0.04627784	0.0474734	
1396.6	0.0465956	0.04745183	
1396.8	0.04651308	0.04743027	
1397	0.04674724	0.04740871	
1397.2	0.04704995	0.04738717	
1397.4	0.04694886	0.04736564	
1397.6	0.04671934	0.04734411	
1397.8	0.04586246	0.0473226	
1398	0.0457191	0.04730109	
1398.2	0.04551711	0.0472796	
1398.4	0.04509164	0.04725811	
1398.6	0.04465179	0.04723664	
1398.8	0.04439744	0.04721517	
1399	0.04454865	0.04719371	
1399.2	0.0448611	0.04717227	
1399.4	0.04496209	0.04715083	
1399.6	0.04522031	0.04712941	
1399.8	0.04510182	0.04710799	
1400	0.04510592	0.04708658	
1400.2	0.04498271	0.04706518	
1400.4	0.04521015	0.0470438	
1400.6	0.04543021	0.04702242	
1400.8	0.04544215	0.04700105	
1401	0.04567885	0.04697969	
1401.2	0.04599853	0.04695834	
1401.4	0.04586758	0.046937	
1401.6	0.04620667	0.04691567	
1401.8	0.04578956	0.04689435	
1402	0.04622347	0.04687304	
1402.2	0.04609841	0.04685174	
1402.4	0.0458484	0.04683045	
1402.6	0.04595987	0.04680917	
1402.8	0.04625475	0.0467879	
1403	0.04599397	0.04676664	
1403.2	0.04613809	0.04674539	
1403.4	0.04607977	0.04672414	
1403.6	0.04573938	0.04670291	
1403.8	0.04531506	0.04668169	
1404	0.04527599	0.04666047	
1404.2	0.04508656	0.04663927	
1404.4	0.0451099	0.04661808	
1404.6	0.0451773	0.04659689	
1404.8	0.04492718	0.04657572	
1405	0.04486995	0.04655455	
1405.2	0.04480445	0.04653339	
1405.4	0.04447062	0.04651225	
1405.6	0.04467927	0.04649111	
1405.8	0.04468439	0.04646999	
1406	0.0447809	0.04644887	
1406.2	0.04496439	0.04642776	
1406.4	0.04486701	0.04640666	
1406.6	0.04479798	0.04638557	
1406.8	0.04446473	0.04636449	
1407	0.04412772	0.04634343	
1407.2	0.04439356	0.04632237	
1407.4	0.04399858	0.04630132	
1407.6	0.04350038	0.04628027	
1407.8	0.0433068	0.04625924	
1408	0.04350357	0.04623822	
1408.2	0.04358796	0.04621721	
1408.4	0.04375167	0.04619621	
1408.6	0.04364809	0.04617522	
1408.8	0.04356404	0.04615423	
1409	0.04328747	0.04613326	
1409.2	0.04313874	0.04611229	
1409.4	0.04325785	0.04609134	
1409.6	0.04336418	0.04607039	
1409.8	0.04375901	0.04604946	
1410	0.04401145	0.04602853	
1410.2	0.04415843	0.04600762	
1410.4	0.04397508	0.04598671	
1410.6	0.04410775	0.04596581	
1410.8	0.04463583	0.04594492	
1411	0.04487894	0.04592404	
1411.2	0.04481306	0.04590317	
1411.4	0.04444984	0.04588231	
1411.6	0.0445464	0.04586146	
1411.8	0.04486602	0.04584062	
1412	0.04512016	0.04581979	
1412.2	0.04489663	0.04579897	
1412.4	0.04514633	0.04577816	
1412.6	0.04518765	0.04575736	
1412.8	0.04510451	0.04573656	
1413	0.04452269	0.04571578	
1413.2	0.04447019	0.045695	
1413.4	0.04458779	0.04567424	
1413.6	0.04403924	0.04565348	
1413.8	0.04394507	0.04563274	
1414	0.04420429	0.045612	
1414.2	0.04407709	0.04559127	
1414.4	0.04413733	0.04557055	
1414.6	0.04453239	0.04554985	
1414.8	0.0448522	0.04552915	
1415	0.04463925	0.04550846	
1415.2	0.04461515	0.04548778	
1415.4	0.04479981	0.04546711	
1415.6	0.04517577	0.04544644	
1415.8	0.04555331	0.04542579	
1416	0.04521852	0.04540515	
1416.2	0.045344	0.04538452	
1416.4	0.04588901	0.04536389	
1416.6	0.04573132	0.04534328	
1416.8	0.04528474	0.04532267	
1417	0.04479854	0.04530208	
1417.2	0.0447671	0.04528149	
1417.4	0.04469157	0.04526091	
1417.6	0.04426736	0.04524034	
1417.8	0.04479434	0.04521979	
1418	0.04542557	0.04519924	
1418.2	0.04498273	0.0451787	
1418.4	0.04488194	0.04515817	
1418.6	0.04508485	0.04513764	
1418.8	0.04506496	0.04511713	
1419	0.04510581	0.04509663	
1419.2	0.04519901	0.04507614	
1419.4	0.04514443	0.04505565	
1419.6	0.04476053	0.04503518	
1419.8	0.04473935	0.04501471	
1420	0.04428619	0.04499426	
1420.2	0.04412571	0.04497381	
1420.4	0.04449283	0.04495337	
1420.6	0.04437455	0.04493295	
1420.8	0.04404939	0.04491253	
1421	0.04393698	0.04489212	
1421.2	0.04369901	0.04487172	
1421.4	0.04343072	0.04485133	
1421.6	0.04368667	0.04483094	
1421.8	0.04409863	0.04481057	
1422	0.04373156	0.04479021	
1422.2	0.04323439	0.04476985	
1422.4	0.04332535	0.04474951	
1422.6	0.04307113	0.04472917	
1422.8	0.04275041	0.04470885	
1423	0.04276894	0.04468853	
1423.2	0.04248194	0.04466822	
1423.4	0.04181872	0.04464792	
1423.6	0.04173829	0.04462764	
1423.8	0.04204492	0.04460736	
1424	0.04190821	0.04458708	
1424.2	0.04186232	0.04456682	
1424.4	0.042002	0.04454657	
1424.6	0.04205755	0.04452633	
1424.8	0.04193726	0.04450609	
1425	0.04190853	0.04448587	
1425.2	0.04169128	0.04446565	
1425.4	0.04195497	0.04444545	
1425.6	0.04240513	0.04442525	
1425.8	0.0423489	0.04440506	
1426	0.04225191	0.04438488	
1426.2	0.04223244	0.04436471	
1426.4	0.04229906	0.04434455	
1426.6	0.04219412	0.0443244	
1426.8	0.04252397	0.04430426	
1427	0.04264781	0.04428412	
1427.2	0.04253139	0.044264	
1427.4	0.04252245	0.04424389	
1427.6	0.04305064	0.04422378	
1427.8	0.04282139	0.04420368	
1428	0.04252965	0.0441836	
1428.2	0.04250096	0.04416352	
1428.4	0.04224926	0.04414345	
1428.6	0.04239195	0.04412339	
1428.8	0.0424122	0.04410334	
1429	0.0422696	0.0440833	
1429.2	0.0421429	0.04406326	
1429.4	0.04223457	0.04404324	
1429.6	0.04208736	0.04402323	
1429.8	0.04210369	0.04400322	
1430	0.0418677	0.04398322	
1430.2	0.04180472	0.04396324	
1430.4	0.04177203	0.04394326	
1430.6	0.04172316	0.04392329	
1430.8	0.04176138	0.04390333	
1431	0.04144046	0.04388338	
1431.2	0.04118753	0.04386344	
1431.4	0.04100984	0.0438435	
1431.6	0.0410936	0.04382358	
1431.8	0.04083348	0.04380367	
1432	0.04087004	0.04378376	
1432.2	0.04092009	0.04376386	
1432.4	0.04058511	0.04374398	
1432.6	0.04072081	0.0437241	
1432.8	0.04120579	0.04370423	
1433	0.04143785	0.04368437	
1433.2	0.04172152	0.04366452	
1433.4	0.04196063	0.04364467	
1433.6	0.04188651	0.04362484	
1433.8	0.0421615	0.04360502	
1434	0.04211592	0.0435852	
1434.2	0.04221583	0.04356539	
1434.4	0.04185378	0.0435456	
1434.6	0.04155244	0.04352581	
1434.8	0.04157122	0.04350603	
1435	0.041113	0.04348626	
1435.2	0.04079966	0.0434665	
1435.4	0.04062689	0.04344674	
1435.6	0.0405797	0.043427	
1435.8	0.04026456	0.04340727	
1436	0.04029449	0.04338754	
1436.2	0.04014714	0.04336782	
1436.4	0.03996921	0.04334812	
1436.6	0.040185	0.04332842	
1436.8	0.04043893	0.04330873	
1437	0.04063233	0.04328905	
1437.2	0.04064812	0.04326938	
1437.4	0.0408422	0.04324971	
1437.6	0.04152935	0.04323006	
1437.8	0.04193496	0.04321041	
1438	0.04200489	0.04319078	
1438.2	0.04196065	0.04317115	
1438.4	0.04203249	0.04315153	
1438.6	0.04220213	0.04313192	
1438.8	0.04249487	0.04311232	
1439	0.04231026	0.04309273	
1439.2	0.04238758	0.04307315	
1439.4	0.04244768	0.04305358	
1439.6	0.04248105	0.04303401	
1439.8	0.04247575	0.04301445	
