Conc1	5E-08	
Start1	1020	
Stop1	1439.8	
Kobs	0.00227265916157765	
Error Kobs	4.20353758551911E-05	
Koff	0	
Error Koff	0	
Time1	Data1	Fit1	
1020	0.00414365	0	
1020.2	0.00241239	0.00061687	
1020.4	0.00032373	0.00122837	
1020.6	-0.00126596	0.00183457	
1020.8	-0.0026863	0.0024355	
1021	-0.00415716	0.00303121	
1021.2	-0.0052379	0.00362174	
1021.4	-0.00605082	0.00420714	
1021.6	-0.00664067	0.00478746	
1021.8	-0.00662813	0.00536273	
1022	-0.00606561	0.00593301	
1022.2	-0.00492935	0.00649834	
1022.4	-0.00391981	0.00705875	
1022.6	-0.00331238	0.00761429	
1022.8	-0.0025417	0.00816501	
1023	-0.00196838	0.00871095	
1023.2	-0.00080487	0.00925214	
1023.4	0.00004414	0.00978863	
1023.6	0.00068527	0.01032045	
1023.8	0.00145566	0.01084766	
1024	0.00262179	0.01137029	
1024.2	0.00388423	0.01188838	
1024.4	0.00463877	0.01240197	
1024.6	0.00593104	0.01291109	
1024.8	0.00701242	0.01341579	
1025	0.00745623	0.01391611	
1025.2	0.00858859	0.01441208	
1025.4	0.00952355	0.01490375	
1025.6	0.01019938	0.01539114	
1025.8	0.01102784	0.01587429	
1026	0.01215106	0.01635325	
1026.2	0.01275897	0.01682805	
1026.4	0.01375114	0.01729873	
1026.6	0.01464539	0.01776531	
1026.8	0.01582369	0.01822785	
1027	0.01644404	0.01868636	
1027.2	0.01733407	0.01914089	
1027.4	0.01832469	0.01959147	
1027.6	0.01953456	0.02003814	
1027.8	0.02036998	0.02048093	
1028	0.02137332	0.02091987	
1028.2	0.0222881	0.02135499	
1028.4	0.02282287	0.02178634	
1028.6	0.02381919	0.02221394	
1028.8	0.02411546	0.02263782	
1029	0.02435877	0.02305803	
1029.2	0.02524035	0.02347458	
1029.4	0.02572978	0.02388751	
1029.6	0.02613448	0.02429686	
1029.8	0.02683712	0.02470265	
1030	0.02758922	0.02510491	
1030.2	0.02767249	0.02550368	
1030.4	0.02839097	0.02589899	
1030.6	0.02874394	0.02629086	
1030.8	0.02861733	0.02667932	
1031	0.02886255	0.02706442	
1031.2	0.0295599	0.02744616	
1031.4	0.03059895	0.02782459	
1031.6	0.03144408	0.02819974	
1031.8	0.03224402	0.02857162	
1032	0.03286483	0.02894027	
1032.2	0.03386906	0.02930572	
1032.4	0.03403091	0.029668	
1032.6	0.03499317	0.03002713	
1032.8	0.03524815	0.03038314	
1033	0.0358985	0.03073605	
1033.2	0.03625447	0.0310859	
1033.4	0.03681486	0.03143271	
1033.6	0.037438	0.03177651	
1033.8	0.03791595	0.03211732	
1034	0.03793162	0.03245517	
1034.2	0.03827763	0.03279009	
1034.4	0.03867036	0.03312209	
1034.6	0.03849653	0.03345121	
1034.8	0.03862671	0.03377748	
1035	0.03917761	0.0341009	
1035.2	0.03970838	0.03442152	
1035.4	0.04028775	0.03473935	
1035.6	0.04086876	0.03505442	
1035.8	0.04089031	0.03536676	
1036	0.04114245	0.03567638	
1036.2	0.04154416	0.03598331	
1036.4	0.04150592	0.03628758	
1036.6	0.04173526	0.0365892	
1036.8	0.04221231	0.0368882	
1037	0.04236721	0.0371846	
1037.2	0.04260601	0.03747843	
1037.4	0.04281593	0.03776971	
1037.6	0.04299842	0.03805845	
1037.8	0.04323474	0.03834469	
1038	0.04363785	0.03862844	
1038.2	0.04422376	0.03890973	
1038.4	0.04468792	0.03918857	
1038.6	0.04510286	0.03946499	
1038.8	0.04573244	0.039739	
1039	0.04619977	0.04001064	
1039.2	0.04669699	0.04027992	
1039.4	0.04704602	0.04054686	
1039.6	0.04760357	0.04081148	
1039.8	0.04750709	0.0410738	
1040	0.0477327	0.04133384	
1040.2	0.04793854	0.04159162	
1040.4	0.0481673	0.04184716	
1040.6	0.0479347	0.04210049	
1040.8	0.04810656	0.04235161	
1041	0.04780372	0.04260055	
1041.2	0.04780151	0.04284733	
1041.4	0.0473326	0.04309196	
1041.6	0.04747025	0.04333447	
1041.8	0.04770344	0.04357487	
1042	0.04816454	0.04381319	
1042.2	0.04803047	0.04404943	
1042.4	0.04873303	0.04428362	
1042.6	0.04897238	0.04451578	
1042.8	0.04933182	0.04474592	
1043	0.05015013	0.04497406	
1043.2	0.0503589	0.04520022	
1043.4	0.05057063	0.04542441	
1043.6	0.05104812	0.04564666	
1043.8	0.05136833	0.04586697	
1044	0.05201911	0.04608537	
1044.2	0.05224218	0.04630188	
1044.4	0.05222849	0.0465165	
1044.6	0.05200034	0.04672926	
1044.8	0.05185882	0.04694017	
1045	0.05196054	0.04714925	
1045.2	0.05226863	0.04735651	
1045.4	0.0520965	0.04756197	
1045.6	0.05218878	0.04776565	
1045.8	0.05227039	0.04796755	
1046	0.05217736	0.04816771	
1046.2	0.05183902	0.04836612	
1046.4	0.05242738	0.04856281	
1046.6	0.05225998	0.04875779	
1046.8	0.0524045	0.04895108	
1047	0.05252476	0.04914269	
1047.2	0.05226328	0.04933263	
1047.4	0.05239424	0.04952092	
1047.6	0.05284505	0.04970758	
1047.8	0.05278565	0.04989262	
1048	0.05271473	0.05007605	
1048.2	0.0525853	0.05025788	
1048.4	0.05276295	0.05043814	
1048.6	0.0525216	0.05061683	
1048.8	0.05225095	0.05079397	
1049	0.05258344	0.05096956	
1049.2	0.05242273	0.05114364	
1049.4	0.05231656	0.0513162	
1049.6	0.05254052	0.05148726	
1049.8	0.05256026	0.05165683	
1050	0.05266445	0.05182494	
1050.2	0.05280484	0.05199158	
1050.4	0.05306465	0.05215677	
1050.6	0.05315269	0.05232053	
1050.8	0.05342764	0.05248287	
1051	0.05341333	0.0526438	
1051.2	0.05357139	0.05280332	
1051.4	0.05380423	0.05296147	
1051.6	0.05376164	0.05311823	
1051.8	0.05358727	0.05327364	
1052	0.05359774	0.0534277	
1052.2	0.05388683	0.05358042	
1052.4	0.05332514	0.05373181	
1052.6	0.0528549	0.05388188	
1052.8	0.05277728	0.05403066	
1053	0.05268597	0.05417814	
1053.2	0.05215519	0.05432434	
1053.4	0.05238408	0.05446926	
1053.6	0.05288234	0.05461293	
1053.8	0.0531481	0.05475536	
1054	0.05356769	0.05489654	
1054.2	0.05395653	0.0550365	
1054.4	0.05448814	0.05517524	
1054.6	0.05488678	0.05531278	
1054.8	0.05492068	0.05544912	
1055	0.05518137	0.05558427	
1055.2	0.05557914	0.05571826	
1055.4	0.05564711	0.05585108	
1055.6	0.05544023	0.05598274	
1055.8	0.05550206	0.05611326	
1056	0.05534815	0.05624265	
1056.2	0.05533617	0.05637091	
1056.4	0.0545988	0.05649806	
1056.6	0.05439925	0.05662411	
1056.8	0.05405604	0.05674906	
1057	0.05383877	0.05687292	
1057.2	0.05368803	0.05699571	
1057.4	0.05386825	0.05711743	
1057.6	0.05434197	0.0572381	
1057.8	0.05475681	0.05735771	
1058	0.05501417	0.05747629	
1058.2	0.05523091	0.05759383	
1058.4	0.05528176	0.05771036	
1058.6	0.0551414	0.05782587	
1058.8	0.05526558	0.05794038	
1059	0.05530733	0.0580539	
1059.2	0.05532115	0.05816643	
1059.4	0.05529955	0.05827798	
1059.6	0.05507782	0.05838856	
1059.8	0.05516822	0.05849818	
1060	0.05534349	0.05860685	
1060.2	0.0554028	0.05871457	
1060.4	0.05500489	0.05882136	
1060.6	0.05527643	0.05892722	
1060.8	0.05526022	0.05903216	
1061	0.05518812	0.05913619	
1061.2	0.05519947	0.05923932	
1061.4	0.05507625	0.05934155	
1061.6	0.05532903	0.05944289	
1061.8	0.05533856	0.05954336	
1062	0.05484464	0.05964294	
1062.2	0.05467948	0.05974167	
1062.4	0.0545602	0.05983953	
1062.6	0.05398364	0.05993655	
1062.8	0.05414517	0.06003272	
1063	0.05391412	0.06012806	
1063.2	0.05428717	0.06022257	
1063.4	0.05441918	0.06031626	
1063.6	0.05414809	0.06040913	
1063.8	0.05419271	0.0605012	
1064	0.05462032	0.06059247	
1064.2	0.05495669	0.06068294	
1064.4	0.05510681	0.06077263	
1064.6	0.05544115	0.06086154	
1064.8	0.05518528	0.06094968	
1065	0.0551527	0.06103705	
1065.2	0.05527642	0.06112366	
1065.4	0.05525252	0.06120952	
1065.6	0.05526981	0.06129464	
1065.8	0.05513298	0.06137901	
1066	0.05502878	0.06146265	
1066.2	0.05536046	0.06154557	
1066.4	0.05535674	0.06162776	
1066.6	0.05520423	0.06170925	
1066.8	0.05572761	0.06179002	
1067	0.0557554	0.06187009	
1067.2	0.05584385	0.06194947	
1067.4	0.0557509	0.06202815	
1067.6	0.055446	0.06210615	
1067.8	0.05515806	0.06218348	
1068	0.05558188	0.06226013	
1068.2	0.05553504	0.06233612	
1068.4	0.0551256	0.06241145	
1068.6	0.05488451	0.06248612	
1068.8	0.05488887	0.06256014	
1069	0.05500042	0.06263352	
1069.2	0.05493788	0.06270627	
1069.4	0.05542061	0.06277838	
1069.6	0.05522598	0.06284986	
1069.8	0.05530276	0.06292073	
1070	0.05579357	0.06299098	
1070.2	0.05591504	0.06306061	
1070.4	0.05608058	0.06312965	
1070.6	0.05621789	0.06319808	
1070.8	0.05636313	0.06326592	
1071	0.05617995	0.06333317	
1071.2	0.05605854	0.06339983	
1071.4	0.05604794	0.06346592	
1071.6	0.0559814	0.06353143	
1071.8	0.05568554	0.06359638	
1072	0.05551278	0.06366075	
1072.2	0.05495749	0.06372457	
1072.4	0.0546174	0.06378784	
1072.6	0.05472074	0.06385055	
1072.8	0.05430235	0.06391273	
1073	0.05428889	0.06397436	
1073.2	0.05448535	0.06403545	
1073.4	0.05520372	0.06409602	
1073.6	0.05474032	0.06415605	
1073.8	0.05495319	0.06421557	
1074	0.05551535	0.06427457	
1074.2	0.05524263	0.06433306	
1074.4	0.05546517	0.06439104	
1074.6	0.05557598	0.06444851	
1074.8	0.05578217	0.06450549	
1075	0.05585048	0.06456197	
1075.2	0.05598694	0.06461796	
1075.4	0.05589042	0.06467346	
1075.6	0.05564976	0.06472848	
1075.8	0.05536448	0.06478303	
1076	0.05492276	0.0648371	
1076.2	0.0550326	0.0648907	
1076.4	0.05511883	0.06494383	
1076.6	0.05504293	0.0649965	
1076.8	0.05489928	0.06504872	
1077	0.055261	0.06510048	
1077.2	0.05556386	0.06515179	
1077.4	0.05595872	0.06520266	
1077.6	0.05554048	0.06525308	
1077.8	0.05609037	0.06530307	
1078	0.05640315	0.06535262	
1078.2	0.05620753	0.06540174	
1078.4	0.05645585	0.06545044	
1078.6	0.05716481	0.06549871	
1078.8	0.05743276	0.06554656	
1079	0.05723745	0.065594	
1079.2	0.05737933	0.06564102	
1079.4	0.05710787	0.06568764	
1079.6	0.05678113	0.06573385	
1079.8	0.05691278	0.06577966	
1080	0.05691315	0.06582507	
1080.2	0.0568728	0.06587009	
1080.4	0.05655636	0.06591471	
1080.6	0.05623618	0.06595895	
1080.8	0.05627573	0.06600281	
1081	0.05599299	0.06604628	
1081.2	0.05586807	0.06608938	
1081.4	0.05591845	0.0661321	
1081.6	0.05564619	0.06617445	
1081.8	0.05587169	0.06621643	
1082	0.05592189	0.06625805	
1082.2	0.05597286	0.0662993	
1082.4	0.05629565	0.0663402	
1082.6	0.05628749	0.06638074	
1082.8	0.05614215	0.06642093	
1083	0.05584419	0.06646077	
1083.2	0.05617041	0.06650027	
1083.4	0.05589714	0.06653942	
1083.6	0.05551642	0.06657823	
1083.8	0.05535457	0.0666167	
1084	0.05502827	0.06665484	
1084.2	0.05472488	0.06669265	
1084.4	0.05472895	0.06673013	
1084.6	0.05493515	0.06676729	
1084.8	0.05499276	0.06680412	
1085	0.05490676	0.06684063	
1085.2	0.05504937	0.06687682	
1085.4	0.05564051	0.0669127	
1085.6	0.05535695	0.06694827	
1085.8	0.05551475	0.06698353	
1086	0.0557709	0.06701849	
1086.2	0.05538439	0.06705313	
1086.4	0.05510631	0.06708748	
1086.6	0.05500179	0.06712153	
1086.8	0.05514615	0.06715529	
1087	0.05482315	0.06718875	
1087.2	0.05512731	0.06722192	
1087.4	0.05484396	0.0672548	
1087.6	0.05464892	0.0672874	
1087.8	0.05467694	0.06731971	
1088	0.05495265	0.06735174	
1088.2	0.05504786	0.0673835	
1088.4	0.05500582	0.06741498	
1088.6	0.05509707	0.06744618	
1088.8	0.05500574	0.06747712	
1089	0.05489607	0.06750778	
1089.2	0.05496327	0.06753818	
1089.4	0.05487705	0.06756831	
1089.6	0.05436174	0.06759819	
1089.8	0.05459061	0.0676278	
1090	0.05471698	0.06765716	
1090.2	0.05460203	0.06768626	
1090.4	0.05472769	0.06771511	
1090.6	0.05472283	0.0677437	
1090.8	0.05472674	0.06777205	
1091	0.05509096	0.06780016	
1091.2	0.05544998	0.06782801	
1091.4	0.05535825	0.06785563	
1091.6	0.05547584	0.06788301	
1091.8	0.05578159	0.06791015	
1092	0.05577036	0.06793705	
1092.2	0.05545001	0.06796372	
1092.4	0.05557127	0.06799016	
1092.6	0.05524579	0.06801637	
1092.8	0.05498997	0.06804235	
1093	0.05475991	0.0680681	
1093.2	0.05487418	0.06809363	
1093.4	0.05461485	0.06811894	
1093.6	0.05459516	0.06814403	
1093.8	0.05441306	0.0681689	
1094	0.05439953	0.06819356	
1094.2	0.05427321	0.068218	
1094.4	0.05411762	0.06824223	
1094.6	0.05416692	0.06826625	
1094.8	0.0543927	0.06829005	
1095	0.05463427	0.06831366	
1095.2	0.05451736	0.06833706	
1095.4	0.05415653	0.06836025	
1095.6	0.05399088	0.06838324	
1095.8	0.05440922	0.06840604	
1096	0.05445789	0.06842863	
1096.2	0.05469698	0.06845103	
1096.4	0.05524118	0.06847323	
1096.6	0.05505392	0.06849525	
1096.8	0.05517417	0.06851707	
1097	0.05558215	0.0685387	
1097.2	0.05571245	0.06856014	
1097.4	0.0553108	0.0685814	
1097.6	0.05503244	0.06860247	
1097.8	0.05501019	0.06862336	
1098	0.05489251	0.06864406	
1098.2	0.05456325	0.06866459	
1098.4	0.05472332	0.06868494	
1098.6	0.05484781	0.06870511	
1098.8	0.05493046	0.06872511	
1099	0.05483147	0.06874493	
1099.2	0.05435541	0.06876458	
1099.4	0.05378757	0.06878407	
1099.6	0.05378857	0.06880338	
1099.8	0.05404587	0.06882252	
1100	0.05415682	0.0688415	
1100.2	0.0540896	0.06886031	
1100.4	0.0540634	0.06887896	
1100.6	0.05401301	0.06889744	
1100.8	0.05416987	0.06891577	
1101	0.05459783	0.06893394	
1101.2	0.0544446	0.06895195	
1101.4	0.05427497	0.0689698	
1101.6	0.0543881	0.0689875	
1101.8	0.05475244	0.06900504	
1102	0.05454183	0.06902243	
1102.2	0.05453215	0.06903967	
1102.4	0.05498375	0.06905676	
1102.6	0.05509319	0.06907371	
1102.8	0.05499226	0.0690905	
1103	0.05439687	0.06910715	
1103.2	0.05401267	0.06912365	
1103.4	0.0534388	0.06914001	
1103.6	0.05313409	0.06915623	
1103.8	0.05284192	0.06917231	
1104	0.05300335	0.06918825	
1104.2	0.05289875	0.06920405	
1104.4	0.05324703	0.06921971	
1104.6	0.05374024	0.06923524	
1104.8	0.05377933	0.06925063	
1105	0.0536526	0.06926589	
1105.2	0.05372754	0.06928101	
1105.4	0.05384568	0.06929601	
1105.6	0.05393211	0.06931087	
1105.8	0.05416248	0.06932561	
1106	0.05397372	0.06934021	
1106.2	0.05419164	0.06935469	
1106.4	0.05430427	0.06936905	
1106.6	0.0544017	0.06938328	
1106.8	0.05414584	0.06939738	
1107	0.05363994	0.06941136	
1107.2	0.05338755	0.06942523	
1107.4	0.05291602	0.06943897	
1107.6	0.05260922	0.06945259	
1107.8	0.05272965	0.06946609	
1108	0.0530058	0.06947948	
1108.2	0.05292789	0.06949275	
1108.4	0.05318092	0.0695059	
1108.6	0.05321296	0.06951894	
1108.8	0.0526664	0.06953187	
1109	0.05265022	0.06954468	
1109.2	0.05291273	0.06955739	
1109.4	0.05300462	0.06956998	
1109.6	0.05287788	0.06958246	
1109.8	0.05312962	0.06959484	
1110	0.05323538	0.06960711	
1110.2	0.05330772	0.06961927	
1110.4	0.05316725	0.06963132	
1110.6	0.05326697	0.06964327	
1110.8	0.05281681	0.06965512	
1111	0.05270915	0.06966686	
1111.2	0.0526029	0.06967851	
1111.4	0.05268837	0.06969005	
1111.6	0.0525188	0.06970149	
1111.8	0.05255263	0.06971283	
1112	0.05260798	0.06972407	
1112.2	0.05262088	0.06973522	
1112.4	0.05268543	0.06974626	
1112.6	0.05261663	0.06975722	
1112.8	0.052494	0.06976807	
1113	0.05283811	0.06977884	
1113.2	0.05290316	0.06978951	
1113.4	0.05300456	0.06980008	
1113.6	0.05280734	0.06981057	
1113.8	0.05279119	0.06982096	
1114	0.0529043	0.06983126	
1114.2	0.05299121	0.06984148	
1114.4	0.05332577	0.0698516	
1114.6	0.05329102	0.06986164	
1114.8	0.05293515	0.06987159	
1115	0.05317199	0.06988145	
1115.2	0.05319689	0.06989123	
1115.4	0.05333262	0.06990092	
1115.6	0.05306955	0.06991053	
1115.8	0.05278166	0.06992006	
1116	0.05286434	0.0699295	
1116.2	0.0529238	0.06993886	
1116.4	0.05274617	0.06994814	
1116.6	0.05271474	0.06995734	
1116.8	0.05241642	0.06996646	
1117	0.05213784	0.06997549	
1117.2	0.05213221	0.06998446	
1117.4	0.05220847	0.06999334	
1117.6	0.05211097	0.07000214	
1117.8	0.05209798	0.07001087	
1118	0.05229455	0.07001953	
1118.2	0.05222108	0.0700281	
1118.4	0.05204619	0.07003661	
1118.6	0.0519603	0.07004504	
1118.8	0.05156299	0.07005339	
1119	0.05192807	0.07006168	
1119.2	0.05208115	0.07006989	
1119.4	0.05220768	0.07007803	
1119.6	0.05233969	0.0700861	
1119.8	0.0523364	0.0700941	
1120	0.05246481	0.07010203	
1120.2	0.05268511	0.07010989	
1120.4	0.05225481	0.07011769	
1120.6	0.05175072	0.07012541	
1120.8	0.05153049	0.07013307	
1121	0.05141199	0.07014066	
1121.2	0.05143109	0.07014819	
1121.4	0.0513766	0.07015565	
1121.6	0.05083671	0.07016304	
1121.8	0.05088675	0.07017038	
1122	0.05058294	0.07017764	
1122.2	0.0507889	0.07018485	
1122.4	0.05092227	0.07019199	
1122.6	0.05137075	0.07019907	
1122.8	0.05127736	0.07020609	
1123	0.05163703	0.07021305	
1123.2	0.05159903	0.07021994	
1123.4	0.05172361	0.07022678	
1123.6	0.05175942	0.07023356	
1123.8	0.0514957	0.07024028	
1124	0.05118449	0.07024694	
1124.2	0.0512309	0.07025354	
1124.4	0.05099628	0.07026008	
1124.6	0.05095007	0.07026657	
1124.8	0.05107925	0.070273	
1125	0.05090936	0.07027938	
1125.2	0.05101734	0.0702857	
1125.4	0.05133117	0.07029197	
1125.6	0.05084717	0.07029818	
1125.8	0.05080335	0.07030434	
1126	0.05074151	0.07031044	
1126.2	0.05108132	0.07031649	
1126.4	0.05103948	0.07032249	
1126.6	0.05092932	0.07032844	
1126.8	0.05091272	0.07033433	
1127	0.05060248	0.07034017	
1127.2	0.05029036	0.07034597	
1127.4	0.05023729	0.07035171	
1127.6	0.05017289	0.0703574	
1127.8	0.05009498	0.07036304	
1128	0.05007562	0.07036864	
1128.2	0.05082517	0.07037418	
1128.4	0.05109688	0.07037968	
1128.6	0.0510007	0.07038513	
1128.8	0.05127937	0.07039053	
1129	0.05139343	0.07039589	
1129.2	0.05148149	0.0704012	
1129.4	0.0517168	0.07040646	
1129.6	0.05131746	0.07041167	
1129.8	0.05133056	0.07041685	
1130	0.05128789	0.07042197	
1130.2	0.05118503	0.07042705	
1130.4	0.05125725	0.07043209	
1130.6	0.05114408	0.07043709	
1130.8	0.05097111	0.07044204	
1131	0.05042137	0.07044694	
1131.2	0.05020563	0.07045181	
1131.4	0.05001511	0.07045663	
1131.6	0.04999777	0.07046141	
1131.8	0.05006004	0.07046615	
1132	0.05020802	0.07047085	
1132.2	0.05035498	0.07047551	
1132.4	0.05029067	0.07048013	
1132.6	0.0498462	0.0704847	
1132.8	0.04978602	0.07048924	
1133	0.04942735	0.07049374	
1133.2	0.04947194	0.0704982	
1133.4	0.04967071	0.07050262	
1133.6	0.04948773	0.070507	
1133.8	0.04939341	0.07051134	
1134	0.04927715	0.07051565	
1134.2	0.04943446	0.07051991	
1134.4	0.04945372	0.07052414	
1134.6	0.04922022	0.07052834	
1134.8	0.0491309	0.0705325	
1135	0.0492482	0.07053662	
1135.2	0.04955435	0.07054071	
1135.4	0.04950754	0.07054476	
1135.6	0.04965262	0.07054877	
1135.8	0.04980384	0.07055275	
1136	0.04999945	0.0705567	
1136.2	0.04991087	0.07056061	
1136.4	0.04994754	0.07056449	
1136.6	0.04948022	0.07056833	
1136.8	0.04924109	0.07057214	
1137	0.0491735	0.07057592	
1137.2	0.04903456	0.07057966	
1137.4	0.04869036	0.07058337	
1137.6	0.04847616	0.07058705	
1137.8	0.04862857	0.0705907	
1138	0.04874956	0.07059432	
1138.2	0.04874491	0.0705979	
1138.4	0.04885141	0.07060146	
1138.6	0.04897544	0.07060498	
1138.8	0.04922036	0.07060847	
1139	0.04934172	0.07061193	
1139.2	0.04945829	0.07061537	
1139.4	0.04927001	0.07061877	
1139.6	0.0493451	0.07062214	
1139.8	0.04948177	0.07062548	
1140	0.06996853	0.07062881	
1140.2	0.07052495	0.07059672	
1140.4	0.0714164	0.07056464	
1140.6	0.07221129	0.07053257	
1140.8	0.07307284	0.07050052	
1141	0.07374016	0.07046848	
1141.2	0.07458089	0.07043646	
1141.4	0.07547764	0.07040445	
1141.6	0.0762172	0.07037245	
1141.8	0.07684996	0.07034048	
1142	0.07752887	0.07030851	
1142.2	0.07781281	0.07027656	
1142.4	0.07776947	0.07024463	
1142.6	0.07782184	0.0702127	
1142.8	0.07826742	0.0701808	
1143	0.07791065	0.07014891	
1143.2	0.07823134	0.07011703	
1143.4	0.07855738	0.07008516	
1143.6	0.07867853	0.07005332	
1143.8	0.0790848	0.07002148	
1144	0.0792035	0.06998966	
1144.2	0.07914208	0.06995786	
1144.4	0.0794974	0.06992607	
1144.6	0.0795917	0.06989429	
1144.8	0.07923893	0.06986253	
1145	0.07941919	0.06983078	
1145.2	0.07957262	0.06979905	
1145.4	0.07977592	0.06976733	
1145.6	0.07966563	0.06973562	
1145.8	0.07953592	0.06970393	
1146	0.07996833	0.06967226	
1146.2	0.08002813	0.0696406	
1146.4	0.080063	0.06960895	
1146.6	0.08030519	0.06957732	
1146.8	0.08068038	0.0695457	
1147	0.08041583	0.0695141	
1147.2	0.08095346	0.06948251	
1147.4	0.08155277	0.06945093	
1147.6	0.08171901	0.06941937	
1147.8	0.081796	0.06938783	
1148	0.08179509	0.06935629	
1148.2	0.08195128	0.06932478	
1148.4	0.08224114	0.06929327	
1148.6	0.08187532	0.06926178	
1148.8	0.08112819	0.06923031	
1149	0.08112314	0.06919885	
1149.2	0.08038323	0.0691674	
1149.4	0.0801762	0.06913597	
1149.6	0.07986797	0.06910456	
1149.8	0.0797692	0.06907315	
1150	0.08012414	0.06904176	
1150.2	0.08034694	0.06901039	
1150.4	0.08052317	0.06897903	
1150.6	0.08066552	0.06894768	
1150.8	0.08100633	0.06891635	
1151	0.08120637	0.06888503	
1151.2	0.08149052	0.06885373	
1151.4	0.08176115	0.06882244	
1151.6	0.0813126	0.06879117	
1151.8	0.08151355	0.0687599	
1152	0.08151599	0.06872866	
1152.2	0.08177355	0.06869743	
1152.4	0.08169335	0.06866621	
1152.6	0.08144492	0.068635	
1152.8	0.08143145	0.06860381	
1153	0.08141533	0.06857264	
1153.2	0.08113464	0.06854148	
1153.4	0.0816711	0.06851033	
1153.6	0.08200466	0.0684792	
1153.8	0.08221555	0.06844808	
1154	0.08211817	0.06841697	
1154.2	0.08207224	0.06838588	
1154.4	0.08175054	0.06835481	
1154.6	0.08145304	0.06832374	
1154.8	0.08115431	0.0682927	
1155	0.08105682	0.06826166	
1155.2	0.0807501	0.06823064	
1155.4	0.08023298	0.06819964	
1155.6	0.07985526	0.06816864	
1155.8	0.0799453	0.06813767	
1156	0.0797897	0.0681067	
1156.2	0.07976953	0.06807575	
1156.4	0.08013472	0.06804482	
1156.6	0.08016584	0.0680139	
1156.8	0.08032754	0.06798299	
1157	0.08039248	0.06795209	
1157.2	0.08067355	0.06792122	
1157.4	0.08142796	0.06789035	
1157.6	0.08162673	0.0678595	
1157.8	0.08152951	0.06782866	
1158	0.08110541	0.06779784	
1158.2	0.08115447	0.06776703	
1158.4	0.08112277	0.06773623	
1158.6	0.08120637	0.06770545	
1158.8	0.0811607	0.06767469	
1159	0.08120413	0.06764393	
1159.2	0.08081969	0.06761319	
1159.4	0.08066764	0.06758247	
1159.6	0.08056577	0.06755176	
1159.8	0.0803186	0.06752106	
1160	0.08025249	0.06749037	
1160.2	0.07985233	0.06745971	
1160.4	0.08003169	0.06742905	
1160.6	0.07943642	0.06739841	
1160.8	0.0794233	0.06736778	
1161	0.07921018	0.06733717	
1161.2	0.07873595	0.06730657	
1161.4	0.07870023	0.06727598	
1161.6	0.07818634	0.06724541	
1161.8	0.07809591	0.06721485	
1162	0.07828907	0.06718431	
1162.2	0.07824144	0.06715378	
1162.4	0.0785516	0.06712326	
1162.6	0.07876872	0.06709276	
1162.8	0.07886061	0.06706227	
1163	0.07868076	0.06703179	
1163.2	0.07852999	0.06700133	
1163.4	0.07886826	0.06697088	
1163.6	0.07874455	0.06694045	
1163.8	0.07923056	0.06691003	
1164	0.07958045	0.06687962	
1164.2	0.07974929	0.06684923	
1164.4	0.07964135	0.06681885	
1164.6	0.07930009	0.06678849	
1164.8	0.07933324	0.06675814	
1165	0.0794215	0.0667278	
1165.2	0.07958813	0.06669748	
1165.4	0.07979951	0.06666717	
1165.6	0.07984094	0.06663687	
1165.8	0.07996118	0.06660659	
1166	0.08014383	0.06657633	
1166.2	0.07966083	0.06654607	
1166.4	0.07979306	0.06651583	
1166.6	0.0796001	0.0664856	
1166.8	0.07983177	0.06645539	
1167	0.07957641	0.06642519	
1167.2	0.07965704	0.06639501	
1167.4	0.07967691	0.06636483	
1167.6	0.07969023	0.06633468	
1167.8	0.07945726	0.06630453	
1168	0.0792307	0.0662744	
1168.2	0.07871191	0.06624428	
1168.4	0.0777696	0.06621418	
1168.6	0.07772028	0.06618409	
1168.8	0.07790477	0.06615402	
1169	0.07785067	0.06612395	
1169.2	0.07794931	0.0660939	
1169.4	0.07791184	0.06606387	
1169.6	0.077781	0.06603385	
1169.8	0.07765868	0.06600384	
1170	0.07744772	0.06597385	
1170.2	0.07721804	0.06594387	
1170.4	0.07739807	0.0659139	
1170.6	0.0776998	0.06588395	
1170.8	0.07831099	0.06585401	
1171	0.07853381	0.06582408	
1171.2	0.07913677	0.06579417	
1171.4	0.07904828	0.06576427	
1171.6	0.0789371	0.06573438	
1171.8	0.07848793	0.06570451	
1172	0.07824755	0.06567465	
1172.2	0.07791855	0.06564481	
1172.4	0.07808984	0.06561498	
1172.6	0.07817271	0.06558516	
1172.8	0.0782907	0.06555536	
1173	0.07797468	0.06552557	
1173.2	0.07836346	0.06549579	
1173.4	0.07820733	0.06546603	
1173.6	0.07772043	0.06543628	
1173.8	0.07751425	0.06540654	
1174	0.07709204	0.06537682	
1174.2	0.07743319	0.06534711	
1174.4	0.0769484	0.06531742	
1174.6	0.07736409	0.06528773	
1174.8	0.07725027	0.06525806	
1175	0.07707365	0.06522841	
1175.2	0.07721029	0.06519877	
1175.4	0.07666325	0.06516914	
1175.6	0.07653799	0.06513953	
1175.8	0.07655882	0.06510992	
1176	0.07652683	0.06508034	
1176.2	0.07688721	0.06505076	
1176.4	0.0769892	0.0650212	
1176.6	0.07698631	0.06499165	
1176.8	0.07752108	0.06496212	
1177	0.07771082	0.0649326	
1177.2	0.07761881	0.06490309	
1177.4	0.07733776	0.0648736	
1177.6	0.07687587	0.06484412	
1177.8	0.07643514	0.06481465	
1178	0.07642825	0.0647852	
1178.2	0.07637912	0.06475576	
1178.4	0.07552803	0.06472633	
1178.6	0.07539118	0.06469692	
1178.8	0.07497712	0.06466752	
1179	0.07530604	0.06463813	
1179.2	0.07548535	0.06460876	
1179.4	0.07557383	0.0645794	
1179.6	0.07581949	0.06455005	
1179.8	0.07608832	0.06452072	
1180	0.07638295	0.0644914	
1180.2	0.07673923	0.06446209	
1180.4	0.07713341	0.0644328	
1180.6	0.0777599	0.06440352	
1180.8	0.07810045	0.06437425	
1181	0.07824042	0.06434499	
1181.2	0.07784152	0.06431575	
1181.4	0.07750924	0.06428653	
1181.6	0.07695265	0.06425731	
1181.8	0.07665833	0.06422811	
1182	0.07624312	0.06419893	
1182.2	0.07545191	0.06416975	
1182.4	0.07487304	0.06414059	
1182.6	0.07426098	0.06411144	
1182.8	0.07429438	0.06408231	
1183	0.07398427	0.06405319	
1183.2	0.07330462	0.06402408	
1183.4	0.0733577	0.06399499	
1183.6	0.07313168	0.06396591	
1183.8	0.07304109	0.06393684	
1184	0.07338875	0.06390778	
1184.2	0.07368697	0.06387874	
1184.4	0.074063	0.06384971	
1184.6	0.07484221	0.0638207	
1184.8	0.07494308	0.0637917	
1185	0.07530547	0.06376271	
1185.2	0.07538461	0.06373373	
1185.4	0.07557766	0.06370477	
1185.6	0.0757901	0.06367582	
1185.8	0.07563682	0.06364689	
1186	0.07516108	0.06361796	
1186.2	0.07504521	0.06358905	
1186.4	0.07512758	0.06356016	
1186.6	0.07470146	0.06353127	
1186.8	0.07474627	0.0635024	
1187	0.07446017	0.06347354	
1187.2	0.07443403	0.0634447	
1187.4	0.07430271	0.06341587	
1187.6	0.07388694	0.06338705	
1187.8	0.07370427	0.06335825	
1188	0.07353024	0.06332945	
1188.2	0.07388852	0.06330068	
1188.4	0.07415336	0.06327191	
1188.6	0.07422222	0.06324316	
1188.8	0.0738675	0.06321442	
1189	0.07416544	0.06318569	
1189.2	0.07434861	0.06315698	
1189.4	0.07439093	0.06312828	
1189.6	0.07394595	0.06309959	
1189.8	0.07361987	0.06307092	
1190	0.07348743	0.06304226	
1190.2	0.07351773	0.06301361	
1190.4	0.07366899	0.06298497	
1190.6	0.0737167	0.06295635	
1190.8	0.0737809	0.06292774	
1191	0.07388674	0.06289914	
1191.2	0.07412225	0.06287056	
1191.4	0.07350929	0.06284199	
1191.6	0.07332175	0.06281343	
1191.8	0.07320812	0.06278489	
1192	0.07289459	0.06275636	
1192.2	0.07318079	0.06272784	
1192.4	0.07325619	0.06269933	
1192.6	0.07318264	0.06267084	
1192.8	0.07332857	0.06264236	
1193	0.07350548	0.0626139	
1193.2	0.07347101	0.06258544	
1193.4	0.07310947	0.062557	
1193.6	0.07329849	0.06252857	
1193.8	0.07338466	0.06250016	
1194	0.0736307	0.06247176	
1194.2	0.07348883	0.06244337	
1194.4	0.07381917	0.06241499	
1194.6	0.07368846	0.06238663	
1194.8	0.07363348	0.06235828	
1195	0.0735748	0.06232994	
1195.2	0.0730331	0.06230162	
1195.4	0.07294282	0.06227331	
1195.6	0.07254116	0.06224501	
1195.8	0.07245968	0.06221672	
1196	0.07238252	0.06218845	
1196.2	0.0728839	0.06216019	
1196.4	0.07323744	0.06213194	
1196.6	0.07349191	0.06210371	
1196.8	0.07345455	0.06207548	
1197	0.07335796	0.06204728	
1197.2	0.07339445	0.06201908	
1197.4	0.07332547	0.0619909	
1197.6	0.07362853	0.06196273	
1197.8	0.07334349	0.06193457	
1198	0.073273	0.06190642	
1198.2	0.07279885	0.06187829	
1198.4	0.07288581	0.06185017	
1198.6	0.0726064	0.06182207	
1198.8	0.07246479	0.06179397	
1199	0.07203629	0.06176589	
1199.2	0.07167625	0.06173782	
1199.4	0.07213641	0.06170977	
1199.6	0.07174339	0.06168172	
1199.8	0.07228896	0.06165369	
1200	0.0727857	0.06162568	
1200.2	0.0729216	0.06159767	
1200.4	0.07318114	0.06156968	
1200.6	0.07307902	0.0615417	
1200.8	0.07264331	0.06151374	
1201	0.07288164	0.06148578	
1201.2	0.07309996	0.06145784	
1201.4	0.0729544	0.06142991	
1201.6	0.07297888	0.061402	
1201.8	0.0727674	0.06137409	
1202	0.07293139	0.0613462	
1202.2	0.07304147	0.06131833	
1202.4	0.0732067	0.06129046	
1202.6	0.07292075	0.06126261	
1202.8	0.07253171	0.06123477	
1203	0.07217286	0.06120694	
1203.2	0.07199112	0.06117913	
1203.4	0.071845	0.06115133	
1203.6	0.07177474	0.06112354	
1203.8	0.07178209	0.06109576	
1204	0.07152343	0.061068	
1204.2	0.07124935	0.06104025	
1204.4	0.07118297	0.06101251	
1204.6	0.0704283	0.06098478	
1204.8	0.07018454	0.06095707	
1205	0.0703685	0.06092937	
1205.2	0.07006227	0.06090168	
1205.4	0.07001118	0.06087401	
1205.6	0.07009781	0.06084634	
1205.8	0.07012332	0.06081869	
1206	0.07061376	0.06079106	
1206.2	0.07063603	0.06076343	
1206.4	0.07039099	0.06073582	
1206.6	0.07042805	0.06070822	
1206.8	0.0704786	0.06068063	
1207	0.07062034	0.06065306	
1207.2	0.07061497	0.06062549	
1207.4	0.0708372	0.06059794	
1207.6	0.0710438	0.06057041	
1207.8	0.07091287	0.06054288	
1208	0.0706594	0.06051537	
1208.2	0.07115236	0.06048787	
1208.4	0.07119424	0.06046038	
1208.6	0.07136213	0.06043291	
1208.8	0.07106009	0.06040544	
1209	0.07126421	0.06037799	
1209.2	0.07137972	0.06035056	
1209.4	0.0711237	0.06032313	
1209.6	0.07126201	0.06029572	
1209.8	0.07099331	0.06026832	
1210	0.0707316	0.06024093	
1210.2	0.07064316	0.06021356	
1210.4	0.07073573	0.06018619	
1210.6	0.0706939	0.06015884	
1210.8	0.07026488	0.0601315	
1211	0.07005112	0.06010418	
1211.2	0.06924672	0.06007687	
1211.4	0.06890504	0.06004957	
1211.6	0.06844394	0.06002228	
1211.8	0.06846656	0.059995	
1212	0.06865035	0.05996774	
1212.2	0.06892617	0.05994049	
1212.4	0.06891101	0.05991325	
1212.6	0.06906864	0.05988602	
1212.8	0.06883686	0.05985881	
1213	0.06897992	0.05983161	
1213.2	0.06896402	0.05980442	
1213.4	0.06904822	0.05977724	
1213.6	0.06944314	0.05975008	
1213.8	0.06893672	0.05972292	
1214	0.06908846	0.05969578	
1214.2	0.06941624	0.05966866	
1214.4	0.06954441	0.05964154	
1214.6	0.06905377	0.05961444	
1214.8	0.06855953	0.05958735	
1215	0.06832737	0.05956027	
1215.2	0.06783058	0.0595332	
1215.4	0.067692	0.05950615	
1215.6	0.06790284	0.05947911	
1215.8	0.06795107	0.05945208	
1216	0.06798005	0.05942506	
1216.2	0.06770865	0.05939806	
1216.4	0.06782675	0.05937107	
1216.6	0.06783061	0.05934409	
1216.8	0.06788939	0.05931712	
1217	0.06821374	0.05929016	
1217.2	0.06874763	0.05926322	
1217.4	0.06904464	0.05923629	
1217.6	0.0685536	0.05920937	
1217.8	0.0681916	0.05918246	
1218	0.06831653	0.05915557	
1218.2	0.06833646	0.05912869	
1218.4	0.06824123	0.05910182	
1218.6	0.06761366	0.05907496	
1218.8	0.06718619	0.05904812	
1219	0.06723002	0.05902128	
1219.2	0.06694539	0.05899446	
1219.4	0.0665652	0.05896765	
1219.6	0.06652097	0.05894086	
1219.8	0.06619852	0.05891407	
1220	0.0659822	0.0588873	
1220.2	0.06581992	0.05886054	
1220.4	0.0660045	0.05883379	
1220.6	0.06621652	0.05880706	
1220.8	0.06647145	0.05878033	
1221	0.06680116	0.05875362	
1221.2	0.06659392	0.05872692	
1221.4	0.0667349	0.05870023	
1221.6	0.06685714	0.05867356	
1221.8	0.0669765	0.0586469	
1222	0.06722332	0.05862025	
1222.2	0.06720189	0.05859361	
1222.4	0.06722315	0.05856698	
1222.6	0.06719878	0.05854037	
1222.8	0.06733137	0.05851376	
1223	0.06768659	0.05848717	
1223.2	0.06761204	0.05846059	
1223.4	0.0672871	0.05843403	
1223.6	0.06717454	0.05840747	
1223.8	0.06735238	0.05838093	
1224	0.0673023	0.0583544	
1224.2	0.06752728	0.05832788	
1224.4	0.06743604	0.05830138	
1224.6	0.06729727	0.05827488	
1224.8	0.06740015	0.0582484	
1225	0.06774504	0.05822193	
1225.2	0.0680733	0.05819548	
1225.4	0.0689641	0.05816903	
1225.6	0.06904274	0.0581426	
1225.8	0.06861978	0.05811617	
1226	0.06834298	0.05808977	
1226.2	0.06783805	0.05806337	
1226.4	0.06794449	0.05803698	
1226.6	0.0679353	0.05801061	
1226.8	0.06795717	0.05798425	
1227	0.0681642	0.0579579	
1227.2	0.06775212	0.05793156	
1227.4	0.06748087	0.05790523	
1227.6	0.06725369	0.05787892	
1227.8	0.06720031	0.05785262	
1228	0.06706175	0.05782633	
1228.2	0.06675699	0.05780005	
1228.4	0.06636726	0.05777378	
1228.6	0.06641985	0.05774753	
1228.8	0.0667663	0.05772129	
1229	0.06673935	0.05769506	
1229.2	0.06699379	0.05766884	
1229.4	0.06696189	0.05764263	
1229.6	0.06652035	0.05761644	
1229.8	0.06586603	0.05759026	
1230	0.0657805	0.05756409	
1230.2	0.06596417	0.05753793	
1230.4	0.06635393	0.05751178	
1230.6	0.06638863	0.05748564	
1230.8	0.06646587	0.05745952	
1231	0.06705606	0.05743341	
1231.2	0.06676398	0.05740731	
1231.4	0.0668878	0.05738122	
1231.6	0.06661497	0.05735515	
1231.8	0.0664598	0.05732908	
1232	0.06631412	0.05730303	
1232.2	0.06566083	0.05727699	
1232.4	0.06556827	0.05725096	
1232.6	0.06567674	0.05722495	
1232.8	0.06542487	0.05719894	
1233	0.06486264	0.05717295	
1233.2	0.06499642	0.05714697	
1233.4	0.0647755	0.057121	
1233.6	0.06464285	0.05709504	
1233.8	0.06472086	0.0570691	
1234	0.06483958	0.05704316	
1234.2	0.06465957	0.05701724	
1234.4	0.06455817	0.05699133	
1234.6	0.06433004	0.05696543	
1234.8	0.06451613	0.05693954	
1235	0.06488017	0.05691367	
1235.2	0.06430672	0.05688781	
1235.4	0.06442728	0.05686196	
1235.6	0.06452986	0.05683612	
1235.8	0.06458873	0.05681029	
1236	0.06504744	0.05678447	
1236.2	0.06470018	0.05675867	
1236.4	0.06506029	0.05673287	
1236.6	0.06523716	0.05670709	
1236.8	0.06490303	0.05668132	
1237	0.06496049	0.05665557	
1237.2	0.0652073	0.05662982	
1237.4	0.06518664	0.05660409	
1237.6	0.06528948	0.05657836	
1237.8	0.06515365	0.05655265	
1238	0.06474283	0.05652695	
1238.2	0.06472198	0.05650127	
1238.4	0.06483933	0.05647559	
1238.6	0.06472865	0.05644993	
1238.8	0.06449867	0.05642427	
1239	0.06421318	0.05639863	
1239.2	0.06395602	0.056373	
1239.4	0.06399858	0.05634739	
1239.6	0.06413826	0.05632178	
1239.8	0.06403762	0.05629619	
1240	0.06418195	0.0562706	
1240.2	0.06387902	0.05624503	
1240.4	0.0638996	0.05621947	
1240.6	0.06369522	0.05619393	
1240.8	0.06336949	0.05616839	
1241	0.06328361	0.05614286	
1241.2	0.06315603	0.05611735	
1241.4	0.06320043	0.05609185	
1241.6	0.0631854	0.05606636	
1241.8	0.06299058	0.05604088	
1242	0.06307377	0.05601542	
1242.2	0.06324294	0.05598996	
1242.4	0.06282103	0.05596452	
1242.6	0.06229355	0.05593909	
1242.8	0.06176029	0.05591367	
1243	0.06165803	0.05588826	
1243.2	0.06166469	0.05586286	
1243.4	0.06170718	0.05583747	
1243.6	0.06182971	0.0558121	
1243.8	0.06217186	0.05578674	
1244	0.06233649	0.05576139	
1244.2	0.06210853	0.05573605	
1244.4	0.06204156	0.05571072	
1244.6	0.06208392	0.0556854	
1244.8	0.06237139	0.0556601	
1245	0.06270836	0.0556348	
1245.2	0.06285462	0.05560952	
1245.4	0.06318749	0.05558425	
1245.6	0.06290603	0.05555899	
1245.8	0.06286825	0.05553374	
1246	0.06272648	0.05550851	
1246.2	0.06270872	0.05548328	
1246.4	0.06239384	0.05545807	
1246.6	0.06238931	0.05543287	
1246.8	0.06290367	0.05540768	
1247	0.0632171	0.0553825	
1247.2	0.06344279	0.05535733	
1247.4	0.06350726	0.05533218	
1247.6	0.06341768	0.05530703	
1247.8	0.06327552	0.0552819	
1248	0.06297526	0.05525678	
1248.2	0.06256123	0.05523167	
1248.4	0.06253748	0.05520657	
1248.6	0.06213104	0.05518148	
1248.8	0.06187294	0.0551564	
1249	0.0616647	0.05513134	
1249.2	0.06140374	0.05510629	
1249.4	0.06135327	0.05508124	
1249.6	0.06081006	0.05505621	
1249.8	0.0609557	0.05503119	
1250	0.06067225	0.05500619	
1250.2	0.06087302	0.05498119	
1250.4	0.06113026	0.05495621	
1250.6	0.06135972	0.05493123	
1250.8	0.06191233	0.05490627	
1251	0.0618797	0.05488132	
1251.2	0.06239478	0.05485638	
1251.4	0.06234791	0.05483145	
1251.6	0.06220583	0.05480653	
1251.8	0.06183956	0.05478163	
1252	0.0620238	0.05475673	
1252.2	0.06160632	0.05473185	
1252.4	0.06149961	0.05470698	
1252.6	0.06134171	0.05468212	
1252.8	0.06112222	0.05465727	
1253	0.06103052	0.05463243	
1253.2	0.06104804	0.0546076	
1253.4	0.06087443	0.05458279	
1253.6	0.06046382	0.05455799	
1253.8	0.06023296	0.05453319	
1254	0.05972141	0.05450841	
1254.2	0.05984647	0.05448364	
1254.4	0.05989701	0.05445888	
1254.6	0.05976487	0.05443413	
1254.8	0.05998115	0.0544094	
1255	0.06021553	0.05438467	
1255.2	0.06037873	0.05435996	
1255.4	0.0604065	0.05433526	
1255.6	0.06010193	0.05431057	
1255.8	0.05998095	0.05428588	
1256	0.06024465	0.05426122	
1256.2	0.06034734	0.05423656	
1256.4	0.06027171	0.05421191	
1256.6	0.06021704	0.05418728	
1256.8	0.06018049	0.05416265	
1257	0.05995177	0.05413804	
1257.2	0.05996347	0.05411344	
1257.4	0.05941975	0.05408885	
1257.6	0.05883336	0.05406427	
1257.8	0.05839004	0.0540397	
1258	0.05824721	0.05401514	
1258.2	0.05843566	0.05399059	
1258.4	0.05839247	0.05396606	
1258.6	0.05816542	0.05394154	
1258.8	0.05828527	0.05391702	
1259	0.05793795	0.05389252	
1259.2	0.05758447	0.05386803	
1259.4	0.05787571	0.05384355	
1259.6	0.05747523	0.05381908	
1259.8	0.05761562	0.05379463	
1260	0.05786056	0.05377018	
1260.2	0.05808202	0.05374575	
1260.4	0.05775274	0.05372132	
1260.6	0.05796075	0.05369691	
1260.8	0.05826673	0.05367251	
1261	0.05857014	0.05364812	
1261.2	0.05844923	0.05362374	
1261.4	0.05841744	0.05359937	
1261.6	0.05821103	0.05357502	
1261.8	0.05817606	0.05355067	
1262	0.05878519	0.05352633	
1262.2	0.05905584	0.05350201	
1262.4	0.05875954	0.0534777	
1262.6	0.05882866	0.0534534	
1262.8	0.05888899	0.0534291	
1263	0.05856934	0.05340483	
1263.2	0.05877188	0.05338056	
1263.4	0.05920219	0.0533563	
1263.6	0.05883828	0.05333205	
1263.8	0.05844509	0.05330782	
1264	0.0583599	0.05328359	
1264.2	0.05789862	0.05325938	
1264.4	0.05760468	0.05323518	
1264.6	0.05736155	0.05321098	
1264.8	0.05724057	0.0531868	
1265	0.0570806	0.05316263	
1265.2	0.05656091	0.05313848	
1265.4	0.056614	0.05311433	
1265.6	0.05624887	0.05309019	
1265.8	0.05649772	0.05306607	
1266	0.05680733	0.05304195	
1266.2	0.05667617	0.05301785	
1266.4	0.05661763	0.05299375	
1266.6	0.05689082	0.05296967	
1266.8	0.05670813	0.0529456	
1267	0.05639827	0.05292154	
1267.2	0.05656208	0.05289749	
1267.4	0.05680075	0.05287345	
1267.6	0.05654254	0.05284943	
1267.8	0.05656194	0.05282541	
1268	0.05682121	0.05280141	
1268.2	0.05690849	0.05277741	
1268.4	0.05712914	0.05275343	
1268.6	0.05707135	0.05272945	
1268.8	0.05733232	0.05270549	
1269	0.05735997	0.05268154	
1269.2	0.0574809	0.0526576	
1269.4	0.05776817	0.05263367	
1269.6	0.05820896	0.05260975	
1269.8	0.05850879	0.05258585	
1270	0.05829012	0.05256195	
1270.2	0.05829534	0.05253806	
1270.4	0.05803862	0.05251419	
1270.6	0.05790014	0.05249033	
1270.8	0.0576204	0.05246647	
1271	0.05738627	0.05244263	
1271.2	0.05750698	0.0524188	
1271.4	0.05732205	0.05239498	
1271.6	0.05695241	0.05237117	
1271.8	0.05718023	0.05234737	
1272	0.05688201	0.05232358	
1272.2	0.05668122	0.0522998	
1272.4	0.05660381	0.05227604	
1272.6	0.05634292	0.05225228	
1272.8	0.05625366	0.05222854	
1273	0.05562243	0.0522048	
1273.2	0.05575218	0.05218108	
1273.4	0.05599513	0.05215737	
1273.6	0.0557782	0.05213367	
1273.8	0.05558231	0.05210997	
1274	0.05511115	0.05208629	
1274.2	0.05547104	0.05206262	
1274.4	0.05550308	0.05203897	
1274.6	0.05565268	0.05201532	
1274.8	0.0557769	0.05199168	
1275	0.05581228	0.05196805	
1275.2	0.05612894	0.05194444	
1275.4	0.05630057	0.05192083	
1275.6	0.05648934	0.05189724	
1275.8	0.05674999	0.05187366	
1276	0.05684638	0.05185008	
1276.2	0.05696866	0.05182652	
1276.4	0.05710486	0.05180297	
1276.6	0.05689444	0.05177943	
1276.8	0.05671989	0.0517559	
1277	0.05633238	0.05173238	
1277.2	0.05637315	0.05170887	
1277.4	0.05578606	0.05168537	
1277.6	0.0553047	0.05166188	
1277.8	0.05552477	0.05163841	
1278	0.05533389	0.05161494	
1278.2	0.05540825	0.05159149	
1278.4	0.05544818	0.05156804	
1278.6	0.05543057	0.05154461	
1278.8	0.05562231	0.05152119	
1279	0.055663	0.05149777	
1279.2	0.05587015	0.05147437	
1279.4	0.05578269	0.05145098	
1279.6	0.05551257	0.0514276	
1279.8	0.05545512	0.05140423	
1280	0.05541657	0.05138087	
1280.2	0.05522471	0.05135752	
1280.4	0.05486958	0.05133418	
1280.6	0.05455895	0.05131085	
1280.8	0.05430244	0.05128754	
1281	0.05402439	0.05126423	
1281.2	0.05356457	0.05124093	
1281.4	0.05339914	0.05121765	
1281.6	0.05352814	0.05119437	
1281.8	0.05365819	0.05117111	
1282	0.05332762	0.05114786	
1282.2	0.05355348	0.05112461	
1282.4	0.05397248	0.05110138	
1282.6	0.05392723	0.05107816	
1282.8	0.05396211	0.05105495	
1283	0.05400429	0.05103175	
1283.2	0.05404694	0.05100856	
1283.4	0.05423264	0.05098538	
1283.6	0.05391479	0.05096221	
1283.8	0.05435416	0.05093905	
1284	0.05485973	0.0509159	
1284.2	0.05550632	0.05089276	
1284.4	0.05504949	0.05086964	
1284.6	0.05514867	0.05084652	
1284.8	0.05503972	0.05082341	
1285	0.05459654	0.05080032	
1285.2	0.05440435	0.05077723	
1285.4	0.05409177	0.05075416	
1285.6	0.05388259	0.05073109	
1285.8	0.05351116	0.05070804	
1286	0.05332729	0.050685	
1286.2	0.05310767	0.05066196	
1286.4	0.05289867	0.05063894	
1286.6	0.05286331	0.05061593	
1286.8	0.05279667	0.05059293	
1287	0.05291101	0.05056994	
1287.2	0.05317514	0.05054696	
1287.4	0.05333988	0.05052399	
1287.6	0.05309376	0.05050103	
1287.8	0.05353043	0.05047808	
1288	0.05339908	0.05045514	
1288.2	0.05303749	0.05043221	
1288.4	0.05258792	0.05040929	
1288.6	0.05268261	0.05038639	
1288.8	0.05212058	0.05036349	
1289	0.05208684	0.0503406	
1289.2	0.05209661	0.05031773	
1289.4	0.05174566	0.05029486	
1289.6	0.05207764	0.05027201	
1289.8	0.05188622	0.05024916	
1290	0.05216796	0.05022633	
1290.2	0.05209906	0.0502035	
1290.4	0.05246803	0.05018069	
1290.6	0.0529456	0.05015788	
1290.8	0.05284214	0.05013509	
1291	0.05323819	0.05011231	
1291.2	0.0535865	0.05008954	
1291.4	0.05375447	0.05006677	
1291.6	0.05359692	0.05004402	
1291.8	0.05363077	0.05002128	
1292	0.05315535	0.04999855	
1292.2	0.05294873	0.04997583	
1292.4	0.05325084	0.04995312	
1292.6	0.05326834	0.04993042	
1292.8	0.05309735	0.04990773	
1293	0.05340779	0.04988505	
1293.2	0.05295891	0.04986238	
1293.4	0.05257442	0.04983972	
1293.6	0.05266882	0.04981707	
1293.8	0.05248663	0.04979443	
1294	0.05236441	0.04977181	
1294.2	0.05196521	0.04974919	
1294.4	0.05196404	0.04972658	
1294.6	0.05202606	0.04970398	
1294.8	0.05162985	0.0496814	
1295	0.05170776	0.04965882	
1295.2	0.05208609	0.04963625	
1295.4	0.05223852	0.0496137	
1295.6	0.05216328	0.04959115	
1295.8	0.05195248	0.04956862	
1296	0.05138185	0.04954609	
1296.2	0.05157624	0.04952357	
1296.4	0.05176922	0.04950107	
1296.6	0.05183748	0.04947858	
1296.8	0.05181682	0.04945609	
1297	0.05178867	0.04943362	
1297.2	0.05158177	0.04941115	
1297.4	0.05177882	0.0493887	
1297.6	0.05166599	0.04936625	
1297.8	0.05143284	0.04934382	
1298	0.05124037	0.0493214	
1298.2	0.05159845	0.04929899	
1298.4	0.05165311	0.04927658	
1298.6	0.05144549	0.04925419	
1298.8	0.05128104	0.04923181	
1299	0.05128841	0.04920943	
1299.2	0.05187379	0.04918707	
1299.4	0.05182413	0.04916472	
1299.6	0.05182007	0.04914238	
1299.8	0.05176675	0.04912005	
1300	0.05144025	0.04909773	
1300.2	0.05157432	0.04907541	
1300.4	0.05164384	0.04905311	
1300.6	0.05188685	0.04903082	
1300.8	0.05166375	0.04900854	
1301	0.05199656	0.04898627	
1301.2	0.05216773	0.04896401	
1301.4	0.05201275	0.04894176	
1301.6	0.05160702	0.04891952	
1301.8	0.05176412	0.04889729	
1302	0.05156938	0.04887507	
1302.2	0.05150023	0.04885286	
1302.4	0.05085892	0.04883066	
1302.6	0.05081158	0.04880847	
1302.8	0.0508049	0.04878629	
1303	0.05066032	0.04876412	
1303.2	0.05056069	0.04874196	
1303.4	0.05043167	0.04871981	
1303.6	0.05015901	0.04869767	
1303.8	0.04980891	0.04867554	
1304	0.04942112	0.04865342	
1304.2	0.04979496	0.04863131	
1304.4	0.04990757	0.04860921	
1304.6	0.05059485	0.04858712	
1304.8	0.05074161	0.04856504	
1305	0.05112583	0.04854297	
1305.2	0.05125496	0.04852091	
1305.4	0.05120952	0.04849886	
1305.6	0.05127285	0.04847682	
1305.8	0.05093577	0.04845479	
1306	0.05057217	0.04843278	
1306.2	0.05063684	0.04841077	
1306.4	0.05051814	0.04838877	
1306.6	0.05039873	0.04836678	
1306.8	0.05017116	0.0483448	
1307	0.049336	0.04832283	
1307.2	0.04910528	0.04830087	
1307.4	0.04890424	0.04827892	
1307.6	0.04855122	0.04825698	
1307.8	0.04864541	0.04823505	
1308	0.04868853	0.04821313	
1308.2	0.04892861	0.04819122	
1308.4	0.04942076	0.04816932	
1308.6	0.04982216	0.04814743	
1308.8	0.04938218	0.04812555	
1309	0.04926395	0.04810368	
1309.2	0.04936864	0.04808182	
1309.4	0.04912681	0.04805998	
1309.6	0.04938771	0.04803814	
1309.8	0.04943448	0.04801631	
1310	0.04979337	0.04799449	
1310.2	0.04985421	0.04797268	
1310.4	0.04986297	0.04795088	
1310.6	0.04996436	0.04792908	
1310.8	0.05006293	0.0479073	
1311	0.05008127	0.04788553	
1311.2	0.05046311	0.04786377	
1311.4	0.05048303	0.04784202	
1311.6	0.05056913	0.04782028	
1311.8	0.05059771	0.04779855	
1312	0.04992516	0.04777683	
1312.2	0.05004266	0.04775512	
1312.4	0.05020014	0.04773342	
1312.6	0.04972638	0.04771173	
1312.8	0.0492782	0.04769004	
1313	0.04885153	0.04766837	
1313.2	0.04874172	0.04764671	
1313.4	0.04849348	0.04762506	
1313.6	0.048649	0.04760342	
1313.8	0.04829558	0.04758178	
1314	0.04817991	0.04756016	
1314.2	0.04791644	0.04753855	
1314.4	0.047883	0.04751695	
1314.6	0.04761012	0.04749535	
1314.8	0.04756197	0.04747377	
1315	0.04816188	0.0474522	
1315.2	0.04831276	0.04743063	
1315.4	0.04834346	0.04740908	
1315.6	0.04794113	0.04738754	
1315.8	0.04826244	0.047366	
1316	0.04815546	0.04734448	
1316.2	0.04890781	0.04732296	
1316.4	0.04903884	0.04730146	
1316.6	0.04933175	0.04727996	
1316.8	0.04916447	0.04725848	
1317	0.04938165	0.047237	
1317.2	0.04962485	0.04721554	
1317.4	0.049357	0.04719408	
1317.6	0.04931609	0.04717263	
1317.8	0.04927133	0.0471512	
1318	0.04906537	0.04712977	
1318.2	0.04830269	0.04710835	
1318.4	0.04796227	0.04708694	
1318.6	0.04720657	0.04706555	
1318.8	0.04725416	0.04704416	
1319	0.0471174	0.04702278	
1319.2	0.04649075	0.04700141	
1319.4	0.04647103	0.04698005	
1319.6	0.04662577	0.0469587	
1319.8	0.04721862	0.04693737	
1320	0.0472837	0.04691604	
1320.2	0.04767201	0.04689472	
1320.4	0.0477844	0.04687341	
1320.6	0.0479389	0.0468521	
1320.8	0.04789405	0.04683081	
1321	0.04818584	0.04680953	
1321.2	0.04820001	0.04678826	
1321.4	0.04809948	0.046767	
1321.6	0.04848174	0.04674575	
1321.8	0.04840072	0.0467245	
1322	0.04797939	0.04670327	
1322.2	0.04762045	0.04668205	
1322.4	0.0474026	0.04666083	
1322.6	0.046996	0.04663963	
1322.8	0.04695433	0.04661844	
1323	0.0466844	0.04659725	
1323.2	0.04664165	0.04657608	
1323.4	0.0472033	0.04655491	
1323.6	0.04747413	0.04653375	
1323.8	0.04718221	0.04651261	
1324	0.04745596	0.04649147	
1324.2	0.04721536	0.04647034	
1324.4	0.0471106	0.04644923	
1324.6	0.04719717	0.04642812	
1324.8	0.04741043	0.04640702	
1325	0.04777723	0.04638593	
1325.2	0.04804114	0.04636485	
1325.4	0.04826419	0.04634378	
1325.6	0.04855704	0.04632272	
1325.8	0.04866906	0.04630167	
1326	0.04836849	0.04628063	
1326.2	0.04840357	0.0462596	
1326.4	0.04823181	0.04623858	
1326.6	0.04815609	0.04621757	
1326.8	0.04812298	0.04619656	
1327	0.04781766	0.04617557	
1327.2	0.04765369	0.04615459	
1327.4	0.0475154	0.04613361	
1327.6	0.04730923	0.04611265	
1327.8	0.04668581	0.0460917	
1328	0.04661323	0.04607075	
1328.2	0.04614445	0.04604981	
1328.4	0.04622099	0.04602889	
1328.6	0.04634296	0.04600797	
1328.8	0.04651783	0.04598706	
1329	0.04682953	0.04596617	
1329.2	0.04678827	0.04594528	
1329.4	0.04678773	0.0459244	
1329.6	0.04685264	0.04590353	
1329.8	0.04719948	0.04588267	
1330	0.04714217	0.04586182	
1330.2	0.04690938	0.04584098	
1330.4	0.04669623	0.04582015	
1330.6	0.04679641	0.04579932	
1330.8	0.046863	0.04577851	
1331	0.04681669	0.04575771	
1331.2	0.04665692	0.04573692	
1331.4	0.04646775	0.04571613	
1331.6	0.04690909	0.04569536	
1331.8	0.0465527	0.04567459	
1332	0.04655049	0.04565384	
1332.2	0.04617651	0.04563309	
1332.4	0.04592825	0.04561235	
1332.6	0.04594361	0.04559162	
1332.8	0.04608436	0.04557091	
1333	0.04628247	0.0455502	
1333.2	0.04630955	0.0455295	
1333.4	0.04652628	0.04550881	
1333.6	0.04628307	0.04548813	
1333.8	0.04635588	0.04546746	
1334	0.04639494	0.04544679	
1334.2	0.04592701	0.04542614	
1334.4	0.04609631	0.0454055	
1334.6	0.0462218	0.04538487	
1334.8	0.04610926	0.04536424	
1335	0.04639684	0.04534363	
1335.2	0.04607336	0.04532302	
1335.4	0.04618781	0.04530243	
1335.6	0.0461485	0.04528184	
1335.8	0.04546374	0.04526126	
1336	0.04497906	0.04524069	
1336.2	0.04435802	0.04522013	
1336.4	0.04424841	0.04519959	
1336.6	0.04425539	0.04517905	
1336.8	0.04413192	0.04515851	
1337	0.04399903	0.04513799	
1337.2	0.04410657	0.04511748	
1337.4	0.04425911	0.04509698	
1337.6	0.04401963	0.04507649	
1337.8	0.04437703	0.045056	
1338	0.04486416	0.04503553	
1338.2	0.04485815	0.04501506	
1338.4	0.04500461	0.04499461	
1338.6	0.04538216	0.04497416	
1338.8	0.04557479	0.04495372	
1339	0.04567888	0.04493329	
1339.2	0.04538033	0.04491287	
1339.4	0.04532292	0.04489246	
1339.6	0.04502208	0.04487206	
1339.8	0.0450394	0.04485167	
1340	0.04451222	0.04483129	
1340.2	0.04466259	0.04481092	
1340.4	0.04470569	0.04479055	
1340.6	0.04474522	0.0447702	
1340.8	0.04492591	0.04474986	
1341	0.04488052	0.04472952	
1341.2	0.04507181	0.04470919	
1341.4	0.04523092	0.04468888	
1341.6	0.0450847	0.04466857	
1341.8	0.04515092	0.04464827	
1342	0.04541835	0.04462798	
1342.2	0.04530174	0.0446077	
1342.4	0.04551134	0.04458743	
1342.6	0.04538424	0.04456717	
1342.8	0.04485974	0.04454691	
1343	0.04448692	0.04452667	
1343.2	0.04428654	0.04450644	
1343.4	0.04373545	0.04448621	
1343.6	0.04362231	0.044466	
1343.8	0.04326278	0.04444579	
1344	0.04309691	0.04442559	
1344.2	0.04318117	0.0444054	
1344.4	0.04322988	0.04438522	
1344.6	0.04337134	0.04436506	
1344.8	0.0434443	0.04434489	
1345	0.04321801	0.04432474	
1345.2	0.0435644	0.0443046	
1345.4	0.04366135	0.04428447	
1345.6	0.043741	0.04426434	
1345.8	0.04423664	0.04424423	
1346	0.0441748	0.04422412	
1346.2	0.04404908	0.04420403	
1346.4	0.04395229	0.04418394	
1346.6	0.04404951	0.04416386	
1346.8	0.04395807	0.04414379	
1347	0.04392197	0.04412373	
1347.2	0.04394032	0.04410368	
1347.4	0.04361613	0.04408364	
1347.6	0.04377256	0.0440636	
1347.8	0.04355474	0.04404358	
1348	0.04351352	0.04402357	
1348.2	0.04306041	0.04400356	
1348.4	0.0431116	0.04398356	
1348.6	0.04300287	0.04396358	
1348.8	0.04276666	0.0439436	
1349	0.04275111	0.04392363	
1349.2	0.04257934	0.04390367	
1349.4	0.04228679	0.04388372	
1349.6	0.04297199	0.04386378	
1349.8	0.04288688	0.04384384	
1350	0.04271482	0.04382392	
1350.2	0.04286192	0.043804	
1350.4	0.04285289	0.0437841	
1350.6	0.0430701	0.0437642	
1350.8	0.04270075	0.04374431	
1351	0.04279479	0.04372443	
1351.2	0.04320501	0.04370457	
1351.4	0.04320712	0.0436847	
1351.6	0.04329701	0.04366485	
1351.8	0.04297874	0.04364501	
1352	0.04261242	0.04362518	
1352.2	0.04260273	0.04360535	
1352.4	0.04272185	0.04358554	
1352.6	0.04247869	0.04356573	
1352.8	0.0421982	0.04354593	
1353	0.04254057	0.04352614	
1353.2	0.04245909	0.04350636	
1353.4	0.0427062	0.04348659	
1353.6	0.04317108	0.04346683	
1353.8	0.04295155	0.04344708	
1354	0.04292408	0.04342734	
1354.2	0.04255965	0.0434076	
1354.4	0.04233726	0.04338788	
1354.6	0.04215609	0.04336816	
1354.8	0.04191701	0.04334845	
1355	0.04196351	0.04332875	
1355.2	0.0420767	0.04330906	
1355.4	0.04209816	0.04328938	
1355.6	0.04171855	0.04326971	
1355.8	0.04163301	0.04325005	
1356	0.04174062	0.04323039	
1356.2	0.04170324	0.04321075	
1356.4	0.04169641	0.04319111	
1356.6	0.04171419	0.04317148	
1356.8	0.04210236	0.04315187	
1357	0.04263698	0.04313226	
1357.2	0.04257405	0.04311266	
1357.4	0.04300247	0.04309306	
1357.6	0.04300888	0.04307348	
1357.8	0.04324288	0.04305391	
1358	0.04303172	0.04303434	
1358.2	0.04277317	0.04301479	
1358.4	0.04269254	0.04299524	
1358.6	0.04265454	0.0429757	
1358.8	0.04238627	0.04295617	
1359	0.04208821	0.04293665	
1359.2	0.04210665	0.04291714	
1359.4	0.04192449	0.04289764	
1359.6	0.04158094	0.04287814	
1359.8	0.04159231	0.04285866	
1360	0.04132787	0.04283918	
1360.2	0.04146665	0.04281972	
1360.4	0.04145531	0.04280026	
1360.6	0.04160275	0.04278081	
1360.8	0.04185747	0.04276137	
1361	0.04179653	0.04274193	
1361.2	0.04150171	0.04272251	
1361.4	0.04191274	0.0427031	
1361.6	0.04187018	0.04268369	
1361.8	0.04191748	0.04266429	
1362	0.04153427	0.04264491	
1362.2	0.04112526	0.04262553	
1362.4	0.04104486	0.04260616	
1362.6	0.04097535	0.0425868	
1362.8	0.04046489	0.04256744	
1363	0.04026181	0.0425481	
1363.2	0.04031829	0.04252876	
1363.4	0.04033471	0.04250944	
1363.6	0.04045996	0.04249012	
1363.8	0.04022684	0.04247081	
1364	0.03999413	0.04245151	
1364.2	0.04043917	0.04243222	
1364.4	0.04053449	0.04241294	
1364.6	0.04077384	0.04239366	
1364.8	0.04103633	0.0423744	
1365	0.0409533	0.04235514	
1365.2	0.04111977	0.0423359	
1365.4	0.04128536	0.04231666	
1365.6	0.04087327	0.04229743	
1365.8	0.04077791	0.04227821	
1366	0.04092937	0.04225899	
1366.2	0.04061731	0.04223979	
1366.4	0.04045944	0.0422206	
1366.6	0.04052622	0.04220141	
1366.8	0.04079174	0.04218223	
1367	0.04099775	0.04216306	
1367.2	0.04117555	0.0421439	
1367.4	0.04156405	0.04212475	
1367.6	0.0414658	0.04210561	
1367.8	0.04149768	0.04208647	
1368	0.0415911	0.04206735	
1368.2	0.04190903	0.04204823	
1368.4	0.04197891	0.04202912	
1368.6	0.0417953	0.04201003	
1368.8	0.04177951	0.04199093	
1369	0.04163158	0.04197185	
1369.2	0.04134811	0.04195278	
1369.4	0.04097605	0.04193372	
1369.6	0.04096617	0.04191466	
1369.8	0.04135236	0.04189561	
1370	0.04124357	0.04187657	
1370.2	0.04077296	0.04185754	
1370.4	0.04073854	0.04183852	
1370.6	0.04101089	0.04181951	
1370.8	0.04096977	0.04180051	
1371	0.04072274	0.04178151	
1371.2	0.04056912	0.04176252	
1371.4	0.04064962	0.04174355	
1371.6	0.04020955	0.04172458	
1371.8	0.03980232	0.04170562	
1372	0.03927397	0.04168666	
1372.2	0.03907916	0.04166772	
1372.4	0.03914877	0.04164878	
1372.6	0.03899254	0.04162986	
1372.8	0.03890229	0.04161094	
1373	0.03902217	0.04159203	
1373.2	0.03917432	0.04157313	
1373.4	0.03960333	0.04155424	
1373.6	0.03965916	0.04153536	
1373.8	0.03979215	0.04151648	
1374	0.03962905	0.04149761	
1374.2	0.0396833	0.04147876	
1374.4	0.03925502	0.04145991	
1374.6	0.039053	0.04144107	
1374.8	0.03893006	0.04142223	
1375	0.03884951	0.04140341	
1375.2	0.03879501	0.0413846	
1375.4	0.03884571	0.04136579	
1375.6	0.03886124	0.04134699	
1375.8	0.03859326	0.0413282	
1376	0.03875991	0.04130942	
1376.2	0.03882268	0.04129065	
1376.4	0.0389691	0.04127189	
1376.6	0.03914574	0.04125313	
1376.8	0.03929909	0.04123438	
1377	0.03943364	0.04121565	
1377.2	0.03955777	0.04119692	
1377.4	0.03966071	0.0411782	
1377.6	0.03915809	0.04115948	
1377.8	0.03887977	0.04114078	
1378	0.03848953	0.04112208	
1378.2	0.03826621	0.0411034	
1378.4	0.03768739	0.04108472	
1378.6	0.03787358	0.04106605	
1378.8	0.0378499	0.04104739	
1379	0.03761892	0.04102873	
1379.2	0.0378845	0.04101009	
1379.4	0.03837527	0.04099145	
1379.6	0.03854506	0.04097282	
1379.8	0.03851419	0.04095421	
1380	0.03873094	0.04093559	
1380.2	0.03876289	0.04091699	
1380.4	0.0388854	0.0408984	
1380.6	0.03881623	0.04087981	
1380.8	0.03912187	0.04086124	
1381	0.03894686	0.04084267	
1381.2	0.03871843	0.04082411	
1381.4	0.03826102	0.04080556	
1381.6	0.03792881	0.04078701	
1381.8	0.0378537	0.04076848	
1382	0.03809778	0.04074995	
1382.2	0.03787874	0.04073143	
1382.4	0.0379214	0.04071292	
1382.6	0.03789073	0.04069442	
1382.8	0.03752444	0.04067593	
1383	0.03765148	0.04065745	
1383.2	0.03825617	0.04063897	
1383.4	0.03848384	0.0406205	
1383.6	0.03833057	0.04060204	
1383.8	0.03874613	0.04058359	
1384	0.03869737	0.04056515	
1384.2	0.03874185	0.04054672	
1384.4	0.03889692	0.04052829	
1384.6	0.03907099	0.04050987	
1384.8	0.03920458	0.04049147	
1385	0.03896631	0.04047306	
1385.2	0.03875819	0.04045467	
1385.4	0.03853092	0.04043629	
1385.6	0.03833722	0.04041791	
1385.8	0.03802715	0.04039955	
1386	0.0381106	0.04038119	
1386.2	0.03767056	0.04036284	
1386.4	0.03738701	0.0403445	
1386.6	0.03706705	0.04032616	
1386.8	0.03696644	0.04030784	
1387	0.03726073	0.04028952	
1387.2	0.0374685	0.04027121	
1387.4	0.0373955	0.04025291	
1387.6	0.03745487	0.04023462	
1387.8	0.03756573	0.04021633	
1388	0.03784514	0.04019806	
1388.2	0.03815507	0.04017979	
1388.4	0.03819463	0.04016153	
1388.6	0.03795273	0.04014328	
1388.8	0.03779145	0.04012504	
1389	0.0380051	0.04010681	
1389.2	0.03783465	0.04008858	
1389.4	0.03764905	0.04007036	
1389.6	0.03762438	0.04005215	
1389.8	0.03785769	0.04003395	
1390	0.03779306	0.04001576	
1390.2	0.03774825	0.03999758	
1390.4	0.03771377	0.0399794	
1390.6	0.03776087	0.03996123	
1390.8	0.03772557	0.03994307	
1391	0.03787426	0.03992492	
1391.2	0.03791622	0.03990678	
1391.4	0.03776104	0.03988864	
1391.6	0.03753065	0.03987052	
1391.8	0.0373991	0.0398524	
1392	0.03765576	0.03983429	
1392.2	0.03750486	0.03981619	
1392.4	0.03738659	0.03979809	
1392.6	0.03734409	0.03978001	
1392.8	0.03741011	0.03976193	
1393	0.03753942	0.03974386	
1393.2	0.03755688	0.0397258	
1393.4	0.03747136	0.03970775	
1393.6	0.0373364	0.0396897	
1393.8	0.03724466	0.03967167	
1394	0.03709567	0.03965364	
1394.2	0.03739793	0.03963562	
1394.4	0.03689505	0.03961761	
1394.6	0.03667281	0.03959961	
1394.8	0.03640215	0.03958161	
1395	0.03659732	0.03956362	
1395.2	0.03628979	0.03954564	
1395.4	0.03625741	0.03952767	
1395.6	0.03621309	0.03950971	
1395.8	0.03610236	0.03949176	
1396	0.03642476	0.03947381	
1396.2	0.03673284	0.03945587	
1396.4	0.03694327	0.03943794	
1396.6	0.03707291	0.03942002	
1396.8	0.03710666	0.03940211	
1397	0.0368605	0.0393842	
1397.2	0.03687859	0.0393663	
1397.4	0.03674925	0.03934842	
1397.6	0.03671865	0.03933053	
1397.8	0.03681792	0.03931266	
1398	0.03696594	0.0392948	
1398.2	0.03685222	0.03927694	
1398.4	0.03660709	0.03925909	
1398.6	0.03696926	0.03924125	
1398.8	0.03680733	0.03922342	
1399	0.03719528	0.03920559	
1399.2	0.03670093	0.03918778	
1399.4	0.03670001	0.03916997	
1399.6	0.03673007	0.03915217	
1399.8	0.03661771	0.03913438	
1400	0.03682729	0.03911659	
1400.2	0.03686373	0.03909882	
1400.4	0.0367628	0.03908105	
1400.6	0.03685463	0.03906329	
1400.8	0.03681467	0.03904554	
1401	0.03633928	0.0390278	
1401.2	0.03624055	0.03901006	
1401.4	0.03587942	0.03899233	
1401.6	0.03588871	0.03897462	
1401.8	0.03588467	0.0389569	
1402	0.03576239	0.0389392	
1402.2	0.03577488	0.03892151	
1402.4	0.03591052	0.03890382	
1402.6	0.03590137	0.03888614	
1402.8	0.03589193	0.03886847	
1403	0.03615197	0.03885081	
1403.2	0.03587699	0.03883315	
1403.4	0.03615073	0.0388155	
1403.6	0.03613164	0.03879787	
1403.8	0.03572648	0.03878023	
1404	0.03544756	0.03876261	
1404.2	0.03552851	0.038745	
1404.4	0.03543134	0.03872739	
1404.6	0.03563608	0.03870979	
1404.8	0.03551047	0.0386922	
1405	0.03535996	0.03867462	
1405.2	0.03545024	0.03865704	
1405.4	0.03559722	0.03863948	
1405.6	0.03574314	0.03862192	
1405.8	0.03572455	0.03860437	
1406	0.03541147	0.03858682	
1406.2	0.03564981	0.03856929	
1406.4	0.03524098	0.03855176	
1406.6	0.03561326	0.03853424	
1406.8	0.03572851	0.03851673	
1407	0.03583669	0.03849923	
1407.2	0.0353869	0.03848173	
1407.4	0.03537089	0.03846425	
1407.6	0.03510021	0.03844677	
1407.8	0.03522025	0.03842929	
1408	0.035427	0.03841183	
1408.2	0.03554725	0.03839438	
1408.4	0.03564128	0.03837693	
1408.6	0.0362674	0.03835949	
1408.8	0.03625365	0.03834206	
1409	0.03655167	0.03832463	
1409.2	0.03672875	0.03830722	
1409.4	0.03697252	0.03828981	
1409.6	0.03696524	0.03827241	
1409.8	0.03678088	0.03825502	
1410	0.03646336	0.03823763	
1410.2	0.03637417	0.03822026	
1410.4	0.03603907	0.03820289	
1410.6	0.03622956	0.03818553	
1410.8	0.03577819	0.03816818	
1411	0.03575059	0.03815083	
1411.2	0.03513821	0.03813349	
1411.4	0.03520554	0.03811617	
1411.6	0.03503483	0.03809884	
1411.8	0.034858	0.03808153	
1412	0.0347818	0.03806423	
1412.2	0.03463453	0.03804693	
1412.4	0.03476519	0.03802964	
1412.6	0.03472404	0.03801236	
1412.8	0.03473136	0.03799508	
1413	0.03489906	0.03797782	
1413.2	0.03478368	0.03796056	
1413.4	0.03495696	0.03794331	
1413.6	0.03476495	0.03792607	
1413.8	0.03449842	0.03790883	
1414	0.03454599	0.0378916	
1414.2	0.03439535	0.03787439	
1414.4	0.03446617	0.03785717	
1414.6	0.03455614	0.03783997	
1414.8	0.03475936	0.03782278	
1415	0.03490654	0.03780559	
1415.2	0.03447251	0.03778841	
1415.4	0.03470476	0.03777124	
1415.6	0.03461521	0.03775407	
1415.8	0.03455376	0.03773691	
1416	0.03456863	0.03771977	
1416.2	0.03448407	0.03770262	
1416.4	0.03430952	0.03768549	
1416.6	0.03395308	0.03766837	
1416.8	0.03395939	0.03765125	
1417	0.03358956	0.03763414	
1417.2	0.03300692	0.03761704	
1417.4	0.03303394	0.03759994	
1417.6	0.03278747	0.03758286	
1417.8	0.03275923	0.03756578	
1418	0.03279787	0.03754871	
1418.2	0.03289819	0.03753164	
1418.4	0.03329409	0.03751459	
1418.6	0.03356993	0.03749754	
1418.8	0.03382734	0.0374805	
1419	0.03431317	0.03746347	
1419.2	0.03447257	0.03744644	
1419.4	0.03480109	0.03742943	
1419.6	0.03449733	0.03741242	
1419.8	0.03429225	0.03739542	
1420	0.03402026	0.03737842	
1420.2	0.0339322	0.03736144	
1420.4	0.03357178	0.03734446	
1420.6	0.03324471	0.03732749	
1420.8	0.03318707	0.03731053	
1421	0.03295072	0.03729357	
1421.2	0.03278741	0.03727662	
1421.4	0.03314531	0.03725968	
1421.6	0.03339112	0.03724275	
1421.8	0.03356285	0.03722583	
1422	0.0337242	0.03720891	
1422.2	0.03406914	0.037192	
1422.4	0.03444084	0.0371751	
1422.6	0.03474138	0.03715821	
1422.8	0.03485108	0.03714132	
1423	0.03482737	0.03712444	
1423.2	0.03453053	0.03710757	
1423.4	0.03453338	0.03709071	
1423.6	0.03413786	0.03707386	
1423.8	0.03403353	0.03705701	
1424	0.03405238	0.03704017	
1424.2	0.03397584	0.03702334	
1424.4	0.03368517	0.03700651	
1424.6	0.0337302	0.0369897	
1424.8	0.0336677	0.03697289	
1425	0.03359617	0.03695608	
1425.2	0.03352156	0.03693929	
1425.4	0.03354194	0.0369225	
1425.6	0.0334655	0.03690573	
1425.8	0.03293248	0.03688896	
1426	0.03293101	0.03687219	
1426.2	0.03278282	0.03685544	
1426.4	0.03288006	0.03683869	
1426.6	0.03272844	0.03682195	
1426.8	0.03221823	0.03680521	
1427	0.03199238	0.03678849	
1427.2	0.03225512	0.03677177	
1427.4	0.03245195	0.03675506	
1427.6	0.03252224	0.03673836	
1427.8	0.03275074	0.03672166	
1428	0.03271832	0.03670498	
1428.2	0.03287625	0.0366883	
1428.4	0.03273565	0.03667162	
1428.6	0.03323949	0.03665496	
1428.8	0.03333939	0.0366383	
1429	0.03318826	0.03662165	
1429.2	0.03254411	0.03660501	
1429.4	0.03268918	0.03658838	
1429.6	0.03242401	0.03657175	
1429.8	0.0322719	0.03655513	
1430	0.03257071	0.03653852	
1430.2	0.03273017	0.03652191	
1430.4	0.0329278	0.03650532	
1430.6	0.0327796	0.03648873	
1430.8	0.03237873	0.03647215	
1431	0.03251047	0.03645557	
1431.2	0.03290471	0.03643901	
1431.4	0.03279832	0.03642245	
1431.6	0.03286491	0.0364059	
1431.8	0.0327573	0.03638935	
1432	0.03238029	0.03637282	
1432.2	0.03261274	0.03635629	
1432.4	0.03232865	0.03633977	
1432.6	0.0324362	0.03632325	
1432.8	0.03213441	0.03630675	
1433	0.03196914	0.03629025	
1433.2	0.03164768	0.03627376	
1433.4	0.03200974	0.03625727	
1433.6	0.03214981	0.0362408	
1433.8	0.03254012	0.03622433	
1434	0.03245717	0.03620787	
1434.2	0.0326113	0.03619141	
1434.4	0.03260421	0.03617497	
1434.6	0.03239577	0.03615853	
1434.8	0.03240674	0.0361421	
1435	0.03258769	0.03612567	
1435.2	0.03273854	0.03610925	
1435.4	0.03222021	0.03609285	
1435.6	0.03177108	0.03607644	
1435.8	0.03155007	0.03606005	
1436	0.03121197	0.03604366	
1436.2	0.03123138	0.03602728	
1436.4	0.0312314	0.03601091	
1436.6	0.0312994	0.03599455	
1436.8	0.0318112	0.03597819	
1437	0.03214615	0.03596184	
1437.2	0.03184121	0.0359455	
1437.4	0.03209854	0.03592916	
1437.6	0.03213695	0.03591284	
1437.8	0.03227132	0.03589652	
1438	0.03218777	0.0358802	
1438.2	0.03240411	0.0358639	
1438.4	0.03249483	0.0358476	
1438.6	0.03237322	0.03583131	
1438.8	0.03238402	0.03581503	
1439	0.03203987	0.03579875	
1439.2	0.0317911	0.03578249	
1439.4	0.03132566	0.03576623	
1439.6	0.03103128	0.03574997	
1439.8	0.03102053	0.03573373	
