Conc1	1E-07	
Start1	1020	
Stop1	1439.8	
Kobs	0.00227265916157765	
Error Kobs	4.20353758551911E-05	
Koff	0	
Error Koff	0	
Time1	Data1	Fit1	
1020	0.0046148	0	
1020.2	0.00427457	0.00104422	
1020.4	0.00404141	0.00207084	
1020.6	0.00437528	0.00308016	
1020.8	0.00484073	0.00407247	
1021	0.00517829	0.00504806	
1021.2	0.0058415	0.0060072	
1021.4	0.00680468	0.00695018	
1021.6	0.00814473	0.00787727	
1021.8	0.01003799	0.00878874	
1022	0.01194141	0.00968485	
1022.2	0.01415606	0.01056585	
1022.4	0.01599544	0.01143201	
1022.6	0.01748714	0.01228357	
1022.8	0.01904263	0.01312078	
1023	0.02061043	0.01394388	
1023.2	0.02240123	0.01475311	
1023.4	0.02439536	0.0155487	
1023.6	0.02640721	0.01633088	
1023.8	0.02800454	0.01709988	
1024	0.02953782	0.01785592	
1024.2	0.0308742	0.01859922	
1024.4	0.03227482	0.01933	
1024.6	0.03426364	0.02004846	
1024.8	0.03509184	0.02075481	
1025	0.03607774	0.02144925	
1025.2	0.03746604	0.022132	
1025.4	0.03845291	0.02280323	
1025.6	0.03938084	0.02346316	
1025.8	0.04036059	0.02411196	
1026	0.04141099	0.02474983	
1026.2	0.04240175	0.02537695	
1026.4	0.04309785	0.02599351	
1026.6	0.04350899	0.02659967	
1026.8	0.04417564	0.02719561	
1027	0.0448056	0.02778152	
1027.2	0.04530889	0.02835754	
1027.4	0.04624132	0.02892387	
1027.6	0.04684828	0.02948064	
1027.8	0.0469115	0.03002804	
1028	0.0478948	0.03056621	
1028.2	0.04873768	0.03109531	
1028.4	0.04988393	0.03161549	
1028.6	0.05089852	0.0321269	
1028.8	0.05140637	0.0326297	
1029	0.05218706	0.03312403	
1029.2	0.05301464	0.03361002	
1029.4	0.05360602	0.03408782	
1029.6	0.05461066	0.03455757	
1029.8	0.05560488	0.03501941	
1030	0.05645787	0.03547346	
1030.2	0.05706613	0.03591986	
1030.4	0.05728925	0.03635874	
1030.6	0.05744851	0.03679022	
1030.8	0.05732644	0.03721443	
1031	0.05694719	0.03763149	
1031.2	0.05724915	0.03804152	
1031.4	0.05732588	0.03844464	
1031.6	0.05745303	0.03884097	
1031.8	0.05717311	0.03923061	
1032	0.05800429	0.0396137	
1032.2	0.05804675	0.03999032	
1032.4	0.05834226	0.0403606	
1032.6	0.05843815	0.04072464	
1032.8	0.05843941	0.04108254	
1033	0.05870359	0.04143442	
1033.2	0.05893948	0.04178036	
1033.4	0.05969616	0.04212047	
1033.6	0.05991485	0.04245485	
1033.8	0.0603237	0.0427836	
1034	0.06053804	0.0431068	
1034.2	0.06120245	0.04342456	
1034.4	0.0613072	0.04373696	
1034.6	0.06130654	0.0440441	
1034.8	0.06153294	0.04434606	
1035	0.06175143	0.04464294	
1035.2	0.06236225	0.04493481	
1035.4	0.06202126	0.04522176	
1035.6	0.06194569	0.04550387	
1035.8	0.06203964	0.04578123	
1036	0.06232053	0.04605392	
1036.2	0.06188852	0.04632201	
1036.4	0.06171573	0.04658559	
1036.6	0.06170801	0.04684472	
1036.8	0.06161801	0.04709948	
1037	0.06170874	0.04734995	
1037.2	0.06139129	0.0475962	
1037.4	0.06177888	0.0478383	
1037.6	0.06172421	0.04807632	
1037.8	0.06190256	0.04831033	
1038	0.06189944	0.0485404	
1038.2	0.06217332	0.04876659	
1038.4	0.0622222	0.04898896	
1038.6	0.0621792	0.04920759	
1038.8	0.06233347	0.04942254	
1039	0.0621815	0.04963386	
1039.2	0.06214151	0.04984162	
1039.4	0.06208402	0.05004588	
1039.6	0.06190514	0.05024669	
1039.8	0.06210203	0.05044413	
1040	0.06208028	0.05063823	
1040.2	0.06198861	0.05082907	
1040.4	0.06210902	0.05101668	
1040.6	0.06266845	0.05120114	
1040.8	0.06289642	0.05138249	
1041	0.06277363	0.05156078	
1041.2	0.06304003	0.05173607	
1041.4	0.06342994	0.0519084	
1041.6	0.06373206	0.05207783	
1041.8	0.06385748	0.0522444	
1042	0.06434619	0.05240817	
1042.2	0.06456626	0.05256917	
1042.4	0.0646584	0.05272747	
1042.6	0.06445492	0.05288309	
1042.8	0.06428698	0.05303609	
1043	0.06435395	0.05318652	
1043.2	0.06434911	0.05333441	
1043.4	0.06402775	0.0534798	
1043.6	0.06377873	0.05362275	
1043.8	0.06364169	0.05376329	
1044	0.06360279	0.05390146	
1044.2	0.06371271	0.0540373	
1044.4	0.06353369	0.05417085	
1044.6	0.06352362	0.05430215	
1044.8	0.06292463	0.05443124	
1045	0.06268277	0.05455815	
1045.2	0.06280992	0.05468292	
1045.4	0.06271879	0.05480559	
1045.6	0.06266631	0.0549262	
1045.8	0.06256568	0.05504477	
1046	0.06266977	0.05516134	
1046.2	0.06269009	0.05527595	
1046.4	0.06243248	0.05538862	
1046.6	0.06247483	0.0554994	
1046.8	0.06237844	0.05560831	
1047	0.06251656	0.05571539	
1047.2	0.06264296	0.05582066	
1047.4	0.06277349	0.05592416	
1047.6	0.06347724	0.05602591	
1047.8	0.06328712	0.05612595	
1048	0.06364192	0.0562243	
1048.2	0.0638347	0.05632099	
1048.4	0.06350577	0.05641606	
1048.6	0.06338879	0.05650952	
1048.8	0.0633171	0.05660141	
1049	0.06342064	0.05669175	
1049.2	0.06341799	0.05678057	
1049.4	0.06316113	0.05686789	
1049.6	0.06292895	0.05695373	
1049.8	0.06303054	0.05703814	
1050	0.06300388	0.05712112	
1050.2	0.0625198	0.0572027	
1050.4	0.06209674	0.0572829	
1050.6	0.06179486	0.05736176	
1050.8	0.06163507	0.05743928	
1051	0.06191441	0.0575155	
1051.2	0.06202505	0.05759044	
1051.4	0.06238947	0.05766411	
1051.6	0.06264993	0.05773654	
1051.8	0.06219218	0.05780775	
1052	0.06261536	0.05787776	
1052.2	0.06268825	0.05794659	
1052.4	0.06293283	0.05801425	
1052.6	0.06343377	0.05808078	
1052.8	0.06381026	0.05814619	
1053	0.06380671	0.0582105	
1053.2	0.06368619	0.05827372	
1053.4	0.0637581	0.05833588	
1053.6	0.06407213	0.05839699	
1053.8	0.06400793	0.05845706	
1054	0.06348704	0.05851613	
1054.2	0.06285237	0.0585742	
1054.4	0.06264366	0.0586313	
1054.6	0.06214377	0.05868743	
1054.8	0.06205974	0.05874261	
1055	0.06208114	0.05879686	
1055.2	0.06181016	0.0588502	
1055.4	0.06154735	0.05890265	
1055.6	0.0612701	0.0589542	
1055.8	0.06112908	0.05900489	
1056	0.06148703	0.05905473	
1056.2	0.06121406	0.05910372	
1056.4	0.06140919	0.05915189	
1056.6	0.06138352	0.05919925	
1056.8	0.06127921	0.05924581	
1057	0.06105461	0.05929158	
1057.2	0.06108543	0.05933658	
1057.4	0.06131796	0.05938083	
1057.6	0.06149335	0.05942433	
1057.8	0.06143966	0.05946709	
1058	0.06156439	0.05950914	
1058.2	0.0612657	0.05955047	
1058.4	0.06127347	0.05959111	
1058.6	0.06132036	0.05963107	
1058.8	0.06148712	0.05967035	
1059	0.06156596	0.05970897	
1059.2	0.06131688	0.05974694	
1059.4	0.06105802	0.05978427	
1059.6	0.0613926	0.05982097	
1059.8	0.06152269	0.05985705	
1060	0.06122351	0.05989252	
1060.2	0.0609907	0.0599274	
1060.4	0.06118081	0.05996169	
1060.6	0.06072868	0.0599954	
1060.8	0.06077133	0.06002854	
1061	0.06070071	0.06006112	
1061.2	0.06047731	0.06009316	
1061.4	0.0606024	0.06012465	
1061.6	0.06056271	0.06015561	
1061.8	0.06064622	0.06018606	
1062	0.06027366	0.06021598	
1062.2	0.06027938	0.06024541	
1062.4	0.06068257	0.06027434	
1062.6	0.06095329	0.06030278	
1062.8	0.06108214	0.06033074	
1063	0.06142038	0.06035823	
1063.2	0.06155611	0.06038526	
1063.4	0.06138424	0.06041183	
1063.6	0.06168256	0.06043795	
1063.8	0.061622	0.06046364	
1064	0.06165057	0.06048889	
1064.2	0.06178887	0.06051371	
1064.4	0.06183866	0.06053812	
1064.6	0.06140902	0.06056212	
1064.8	0.06121583	0.06058571	
1065	0.06101462	0.0606089	
1065.2	0.06068785	0.0606317	
1065.4	0.06065159	0.06065412	
1065.6	0.06013739	0.06067616	
1065.8	0.05999307	0.06069783	
1066	0.06008775	0.06071913	
1066.2	0.06014663	0.06074008	
1066.4	0.06009926	0.06076067	
1066.6	0.0599761	0.06078092	
1066.8	0.0600043	0.06080082	
1067	0.06033069	0.06082039	
1067.2	0.06008997	0.06083963	
1067.4	0.05978806	0.06085854	
1067.6	0.06007129	0.06087714	
1067.8	0.0599336	0.06089542	
1068	0.06016586	0.06091339	
1068.2	0.05998868	0.06093107	
1068.4	0.05999122	0.06094844	
1068.6	0.05988204	0.06096552	
1068.8	0.05981134	0.06098231	
1069	0.05957436	0.06099882	
1069.2	0.0592408	0.06101505	
1069.4	0.05912427	0.06103101	
1069.6	0.05905748	0.0610467	
1069.8	0.0589092	0.06106213	
1070	0.05896967	0.06107729	
1070.2	0.05875766	0.0610922	
1070.4	0.05887075	0.06110686	
1070.6	0.05918238	0.06112127	
1070.8	0.05949678	0.06113544	
1071	0.05972118	0.06114937	
1071.2	0.06008797	0.06116306	
1071.4	0.06013632	0.06117652	
1071.6	0.05997149	0.06118976	
1071.8	0.05993746	0.06120277	
1072	0.0602692	0.06121557	
1072.2	0.05992614	0.06122815	
1072.4	0.05998168	0.06124051	
1072.6	0.06011699	0.06125267	
1072.8	0.0599092	0.06126463	
1073	0.05965871	0.06127638	
1073.2	0.05952471	0.06128793	
1073.4	0.05940573	0.06129929	
1073.6	0.05921693	0.06131046	
1073.8	0.0589955	0.06132144	
1074	0.05914555	0.06133223	
1074.2	0.05930908	0.06134285	
1074.4	0.05917503	0.06135328	
1074.6	0.0596196	0.06136354	
1074.8	0.05963888	0.06137362	
1075	0.05946369	0.06138354	
1075.2	0.05953869	0.06139329	
1075.4	0.05909393	0.06140287	
1075.6	0.05862096	0.06141229	
1075.8	0.05873436	0.06142156	
1076	0.05848001	0.06143066	
1076.2	0.05813243	0.06143962	
1076.4	0.05837802	0.06144842	
1076.6	0.05844237	0.06145707	
1076.8	0.05815609	0.06146558	
1077	0.05802647	0.06147395	
1077.2	0.05775528	0.06148217	
1077.4	0.05793688	0.06149026	
1077.6	0.05812416	0.06149821	
1077.8	0.05799443	0.06150602	
1078	0.05814789	0.06151371	
1078.2	0.05806581	0.06152126	
1078.4	0.05792782	0.06152869	
1078.6	0.05819376	0.06153599	
1078.8	0.05798813	0.06154317	
1079	0.05763942	0.06155023	
1079.2	0.05783605	0.06155717	
1079.4	0.05766453	0.06156399	
1079.6	0.05751998	0.0615707	
1079.8	0.05763902	0.06157729	
1080	0.05772726	0.06158377	
1080.2	0.0577112	0.06159015	
1080.4	0.05743816	0.06159641	
1080.6	0.05716863	0.06160257	
1080.8	0.05715924	0.06160863	
1081	0.05723787	0.06161458	
1081.2	0.05717885	0.06162044	
1081.4	0.05746476	0.0616262	
1081.6	0.05761062	0.06163185	
1081.8	0.05742201	0.06163742	
1082	0.05767806	0.06164289	
1082.2	0.05757826	0.06164826	
1082.4	0.05764899	0.06165355	
1082.6	0.05782324	0.06165875	
1082.8	0.05787817	0.06166386	
1083	0.05769009	0.06166888	
1083.2	0.0577109	0.06167382	
1083.4	0.05778926	0.06167868	
1083.6	0.05775017	0.06168345	
1083.8	0.05768605	0.06168815	
1084	0.05744523	0.06169276	
1084.2	0.05738907	0.0616973	
1084.4	0.05700016	0.06170176	
1084.6	0.05727675	0.06170614	
1084.8	0.05725539	0.06171045	
1085	0.05685758	0.06171469	
1085.2	0.05669594	0.06171886	
1085.4	0.05688052	0.06172296	
1085.6	0.05688706	0.06172699	
1085.8	0.05666203	0.06173095	
1086	0.05678242	0.06173484	
1086.2	0.05653166	0.06173867	
1086.4	0.05693172	0.06174243	
1086.6	0.05702874	0.06174613	
1086.8	0.05743167	0.06174977	
1087	0.05726266	0.06175334	
1087.2	0.05762922	0.06175686	
1087.4	0.05786698	0.06176032	
1087.6	0.05757578	0.06176371	
1087.8	0.05768171	0.06176706	
1088	0.05780301	0.06177034	
1088.2	0.05797927	0.06177357	
1088.4	0.05753281	0.06177674	
1088.6	0.05767036	0.06177987	
1088.8	0.05741052	0.06178294	
1089	0.05685424	0.06178595	
1089.2	0.05665045	0.06178892	
1089.4	0.05626627	0.06179184	
1089.6	0.05588273	0.0617947	
1089.8	0.05575278	0.06179752	
1090	0.05544609	0.06180029	
1090.2	0.0551691	0.06180302	
1090.4	0.05546517	0.0618057	
1090.6	0.05542368	0.06180833	
1090.8	0.05560731	0.06181092	
1091	0.05549095	0.06181346	
1091.2	0.0559133	0.06181597	
1091.4	0.05555491	0.06181843	
1091.6	0.05572128	0.06182085	
1091.8	0.05588471	0.06182323	
1092	0.05589499	0.06182556	
1092.2	0.05585794	0.06182786	
1092.4	0.05595274	0.06183012	
1092.6	0.05624668	0.06183234	
1092.8	0.05609086	0.06183453	
1093	0.05578002	0.06183668	
1093.2	0.05543751	0.06183879	
1093.4	0.05531956	0.06184086	
1093.6	0.05498576	0.06184291	
1093.8	0.05506604	0.06184491	
1094	0.05480767	0.06184688	
1094.2	0.05509766	0.06184882	
1094.4	0.05508434	0.06185073	
1094.6	0.05535203	0.06185261	
1094.8	0.05541403	0.06185445	
1095	0.05543126	0.06185626	
1095.2	0.05553731	0.06185804	
1095.4	0.05558845	0.06185979	
1095.6	0.05576846	0.06186152	
1095.8	0.05573425	0.06186321	
1096	0.05606235	0.06186487	
1096.2	0.05608654	0.06186651	
1096.4	0.05610439	0.06186812	
1096.6	0.05624826	0.0618697	
1096.8	0.05615259	0.06187125	
1097	0.05542192	0.06187278	
1097.2	0.05509847	0.06187429	
1097.4	0.05494659	0.06187576	
1097.6	0.0544155	0.06187722	
1097.8	0.05453276	0.06187865	
1098	0.0543489	0.06188005	
1098.2	0.05431444	0.06188143	
1098.4	0.05389993	0.06188279	
1098.6	0.05412004	0.06188412	
1098.8	0.05362136	0.06188543	
1099	0.05343616	0.06188672	
1099.2	0.05360518	0.06188799	
1099.4	0.05363669	0.06188924	
1099.6	0.05333855	0.06189046	
1099.8	0.05337787	0.06189167	
1100	0.05378956	0.06189285	
1100.2	0.05376088	0.06189402	
1100.4	0.05414678	0.06189516	
1100.6	0.0546073	0.06189629	
1100.8	0.05444798	0.0618974	
1101	0.05420292	0.06189849	
1101.2	0.054657	0.06189956	
1101.4	0.0546495	0.06190061	
1101.6	0.05479366	0.06190164	
1101.8	0.05511347	0.06190266	
1102	0.05499626	0.06190366	
1102.2	0.05502706	0.06190464	
1102.4	0.05490487	0.06190561	
1102.6	0.05480528	0.06190656	
1102.8	0.05433817	0.06190749	
1103	0.05393292	0.06190841	
1103.2	0.05370842	0.06190931	
1103.4	0.05337012	0.0619102	
1103.6	0.05348612	0.06191107	
1103.8	0.05375963	0.06191193	
1104	0.05355222	0.06191277	
1104.2	0.05369733	0.0619136	
1104.4	0.05359078	0.06191442	
1104.6	0.05323506	0.06191522	
1104.8	0.05284294	0.06191601	
1105	0.05304519	0.06191678	
1105.2	0.05309216	0.06191754	
1105.4	0.05323487	0.06191829	
1105.6	0.05341173	0.06191903	
1105.8	0.05352726	0.06191975	
1106	0.05371929	0.06192046	
1106.2	0.05416082	0.06192116	
1106.4	0.05406561	0.06192185	
1106.6	0.05412756	0.06192253	
1106.8	0.05388087	0.06192319	
1107	0.05383531	0.06192384	
1107.2	0.05436581	0.06192449	
1107.4	0.05444343	0.06192512	
1107.6	0.0547376	0.06192574	
1107.8	0.05457221	0.06192635	
1108	0.05407817	0.06192695	
1108.2	0.05410122	0.06192754	
1108.4	0.05361437	0.06192812	
1108.6	0.05337774	0.06192869	
1108.8	0.05339012	0.06192925	
1109	0.05349944	0.0619298	
1109.2	0.05352247	0.06193035	
1109.4	0.05345128	0.06193088	
1109.6	0.05324863	0.0619314	
1109.8	0.05318732	0.06193192	
1110	0.05353162	0.06193242	
1110.2	0.05357568	0.06193292	
1110.4	0.05318488	0.06193341	
1110.6	0.05313805	0.06193389	
1110.8	0.05297932	0.06193437	
1111	0.05326189	0.06193483	
1111.2	0.05310923	0.06193529	
1111.4	0.05277196	0.06193574	
1111.6	0.05289658	0.06193618	
1111.8	0.05304484	0.06193661	
1112	0.05286137	0.06193704	
1112.2	0.05298437	0.06193746	
1112.4	0.05285551	0.06193788	
1112.6	0.05316578	0.06193828	
1112.8	0.05305389	0.06193868	
1113	0.05306265	0.06193907	
1113.2	0.05345545	0.06193946	
1113.4	0.05298972	0.06193984	
1113.6	0.05271591	0.06194021	
1113.8	0.05283912	0.06194058	
1114	0.05292175	0.06194094	
1114.2	0.05299398	0.06194129	
1114.4	0.05263954	0.06194164	
1114.6	0.05271128	0.06194198	
1114.8	0.05255431	0.06194232	
1115	0.05249936	0.06194265	
1115.2	0.05239669	0.06194298	
1115.4	0.05264825	0.0619433	
1115.6	0.0525403	0.06194361	
1115.8	0.05242743	0.06194392	
1116	0.05225216	0.06194423	
1116.2	0.05205385	0.06194453	
1116.4	0.0518348	0.06194482	
1116.6	0.05212805	0.06194511	
1116.8	0.0518307	0.06194539	
1117	0.0525839	0.06194567	
1117.2	0.05313436	0.06194595	
1117.4	0.05305439	0.06194622	
1117.6	0.05326358	0.06194648	
1117.8	0.05379793	0.06194674	
1118	0.05388415	0.061947	
1118.2	0.05387971	0.06194725	
1118.4	0.05374374	0.0619475	
1118.6	0.0538109	0.06194774	
1118.8	0.05392145	0.06194798	
1119	0.05413403	0.06194822	
1119.2	0.0542039	0.06194845	
1119.4	0.05386478	0.06194868	
1119.6	0.05368569	0.0619489	
1119.8	0.05342435	0.06194912	
1120	0.05307389	0.06194934	
1120.2	0.05230791	0.06194955	
1120.4	0.0521262	0.06194976	
1120.6	0.05174239	0.06194997	
1120.8	0.05150476	0.06195017	
1121	0.05208825	0.06195037	
1121.2	0.05190775	0.06195056	
1121.4	0.05161571	0.06195076	
1121.6	0.0518673	0.06195095	
1121.8	0.05206524	0.06195113	
1122	0.05170979	0.06195131	
1122.2	0.05211257	0.06195149	
1122.4	0.05231212	0.06195167	
1122.6	0.05241116	0.06195184	
1122.8	0.05265936	0.06195201	
1123	0.05242926	0.06195218	
1123.2	0.05224434	0.06195235	
1123.4	0.05191758	0.06195251	
1123.6	0.05218147	0.06195267	
1123.8	0.05195359	0.06195283	
1124	0.05173487	0.06195298	
1124.2	0.05126758	0.06195313	
1124.4	0.05110401	0.06195328	
1124.6	0.05087855	0.06195343	
1124.8	0.05092684	0.06195357	
1125	0.05100711	0.06195371	
1125.2	0.05078986	0.06195385	
1125.4	0.0507201	0.06195399	
1125.6	0.05135571	0.06195412	
1125.8	0.05094785	0.06195426	
1126	0.05047067	0.06195439	
1126.2	0.05051322	0.06195451	
1126.4	0.04999079	0.06195464	
1126.6	0.04948732	0.06195476	
1126.8	0.04937946	0.06195488	
1127	0.04917296	0.061955	
1127.2	0.04928351	0.06195512	
1127.4	0.04918728	0.06195524	
1127.6	0.0492225	0.06195535	
1127.8	0.04955045	0.06195546	
1128	0.04926977	0.06195557	
1128.2	0.04940141	0.06195568	
1128.4	0.04991908	0.06195578	
1128.6	0.05018087	0.06195589	
1128.8	0.05036205	0.06195599	
1129	0.05047461	0.06195609	
1129.2	0.05038545	0.06195619	
1129.4	0.05006738	0.06195629	
1129.6	0.0499714	0.06195638	
1129.8	0.04928667	0.06195648	
1130	0.04907011	0.06195657	
1130.2	0.04919752	0.06195666	
1130.4	0.04909341	0.06195675	
1130.6	0.04914493	0.06195684	
1130.8	0.0495358	0.06195693	
1131	0.04956199	0.06195701	
1131.2	0.04967314	0.06195709	
1131.4	0.04936033	0.06195718	
1131.6	0.04955807	0.06195726	
1131.8	0.04993859	0.06195734	
1132	0.04971444	0.06195742	
1132.2	0.05032352	0.06195749	
1132.4	0.05056483	0.06195757	
1132.6	0.05052802	0.06195764	
1132.8	0.05063243	0.06195771	
1133	0.05054602	0.06195779	
1133.2	0.05002412	0.06195786	
1133.4	0.04978694	0.06195793	
1133.6	0.0497858	0.06195799	
1133.8	0.04984564	0.06195806	
1134	0.04989494	0.06195813	
1134.2	0.04981565	0.06195819	
1134.4	0.04965217	0.06195826	
1134.6	0.04969984	0.06195832	
1134.8	0.04933278	0.06195838	
1135	0.04935388	0.06195844	
1135.2	0.04924669	0.0619585	
1135.4	0.04921432	0.06195856	
1135.6	0.04901825	0.06195862	
1135.8	0.04899587	0.06195867	
1136	0.04874453	0.06195873	
1136.2	0.04881492	0.06195878	
1136.4	0.04856888	0.06195884	
1136.6	0.04827905	0.06195889	
1136.8	0.04820685	0.06195894	
1137	0.04827308	0.06195899	
1137.2	0.04840591	0.06195904	
1137.4	0.04856112	0.06195909	
1137.6	0.04854	0.06195914	
1137.8	0.0484241	0.06195919	
1138	0.0482625	0.06195923	
1138.2	0.04831538	0.06195928	
1138.4	0.0484845	0.06195933	
1138.6	0.04865162	0.06195937	
1138.8	0.0488518	0.06195941	
1139	0.04937866	0.06195946	
1139.2	0.04963898	0.0619595	
1139.4	0.05003889	0.06195954	
1139.6	0.05014164	0.06195958	
1139.8	0.05063417	0.06195962	
1140	0.06938635	0.06195966	
1140.2	0.06937784	0.06193151	
1140.4	0.0695104	0.06190336	
1140.6	0.06957438	0.06187523	
1140.8	0.06945766	0.06184711	
1141	0.06914524	0.06181901	
1141.2	0.06886529	0.06179092	
1141.4	0.06882954	0.06176284	
1141.6	0.06925075	0.06173477	
1141.8	0.06976589	0.06170672	
1142	0.07000391	0.06167868	
1142.2	0.07044094	0.06165065	
1142.4	0.07097225	0.06162263	
1142.6	0.07110998	0.06159463	
1142.8	0.07169397	0.06156664	
1143	0.07251112	0.06153866	
1143.2	0.0728168	0.0615107	
1143.4	0.07288861	0.06148274	
1143.6	0.07338424	0.0614548	
1143.8	0.07350882	0.06142688	
1144	0.07334412	0.06139896	
1144.2	0.07328086	0.06137106	
1144.4	0.07353186	0.06134317	
1144.6	0.07369001	0.0613153	
1144.8	0.07293669	0.06128743	
1145	0.07254653	0.06125958	
1145.2	0.07254744	0.06123174	
1145.4	0.07280991	0.06120392	
1145.6	0.07321687	0.06117611	
1145.8	0.07335008	0.06114831	
1146	0.07330806	0.06112052	
1146.2	0.07342529	0.06109274	
1146.4	0.07342103	0.06106498	
1146.6	0.07361503	0.06103723	
1146.8	0.07371016	0.06100949	
1147	0.07348134	0.06098177	
1147.2	0.07327652	0.06095406	
1147.4	0.07328387	0.06092636	
1147.6	0.0729995	0.06089867	
1147.8	0.07280392	0.060871	
1148	0.07239632	0.06084334	
1148.2	0.07260243	0.06081569	
1148.4	0.07273582	0.06078805	
1148.6	0.07285063	0.06076043	
1148.8	0.07239628	0.06073282	
1149	0.07282689	0.06070522	
1149.2	0.07318193	0.06067763	
1149.4	0.07354989	0.06065006	
1149.6	0.07368722	0.0606225	
1149.8	0.07403165	0.06059495	
1150	0.07399161	0.06056741	
1150.2	0.07395416	0.06053989	
1150.4	0.07401886	0.06051238	
1150.6	0.07406726	0.06048488	
1150.8	0.07400866	0.06045739	
1151	0.07415448	0.06042992	
1151.2	0.07423952	0.06040246	
1151.4	0.07456246	0.06037501	
1151.6	0.07424593	0.06034757	
1151.8	0.07436779	0.06032015	
1152	0.07468098	0.06029274	
1152.2	0.07466895	0.06026534	
1152.4	0.074701	0.06023795	
1152.6	0.07467418	0.06021058	
1152.8	0.07461209	0.06018322	
1153	0.0743451	0.06015587	
1153.2	0.07398886	0.06012853	
1153.4	0.07385452	0.06010121	
1153.6	0.07329738	0.0600739	
1153.8	0.07289735	0.0600466	
1154	0.07247381	0.06001931	
1154.2	0.07236729	0.05999204	
1154.4	0.07222603	0.05996477	
1154.6	0.0724384	0.05993752	
1154.8	0.07233971	0.05991029	
1155	0.07260594	0.05988306	
1155.2	0.07287426	0.05985585	
1155.4	0.07332822	0.05982865	
1155.6	0.07328999	0.05980146	
1155.8	0.07386743	0.05977429	
1156	0.07436775	0.05974712	
1156.2	0.07427251	0.05971997	
1156.4	0.07467338	0.05969283	
1156.6	0.07465945	0.05966571	
1156.8	0.07487347	0.05963859	
1157	0.07454292	0.05961149	
1157.2	0.0746089	0.0595844	
1157.4	0.0744184	0.05955733	
1157.6	0.07403384	0.05953026	
1157.8	0.0739505	0.05950321	
1158	0.0741027	0.05947617	
1158.2	0.07390293	0.05944914	
1158.4	0.07363925	0.05942213	
1158.6	0.07363307	0.05939512	
1158.8	0.07290738	0.05936813	
1159	0.07333406	0.05934115	
1159.2	0.07362221	0.05931419	
1159.4	0.07359204	0.05928723	
1159.6	0.07358994	0.05926029	
1159.8	0.07375655	0.05923336	
1160	0.07382073	0.05920644	
1160.2	0.07386839	0.05917954	
1160.4	0.07440597	0.05915265	
1160.6	0.07426095	0.05912577	
1160.8	0.07441946	0.0590989	
1161	0.07417592	0.05907204	
1161.2	0.0743814	0.0590452	
1161.4	0.07403498	0.05901836	
1161.6	0.07387576	0.05899155	
1161.8	0.0735592	0.05896474	
1162	0.07320933	0.05893794	
1162.2	0.07281535	0.05891116	
1162.4	0.07219109	0.05888439	
1162.6	0.07201962	0.05885763	
1162.8	0.07155071	0.05883088	
1163	0.07189103	0.05880415	
1163.2	0.07144985	0.05877743	
1163.4	0.07114293	0.05875072	
1163.6	0.07090157	0.05872402	
1163.8	0.07095316	0.05869733	
1164	0.07089697	0.05867066	
1164.2	0.07081066	0.058644	
1164.4	0.07103588	0.05861735	
1164.6	0.0706411	0.05859071	
1164.8	0.07069901	0.05856409	
1165	0.07089557	0.05853747	
1165.2	0.07130892	0.05851087	
1165.4	0.07128691	0.05848428	
1165.6	0.07111708	0.0584577	
1165.8	0.07125708	0.05843114	
1166	0.07150914	0.05840459	
1166.2	0.07156695	0.05837805	
1166.4	0.0714188	0.05835152	
1166.6	0.07140018	0.058325	
1166.8	0.07124962	0.0582985	
1167	0.0709326	0.058272	
1167.2	0.07068318	0.05824552	
1167.4	0.07097467	0.05821906	
1167.6	0.07103079	0.0581926	
1167.8	0.07103096	0.05816615	
1168	0.07079942	0.05813972	
1168.2	0.07092645	0.0581133	
1168.4	0.07066776	0.05808689	
1168.6	0.06991311	0.0580605	
1168.8	0.06997668	0.05803411	
1169	0.070063	0.05800774	
1169.2	0.07017776	0.05798138	
1169.4	0.0702446	0.05795503	
1169.6	0.06960125	0.0579287	
1169.8	0.06950473	0.05790237	
1170	0.0693885	0.05787606	
1170.2	0.06913248	0.05784976	
1170.4	0.06886747	0.05782347	
1170.6	0.06868935	0.05779719	
1170.8	0.06891243	0.05777093	
1171	0.06911379	0.05774468	
1171.2	0.06958264	0.05771843	
1171.4	0.06957826	0.05769221	
1171.6	0.07034437	0.05766599	
1171.8	0.07039159	0.05763978	
1172	0.07052984	0.05761359	
1172.2	0.07042924	0.05758741	
1172.4	0.06993729	0.05756124	
1172.6	0.06977277	0.05753508	
1172.8	0.06954631	0.05750894	
1173	0.06944194	0.0574828	
1173.2	0.06900793	0.05745668	
1173.4	0.06857137	0.05743057	
1173.6	0.06789797	0.05740447	
1173.8	0.06785501	0.05737839	
1174	0.06755962	0.05735231	
1174.2	0.06713978	0.05732625	
1174.4	0.06728652	0.0573002	
1174.6	0.06765322	0.05727416	
1174.8	0.0682432	0.05724813	
1175	0.06829781	0.05722212	
1175.2	0.06827672	0.05719611	
1175.4	0.06849242	0.05717012	
1175.6	0.06928963	0.05714414	
1175.8	0.06900292	0.05711818	
1176	0.06909203	0.05709222	
1176.2	0.06909987	0.05706627	
1176.4	0.06926537	0.05704034	
1176.6	0.06943745	0.05701442	
1176.8	0.06899832	0.05698851	
1177	0.06910145	0.05696262	
1177.2	0.06901913	0.05693673	
1177.4	0.06892205	0.05691086	
1177.6	0.06862457	0.05688499	
1177.8	0.06827591	0.05685914	
1178	0.06782878	0.05683331	
1178.2	0.0677548	0.05680748	
1178.4	0.06816003	0.05678166	
1178.6	0.0677386	0.05675586	
1178.8	0.06784627	0.05673007	
1179	0.06735696	0.05670429	
1179.2	0.06728899	0.05667852	
1179.4	0.06737637	0.05665277	
1179.6	0.06750422	0.05662702	
1179.8	0.06742326	0.05660129	
1180	0.0673094	0.05657557	
1180.2	0.06725375	0.05654986	
1180.4	0.06759093	0.05652416	
1180.6	0.06751224	0.05649847	
1180.8	0.06759111	0.0564728	
1181	0.06792299	0.05644714	
1181.2	0.06792033	0.05642148	
1181.4	0.0676713	0.05639584	
1181.6	0.06782201	0.05637022	
1181.8	0.06837844	0.0563446	
1182	0.06828753	0.056319	
1182.2	0.06850086	0.0562934	
1182.4	0.06842714	0.05626782	
1182.6	0.06820235	0.05624225	
1182.8	0.06834893	0.05621669	
1183	0.06807678	0.05619115	
1183.2	0.06822088	0.05616561	
1183.4	0.06797397	0.05614009	
1183.6	0.06792213	0.05611458	
1183.8	0.06741859	0.05608908	
1184	0.06688193	0.05606359	
1184.2	0.06636166	0.05603811	
1184.4	0.06644842	0.05601265	
1184.6	0.06605249	0.05598719	
1184.8	0.06578972	0.05596175	
1185	0.06574275	0.05593632	
1185.2	0.06562696	0.0559109	
1185.4	0.06563363	0.05588549	
1185.6	0.0659043	0.0558601	
1185.8	0.06627626	0.05583471	
1186	0.06593309	0.05580934	
1186.2	0.06625602	0.05578398	
1186.4	0.06633915	0.05575863	
1186.6	0.06645065	0.05573329	
1186.8	0.06627278	0.05570796	
1187	0.06660637	0.05568265	
1187.2	0.06713918	0.05565735	
1187.4	0.06650808	0.05563205	
1187.6	0.06675964	0.05560677	
1187.8	0.06646482	0.0555815	
1188	0.06677432	0.05555625	
1188.2	0.06682875	0.055531	
1188.4	0.06705227	0.05550576	
1188.6	0.06658215	0.05548054	
1188.8	0.06636938	0.05545533	
1189	0.06626287	0.05543013	
1189.2	0.06603576	0.05540494	
1189.4	0.06591749	0.05537976	
1189.6	0.06619359	0.0553546	
1189.8	0.06632614	0.05532944	
1190	0.06617096	0.0553043	
1190.2	0.06607491	0.05527917	
1190.4	0.06606809	0.05525405	
1190.6	0.06605229	0.05522894	
1190.8	0.06598066	0.05520384	
1191	0.06610445	0.05517875	
1191.2	0.06553567	0.05515368	
1191.4	0.06483778	0.05512861	
1191.6	0.06543281	0.05510356	
1191.8	0.06550373	0.05507852	
1192	0.06587746	0.05505349	
1192.2	0.06544971	0.05502847	
1192.4	0.06519349	0.05500347	
1192.6	0.06440923	0.05497847	
1192.8	0.064244	0.05495349	
1193	0.06401979	0.05492852	
1193.2	0.06403704	0.05490356	
1193.4	0.0639961	0.05487861	
1193.6	0.06408583	0.05485367	
1193.8	0.06403589	0.05482874	
1194	0.06417602	0.05480382	
1194.2	0.06447188	0.05477892	
1194.4	0.06479881	0.05475403	
1194.6	0.06536809	0.05472914	
1194.8	0.06550499	0.05470427	
1195	0.06560861	0.05467942	
1195.2	0.06531582	0.05465457	
1195.4	0.06553011	0.05462973	
1195.6	0.06581032	0.05460491	
1195.8	0.06558875	0.05458009	
1196	0.06557076	0.05455529	
1196.2	0.06507986	0.0545305	
1196.4	0.06498832	0.05450572	
1196.6	0.06460106	0.05448095	
1196.8	0.06464923	0.05445619	
1197	0.06444048	0.05443144	
1197.2	0.06386961	0.05440671	
1197.4	0.06359775	0.05438198	
1197.6	0.06346205	0.05435727	
1197.8	0.06335919	0.05433257	
1198	0.06372352	0.05430788	
1198.2	0.06385223	0.0542832	
1198.4	0.0639987	0.05425853	
1198.6	0.06470964	0.05423388	
1198.8	0.06447384	0.05420923	
1199	0.06469522	0.0541846	
1199.2	0.06455446	0.05415997	
1199.4	0.06465356	0.05413536	
1199.6	0.06481746	0.05411076	
1199.8	0.06480563	0.05408617	
1200	0.06498792	0.05406159	
1200.2	0.06464789	0.05403703	
1200.4	0.06443907	0.05401247	
1200.6	0.06420312	0.05398793	
1200.8	0.06376879	0.05396339	
1201	0.06364326	0.05393887	
1201.2	0.06293743	0.05391436	
1201.4	0.06290488	0.05388986	
1201.6	0.06294161	0.05386537	
1201.8	0.0632118	0.05384089	
1202	0.06342993	0.05381642	
1202.2	0.06295098	0.05379197	
1202.4	0.06305018	0.05376752	
1202.6	0.06294966	0.05374309	
1202.8	0.06269627	0.05371867	
1203	0.06302853	0.05369426	
1203.2	0.06288396	0.05366986	
1203.4	0.06295914	0.05364547	
1203.6	0.0630691	0.05362109	
1203.8	0.06281249	0.05359672	
1204	0.0629804	0.05357237	
1204.2	0.06268129	0.05354802	
1204.4	0.06243773	0.05352369	
1204.6	0.06243651	0.05349937	
1204.8	0.06234765	0.05347505	
1205	0.06245596	0.05345075	
1205.2	0.06201897	0.05342646	
1205.4	0.06216255	0.05340219	
1205.6	0.06263485	0.05337792	
1205.8	0.06294135	0.05335366	
1206	0.06281517	0.05332942	
1206.2	0.06259165	0.05330518	
1206.4	0.06246729	0.05328096	
1206.6	0.06198047	0.05325675	
1206.8	0.06225923	0.05323254	
1207	0.06219392	0.05320835	
1207.2	0.06226851	0.05318417	
1207.4	0.0624391	0.05316001	
1207.6	0.06253705	0.05313585	
1207.8	0.06271654	0.0531117	
1208	0.06267056	0.05308757	
1208.2	0.06253872	0.05306344	
1208.4	0.06237371	0.05303933	
1208.6	0.06196717	0.05301523	
1208.8	0.06160975	0.05299113	
1209	0.06099024	0.05296705	
1209.2	0.06078804	0.05294298	
1209.4	0.06052612	0.05291893	
1209.6	0.06057003	0.05289488	
1209.8	0.06029724	0.05287084	
1210	0.05991086	0.05284681	
1210.2	0.05945709	0.0528228	
1210.4	0.05917141	0.05279879	
1210.6	0.05928998	0.0527748	
1210.8	0.05956691	0.05275082	
1211	0.05946415	0.05272685	
1211.2	0.05981215	0.05270289	
1211.4	0.06023837	0.05267894	
1211.6	0.06052622	0.052655	
1211.8	0.06107341	0.05263107	
1212	0.06107291	0.05260715	
1212.2	0.06180289	0.05258325	
1212.4	0.06192898	0.05255935	
1212.6	0.06156921	0.05253547	
1212.8	0.06145409	0.05251159	
1213	0.06140285	0.05248773	
1213.2	0.06150863	0.05246388	
1213.4	0.0612927	0.05244004	
1213.6	0.06115988	0.05241621	
1213.8	0.06086624	0.05239239	
1214	0.06067399	0.05236858	
1214.2	0.06009526	0.05234478	
1214.4	0.05965967	0.052321	
1214.6	0.05958393	0.05229722	
1214.8	0.05925397	0.05227345	
1215	0.0589801	0.0522497	
1215.2	0.05909968	0.05222596	
1215.4	0.0593902	0.05220222	
1215.6	0.05937955	0.0521785	
1215.8	0.05985649	0.05215479	
1216	0.05973901	0.05213109	
1216.2	0.05973293	0.0521074	
1216.4	0.05942227	0.05208372	
1216.6	0.05900961	0.05206005	
1216.8	0.05886494	0.05203639	
1217	0.05883208	0.05201275	
1217.2	0.05902746	0.05198911	
1217.4	0.05904762	0.05196549	
1217.6	0.05915067	0.05194187	
1217.8	0.0592344	0.05191827	
1218	0.05911707	0.05189467	
1218.2	0.05871175	0.05187109	
1218.4	0.05830247	0.05184752	
1218.6	0.0586643	0.05182396	
1218.8	0.05845264	0.05180041	
1219	0.05814496	0.05177687	
1219.2	0.05842115	0.05175334	
1219.4	0.05855296	0.05172982	
1219.6	0.0586367	0.05170631	
1219.8	0.05872351	0.05168282	
1220	0.05858766	0.05165933	
1220.2	0.05845997	0.05163586	
1220.4	0.05830172	0.05161239	
1220.6	0.05839228	0.05158894	
1220.8	0.05820243	0.05156549	
1221	0.05835555	0.05154206	
1221.2	0.05870811	0.05151864	
1221.4	0.05917067	0.05149523	
1221.6	0.05956591	0.05147183	
1221.8	0.05941677	0.05144844	
1222	0.05900226	0.05142506	
1222.2	0.0585683	0.05140169	
1222.4	0.05787683	0.05137833	
1222.6	0.0580775	0.05135498	
1222.8	0.0578749	0.05133164	
1223	0.0577869	0.05130832	
1223.2	0.05802591	0.051285	
1223.4	0.05780606	0.0512617	
1223.6	0.057549	0.0512384	
1223.8	0.05727343	0.05121512	
1224	0.05743135	0.05119184	
1224.2	0.05716674	0.05116858	
1224.4	0.0569247	0.05114533	
1224.6	0.05704431	0.05112209	
1224.8	0.05672376	0.05109885	
1225	0.05679492	0.05107563	
1225.2	0.05679453	0.05105242	
1225.4	0.05681996	0.05102922	
1225.6	0.05661097	0.05100603	
1225.8	0.05635713	0.05098286	
1226	0.05627896	0.05095969	
1226.2	0.05627613	0.05093653	
1226.4	0.05587105	0.05091338	
1226.6	0.05627076	0.05089025	
1226.8	0.05605147	0.05086712	
1227	0.05631631	0.05084401	
1227.2	0.05587346	0.0508209	
1227.4	0.05567358	0.05079781	
1227.6	0.05556703	0.05077472	
1227.8	0.05604077	0.05075165	
1228	0.0564074	0.05072859	
1228.2	0.05650157	0.05070553	
1228.4	0.05698291	0.05068249	
1228.6	0.05718758	0.05065946	
1228.8	0.05698796	0.05063644	
1229	0.05683592	0.05061343	
1229.2	0.05693242	0.05059043	
1229.4	0.05711124	0.05056744	
1229.6	0.0573813	0.05054446	
1229.8	0.05724274	0.05052149	
1230	0.05717534	0.05049853	
1230.2	0.05660222	0.05047558	
1230.4	0.05623494	0.05045265	
1230.6	0.05636875	0.05042972	
1230.8	0.05589449	0.0504068	
1231	0.05573313	0.0503839	
1231.2	0.05541903	0.050361	
1231.4	0.05554214	0.05033811	
1231.6	0.05582372	0.05031524	
1231.8	0.05614641	0.05029237	
1232	0.05621538	0.05026952	
1232.2	0.05697573	0.05024668	
1232.4	0.05724113	0.05022384	
1232.6	0.05677126	0.05020102	
1232.8	0.05664186	0.05017821	
1233	0.05668278	0.0501554	
1233.2	0.05671932	0.05013261	
1233.4	0.05667703	0.05010983	
1233.6	0.05649178	0.05008706	
1233.8	0.05618231	0.0500643	
1234	0.05592681	0.05004155	
1234.2	0.05554598	0.05001881	
1234.4	0.05582127	0.04999608	
1234.6	0.05566346	0.04997336	
1234.8	0.05514791	0.04995065	
1235	0.054933	0.04992795	
1235.2	0.05518254	0.04990526	
1235.4	0.05548905	0.04988258	
1235.6	0.0555791	0.04985991	
1235.8	0.05545791	0.04983726	
1236	0.05575203	0.04981461	
1236.2	0.05602249	0.04979197	
1236.4	0.05571135	0.04976934	
1236.6	0.05586812	0.04974673	
1236.8	0.05608808	0.04972412	
1237	0.05581666	0.04970153	
1237.2	0.05580252	0.04967894	
1237.4	0.05570783	0.04965636	
1237.6	0.05589795	0.0496338	
1237.8	0.05601024	0.04961124	
1238	0.05631504	0.0495887	
1238.2	0.05655494	0.04956616	
1238.4	0.05671748	0.04954364	
1238.6	0.0563011	0.04952113	
1238.8	0.05541577	0.04949862	
1239	0.0553561	0.04947613	
1239.2	0.05520323	0.04945365	
1239.4	0.0550543	0.04943117	
1239.6	0.05456269	0.04940871	
1239.8	0.05433477	0.04938626	
1240	0.05404837	0.04936381	
1240.2	0.05390457	0.04934138	
1240.4	0.05350486	0.04931896	
1240.6	0.05318166	0.04929655	
1240.8	0.05248124	0.04927415	
1241	0.05202209	0.04925175	
1241.2	0.05189242	0.04922937	
1241.4	0.05177317	0.049207	
1241.6	0.05208868	0.04918464	
1241.8	0.05215884	0.04916229	
1242	0.05190649	0.04913995	
1242.2	0.05186786	0.04911762	
1242.4	0.0516506	0.0490953	
1242.6	0.05116843	0.04907299	
1242.8	0.05085824	0.04905069	
1243	0.05135931	0.0490284	
1243.2	0.05148885	0.04900612	
1243.4	0.05207004	0.04898385	
1243.6	0.05232447	0.04896159	
1243.8	0.05257079	0.04893934	
1244	0.0528304	0.0489171	
1244.2	0.05320123	0.04889487	
1244.4	0.05307403	0.04887265	
1244.6	0.05303128	0.04885044	
1244.8	0.05281064	0.04882824	
1245	0.05261831	0.04880605	
1245.2	0.05238568	0.04878388	
1245.4	0.05241519	0.04876171	
1245.6	0.05265931	0.04873955	
1245.8	0.05243754	0.0487174	
1246	0.05171226	0.04869526	
1246.2	0.05187494	0.04867313	
1246.4	0.05171522	0.04865101	
1246.6	0.05137251	0.0486289	
1246.8	0.05155583	0.04860681	
1247	0.05199353	0.04858472	
1247.2	0.05222767	0.04856264	
1247.4	0.05267719	0.04854057	
1247.6	0.05250999	0.04851851	
1247.8	0.0526341	0.04849647	
1248	0.0526389	0.04847443	
1248.2	0.05228089	0.0484524	
1248.4	0.05232202	0.04843038	
1248.6	0.05187207	0.04840837	
1248.8	0.05196052	0.04838637	
1249	0.05179274	0.04836439	
1249.2	0.05170836	0.04834241	
1249.4	0.0519262	0.04832044	
1249.6	0.0521728	0.04829848	
1249.8	0.05156008	0.04827653	
1250	0.05137984	0.0482546	
1250.2	0.05167287	0.04823267	
1250.4	0.05174342	0.04821075	
1250.6	0.05175149	0.04818884	
1250.8	0.05204164	0.04816694	
1251	0.05237005	0.04814505	
1251.2	0.05252902	0.04812318	
1251.4	0.05266934	0.04810131	
1251.6	0.05242338	0.04807945	
1251.8	0.05204887	0.0480576	
1252	0.05169542	0.04803576	
1252.2	0.05138354	0.04801393	
1252.4	0.05191981	0.04799211	
1252.6	0.05164831	0.0479703	
1252.8	0.0513986	0.0479485	
1253	0.05102289	0.04792672	
1253.2	0.05067881	0.04790494	
1253.4	0.05087172	0.04788317	
1253.6	0.05056618	0.04786141	
1253.8	0.05008859	0.04783966	
1254	0.0499795	0.04781792	
1254.2	0.04975555	0.04779619	
1254.4	0.04937716	0.04777447	
1254.6	0.04930029	0.04775276	
1254.8	0.04933448	0.04773106	
1255	0.04972589	0.04770937	
1255.2	0.04982901	0.04768769	
1255.4	0.04973809	0.04766602	
1255.6	0.05010454	0.04764436	
1255.8	0.04995401	0.0476227	
1256	0.05046834	0.04760106	
1256.2	0.05046316	0.04757943	
1256.4	0.05074665	0.04755781	
1256.6	0.05066939	0.0475362	
1256.8	0.05060654	0.0475146	
1257	0.05091062	0.04749301	
1257.2	0.05040753	0.04747142	
1257.4	0.05028495	0.04744985	
1257.6	0.05009982	0.04742829	
1257.8	0.04974958	0.04740674	
1258	0.04936408	0.04738519	
1258.2	0.04895443	0.04736366	
1258.4	0.04839565	0.04734214	
1258.6	0.04835079	0.04732062	
1258.8	0.04827336	0.04729912	
1259	0.04801073	0.04727762	
1259.2	0.04784905	0.04725614	
1259.4	0.04784303	0.04723467	
1259.6	0.04834214	0.0472132	
1259.8	0.04826064	0.04719175	
1260	0.04883184	0.0471703	
1260.2	0.04862362	0.04714887	
1260.4	0.04873723	0.04712744	
1260.6	0.04855505	0.04710602	
1260.8	0.04810448	0.04708462	
1261	0.04790596	0.04706322	
1261.2	0.04756659	0.04704183	
1261.4	0.0478763	0.04702046	
1261.6	0.04800223	0.04699909	
1261.8	0.04762226	0.04697773	
1262	0.04780021	0.04695638	
1262.2	0.0477887	0.04693504	
1262.4	0.04798112	0.04691372	
1262.6	0.0482227	0.0468924	
1262.8	0.04859665	0.04687109	
1263	0.04838902	0.04684979	
1263.2	0.04854864	0.0468285	
1263.4	0.04869066	0.04680722	
1263.6	0.04896776	0.04678595	
1263.8	0.04933573	0.04676469	
1264	0.04963737	0.04674344	
1264.2	0.04955304	0.04672219	
1264.4	0.04961777	0.04670096	
1264.6	0.04919956	0.04667974	
1264.8	0.04903823	0.04665853	
1265	0.04909302	0.04663732	
1265.2	0.04886927	0.04661613	
1265.4	0.04883331	0.04659495	
1265.6	0.04860255	0.04657377	
1265.8	0.04849928	0.04655261	
1266	0.04860094	0.04653145	
1266.2	0.04847498	0.04651031	
1266.4	0.04823025	0.04648917	
1266.6	0.04808778	0.04646805	
1266.8	0.04783048	0.04644693	
1267	0.04693088	0.04642582	
1267.2	0.04677625	0.04640473	
1267.4	0.0465747	0.04638364	
1267.6	0.04653021	0.04636256	
1267.8	0.04690692	0.04634149	
1268	0.04703843	0.04632043	
1268.2	0.04718943	0.04629938	
1268.4	0.04741257	0.04627834	
1268.6	0.04731305	0.04625731	
1268.8	0.04732266	0.04623629	
1269	0.04746112	0.04621528	
1269.2	0.04758808	0.04619428	
1269.4	0.04745467	0.04617329	
1269.6	0.04767881	0.04615231	
1269.8	0.04737638	0.04613133	
1270	0.04764026	0.04611037	
1270.2	0.04727112	0.04608942	
1270.4	0.04678858	0.04606847	
1270.6	0.04689197	0.04604754	
1270.8	0.0463795	0.04602661	
1271	0.04645349	0.0460057	
1271.2	0.04637338	0.04598479	
1271.4	0.04612698	0.04596389	
1271.6	0.04636828	0.04594301	
1271.8	0.04661301	0.04592213	
1272	0.0466091	0.04590126	
1272.2	0.04665861	0.0458804	
1272.4	0.04697444	0.04585955	
1272.6	0.04701686	0.04583871	
1272.8	0.04647053	0.04581788	
1273	0.04633895	0.04579706	
1273.2	0.0462342	0.04577625	
1273.4	0.0459335	0.04575545	
1273.6	0.04648896	0.04573465	
1273.8	0.04606391	0.04571387	
1274	0.04615589	0.0456931	
1274.2	0.04562443	0.04567233	
1274.4	0.04535147	0.04565158	
1274.6	0.04552926	0.04563083	
1274.8	0.04533111	0.0456101	
1275	0.04576477	0.04558937	
1275.2	0.0455485	0.04556865	
1275.4	0.04574253	0.04554795	
1275.6	0.04608122	0.04552725	
1275.8	0.04631094	0.04550656	
1276	0.04602472	0.04548588	
1276.2	0.04609339	0.04546521	
1276.4	0.04589094	0.04544455	
1276.6	0.04581462	0.0454239	
1276.8	0.04562877	0.04540326	
1277	0.04545015	0.04538262	
1277.2	0.0454204	0.045362	
1277.4	0.04568157	0.04534139	
1277.6	0.04594478	0.04532078	
1277.8	0.0452607	0.04530019	
1278	0.04529849	0.0452796	
1278.2	0.04522241	0.04525902	
1278.4	0.04493721	0.04523846	
1278.6	0.04504641	0.0452179	
1278.8	0.04508688	0.04519735	
1279	0.04512214	0.04517681	
1279.2	0.04491741	0.04515628	
1279.4	0.04497502	0.04513576	
1279.6	0.04504554	0.04511525	
1279.8	0.04493678	0.04509475	
1280	0.04473405	0.04507426	
1280.2	0.0445901	0.04505377	
1280.4	0.04424333	0.0450333	
1280.6	0.04466167	0.04501284	
1280.8	0.04440813	0.04499238	
1281	0.04440508	0.04497194	
1281.2	0.04458377	0.0449515	
1281.4	0.04494648	0.04493107	
1281.6	0.04515264	0.04491065	
1281.8	0.04491526	0.04489024	
1282	0.04509478	0.04486985	
1282.2	0.04516934	0.04484946	
1282.4	0.04506307	0.04482907	
1282.6	0.04531667	0.0448087	
1282.8	0.04524742	0.04478834	
1283	0.04504869	0.04476799	
1283.2	0.04484975	0.04474764	
1283.4	0.04480078	0.04472731	
1283.6	0.04439496	0.04470698	
1283.8	0.04402134	0.04468667	
1284	0.04369964	0.04466636	
1284.2	0.04355912	0.04464606	
1284.4	0.04398093	0.04462577	
1284.6	0.04408002	0.0446055	
1284.8	0.04396896	0.04458522	
1285	0.04409015	0.04456496	
1285.2	0.04413703	0.04454471	
1285.4	0.04425944	0.04452447	
1285.6	0.04418539	0.04450424	
1285.8	0.0438498	0.04448401	
1286	0.04399896	0.0444638	
1286.2	0.04432601	0.04444359	
1286.4	0.04409635	0.0444234	
1286.6	0.04399924	0.04440321	
1286.8	0.04323662	0.04438303	
1287	0.04313519	0.04436286	
1287.2	0.04283044	0.0443427	
1287.4	0.04256657	0.04432255	
1287.6	0.04218354	0.04430241	
1287.8	0.04188594	0.04428228	
1288	0.04144392	0.04426215	
1288.2	0.04184131	0.04424204	
1288.4	0.0421674	0.04422194	
1288.6	0.04171804	0.04420184	
1288.8	0.04172975	0.04418175	
1289	0.04182651	0.04416168	
1289.2	0.04168762	0.04414161	
1289.4	0.04161794	0.04412155	
1289.6	0.04171343	0.0441015	
1289.8	0.04221703	0.04408146	
1290	0.04300074	0.04406143	
1290.2	0.04302061	0.0440414	
1290.4	0.04289725	0.04402139	
1290.6	0.04303164	0.04400138	
1290.8	0.04266263	0.04398139	
1291	0.04274766	0.0439614	
1291.2	0.0424549	0.04394143	
1291.4	0.04230004	0.04392146	
1291.6	0.04208952	0.0439015	
1291.8	0.04145279	0.04388155	
1292	0.04109993	0.04386161	
1292.2	0.04141929	0.04384167	
1292.4	0.04155042	0.04382175	
1292.6	0.04128813	0.04380184	
1292.8	0.04090985	0.04378193	
1293	0.04071193	0.04376204	
1293.2	0.0407052	0.04374215	
1293.4	0.0412653	0.04372227	
1293.6	0.04172246	0.0437024	
1293.8	0.04223358	0.04368254	
1294	0.04249399	0.04366269	
1294.2	0.04199921	0.04364285	
1294.4	0.04198229	0.04362302	
1294.6	0.04160783	0.0436032	
1294.8	0.04127718	0.04358338	
1295	0.04135499	0.04356358	
1295.2	0.04153678	0.04354378	
1295.4	0.04163175	0.04352399	
1295.6	0.04149604	0.04350421	
1295.8	0.04121287	0.04348444	
1296	0.04110632	0.04346468	
1296.2	0.04140664	0.04344493	
1296.4	0.04116182	0.04342519	
1296.6	0.04096854	0.04340546	
1296.8	0.04090088	0.04338573	
1297	0.04127273	0.04336602	
1297.2	0.0417145	0.04334631	
1297.4	0.04177843	0.04332661	
1297.6	0.04164099	0.04330692	
1297.8	0.04180667	0.04328724	
1298	0.0419249	0.04326757	
1298.2	0.04178464	0.04324791	
1298.4	0.04157773	0.04322826	
1298.6	0.0409358	0.04320861	
1298.8	0.04079749	0.04318898	
1299	0.04043913	0.04316935	
1299.2	0.04020065	0.04314973	
1299.4	0.04009523	0.04313012	
1299.6	0.03981837	0.04311053	
1299.8	0.03970801	0.04309093	
1300	0.03949479	0.04307135	
1300.2	0.03969191	0.04305178	
1300.4	0.03952943	0.04303222	
1300.6	0.03985148	0.04301266	
1300.8	0.04017377	0.04299311	
1301	0.0400265	0.04297358	
1301.2	0.04010067	0.04295405	
1301.4	0.0404608	0.04293453	
1301.6	0.04093397	0.04291502	
1301.8	0.04133382	0.04289552	
1302	0.04147795	0.04287602	
1302.2	0.04108417	0.04285654	
1302.4	0.04039303	0.04283706	
1302.6	0.04002782	0.0428176	
1302.8	0.03978012	0.04279814	
1303	0.03964354	0.04277869	
1303.2	0.03956065	0.04275925	
1303.4	0.03977727	0.04273982	
1303.6	0.03953194	0.0427204	
1303.8	0.03976762	0.04270099	
1304	0.0396286	0.04268158	
1304.2	0.03985956	0.04266219	
1304.4	0.04013898	0.0426428	
1304.6	0.04013022	0.04262342	
1304.8	0.03997595	0.04260405	
1305	0.03999263	0.04258469	
1305.2	0.04032964	0.04256534	
1305.4	0.04062516	0.042546	
1305.6	0.04089613	0.04252666	
1305.8	0.04089818	0.04250734	
1306	0.04074184	0.04248802	
1306.2	0.04049538	0.04246871	
1306.4	0.04033181	0.04244941	
1306.6	0.04015356	0.04243012	
1306.8	0.03986371	0.04241084	
1307	0.03941805	0.04239157	
1307.2	0.03901045	0.0423723	
1307.4	0.03910664	0.04235305	
1307.6	0.03904334	0.0423338	
1307.8	0.03907383	0.04231457	
1308	0.03901435	0.04229534	
1308.2	0.03881592	0.04227612	
1308.4	0.03854964	0.0422569	
1308.6	0.0380565	0.0422377	
1308.8	0.03782221	0.04221851	
1309	0.03804203	0.04219932	
1309.2	0.03798623	0.04218015	
1309.4	0.03832989	0.04216098	
1309.6	0.03853846	0.04214182	
1309.8	0.03840713	0.04212267	
1310	0.03818461	0.04210353	
1310.2	0.03845159	0.04208439	
1310.4	0.0383606	0.04206527	
1310.6	0.03822907	0.04204615	
1310.8	0.03818326	0.04202705	
1311	0.03801978	0.04200795	
1311.2	0.03823381	0.04198886	
1311.4	0.03869917	0.04196978	
1311.6	0.0387687	0.04195071	
1311.8	0.03877773	0.04193164	
1312	0.03886998	0.04191259	
1312.2	0.03853074	0.04189354	
1312.4	0.03882126	0.0418745	
1312.6	0.03882828	0.04185547	
1312.8	0.03910607	0.04183645	
1313	0.03934653	0.04181744	
1313.2	0.03912931	0.04179844	
1313.4	0.03956318	0.04177945	
1313.6	0.03945711	0.04176046	
1313.8	0.03920895	0.04174148	
1314	0.03900048	0.04172251	
1314.2	0.03923995	0.04170355	
1314.4	0.03902097	0.0416846	
1314.6	0.03862503	0.04166566	
1314.8	0.03841115	0.04164673	
1315	0.03811102	0.0416278	
1315.2	0.03739473	0.04160888	
1315.4	0.03719805	0.04158998	
1315.6	0.03687249	0.04157108	
1315.8	0.03700525	0.04155218	
1316	0.03702194	0.0415333	
1316.2	0.03721226	0.04151443	
1316.4	0.03746002	0.04149556	
1316.6	0.03724098	0.04147671	
1316.8	0.03732792	0.04145786	
1317	0.03748294	0.04143902	
1317.2	0.03724997	0.04142019	
1317.4	0.03761802	0.04140136	
1317.6	0.03760349	0.04138255	
1317.8	0.03770663	0.04136375	
1318	0.03744385	0.04134495	
1318.2	0.0379101	0.04132616	
1318.4	0.03777572	0.04130738	
1318.6	0.03764455	0.04128861	
1318.8	0.03733591	0.04126985	
1319	0.03713633	0.04125109	
1319.2	0.03657944	0.04123235	
1319.4	0.03661419	0.04121361	
1319.6	0.03653367	0.04119488	
1319.8	0.03671354	0.04117616	
1320	0.03640274	0.04115745	
1320.2	0.03646353	0.04113875	
1320.4	0.03639844	0.04112005	
1320.6	0.03628165	0.04110136	
1320.8	0.03632624	0.04108269	
1321	0.03631848	0.04106402	
1321.2	0.0361714	0.04104536	
1321.4	0.03651034	0.04102671	
1321.6	0.03671124	0.04100806	
1321.8	0.03691466	0.04098943	
1322	0.0367994	0.0409708	
1322.2	0.03685033	0.04095218	
1322.4	0.03698826	0.04093357	
1322.6	0.03697286	0.04091497	
1322.8	0.03657099	0.04089638	
1323	0.03669998	0.04087779	
1323.2	0.03649297	0.04085922	
1323.4	0.03652494	0.04084065	
1323.6	0.03651663	0.04082209	
1323.8	0.03644506	0.04080354	
1324	0.03631594	0.040785	
1324.2	0.03654872	0.04076646	
1324.4	0.03655769	0.04074794	
1324.6	0.03659005	0.04072942	
1324.8	0.03641157	0.04071091	
1325	0.03638149	0.04069241	
1325.2	0.03634532	0.04067392	
1325.4	0.03623696	0.04065544	
1325.6	0.03602482	0.04063696	
1325.8	0.03600759	0.04061849	
1326	0.03566998	0.04060004	
1326.2	0.03518418	0.04058159	
1326.4	0.03516595	0.04056315	
1326.6	0.03462791	0.04054471	
1326.8	0.03420005	0.04052629	
1327	0.03407692	0.04050787	
1327.2	0.03429921	0.04048946	
1327.4	0.03437207	0.04047106	
1327.6	0.03456124	0.04045267	
1327.8	0.03490726	0.04043429	
1328	0.03496346	0.04041592	
1328.2	0.03475762	0.04039755	
1328.4	0.03498185	0.04037919	
1328.6	0.03519748	0.04036084	
1328.8	0.03501481	0.0403425	
1329	0.03513976	0.04032417	
1329.2	0.03511117	0.04030584	
1329.4	0.03514038	0.04028753	
1329.6	0.0353209	0.04026922	
1329.8	0.03538758	0.04025092	
1330	0.03508187	0.04023263	
1330.2	0.03479545	0.04021435	
1330.4	0.03474724	0.04019607	
1330.6	0.0348323	0.04017781	
1330.8	0.0348973	0.04015955	
1331	0.03524278	0.0401413	
1331.2	0.03564462	0.04012306	
1331.4	0.03587905	0.04010482	
1331.6	0.03623037	0.0400866	
1331.8	0.03593224	0.04006838	
1332	0.03555275	0.04005017	
1332.2	0.03549173	0.04003197	
1332.4	0.03568268	0.04001378	
1332.6	0.03533742	0.0399956	
1332.8	0.03498749	0.03997742	
1333	0.03499777	0.03995926	
1333.2	0.03489895	0.0399411	
1333.4	0.03499757	0.03992295	
1333.6	0.03484106	0.03990481	
1333.8	0.03468126	0.03988667	
1334	0.03435342	0.03986855	
1334.2	0.03452031	0.03985043	
1334.4	0.03448935	0.03983232	
1334.6	0.03447364	0.03981422	
1334.8	0.03449912	0.03979613	
1335	0.03453748	0.03977804	
1335.2	0.03414149	0.03975997	
1335.4	0.03406305	0.0397419	
1335.6	0.03402574	0.03972384	
1335.8	0.03391791	0.03970579	
1336	0.03425877	0.03968774	
1336.2	0.0342895	0.03966971	
1336.4	0.03402473	0.03965168	
1336.6	0.03389464	0.03963366	
1336.8	0.03399882	0.03961565	
1337	0.03426105	0.03959765	
1337.2	0.03395694	0.03957965	
1337.4	0.03381541	0.03956167	
1337.6	0.03362475	0.03954369	
1337.8	0.03376013	0.03952572	
1338	0.03351702	0.03950776	
1338.2	0.03330467	0.0394898	
1338.4	0.03277133	0.03947186	
1338.6	0.03225326	0.03945392	
1338.8	0.03222362	0.03943599	
1339	0.03181442	0.03941807	
1339.2	0.03150716	0.03940016	
1339.4	0.03145125	0.03938226	
1339.6	0.03173594	0.03936436	
1339.8	0.03209405	0.03934647	
1340	0.03231253	0.03932859	
1340.2	0.03253885	0.03931072	
1340.4	0.03262355	0.03929285	
1340.6	0.03294962	0.039275	
1340.8	0.03305889	0.03925715	
1341	0.03271609	0.03923931	
1341.2	0.03230731	0.03922148	
1341.4	0.03264924	0.03920366	
1341.6	0.03321075	0.03918584	
1341.8	0.03330123	0.03916803	
1342	0.03337147	0.03915023	
1342.2	0.03309653	0.03913244	
1342.4	0.03297294	0.03911466	
1342.6	0.03257351	0.03909689	
1342.8	0.03296778	0.03907912	
1343	0.03250733	0.03906136	
1343.2	0.0325521	0.03904361	
1343.4	0.03204934	0.03902587	
1343.6	0.03237036	0.03900813	
1343.8	0.03226681	0.03899041	
1344	0.03207774	0.03897269	
1344.2	0.03223191	0.03895498	
1344.4	0.03194235	0.03893728	
1344.6	0.03197911	0.03891958	
1344.8	0.03147418	0.0389019	
1345	0.03118915	0.03888422	
1345.2	0.03119483	0.03886655	
1345.4	0.03131531	0.03884889	
1345.6	0.03131884	0.03883123	
1345.8	0.031168	0.03881359	
1346	0.03124125	0.03879595	
1346.2	0.03078399	0.03877832	
1346.4	0.03064656	0.0387607	
1346.6	0.03045426	0.03874308	
1346.8	0.03047084	0.03872548	
1347	0.03023631	0.03870788	
1347.2	0.03045153	0.03869029	
1347.4	0.03027808	0.03867271	
1347.6	0.03058257	0.03865513	
1347.8	0.03069343	0.03863757	
1348	0.03113587	0.03862001	
1348.2	0.0313655	0.03860246	
1348.4	0.03150402	0.03858492	
1348.6	0.03183974	0.03856738	
1348.8	0.03173243	0.03854986	
1349	0.03181863	0.03853234	
1349.2	0.03174856	0.03851483	
1349.4	0.03187092	0.03849732	
1349.6	0.03175415	0.03847983	
1349.8	0.03148426	0.03846234	
1350	0.03093053	0.03844487	
1350.2	0.03033871	0.0384274	
1350.4	0.02993219	0.03840993	
1350.6	0.029492	0.03839248	
1350.8	0.02947451	0.03837503	
1351	0.02941269	0.03835759	
1351.2	0.02943509	0.03834016	
1351.4	0.02987829	0.03832274	
1351.6	0.02993192	0.03830532	
1351.8	0.03033085	0.03828792	
1352	0.03055293	0.03827052	
1352.2	0.03034513	0.03825313	
1352.4	0.0307753	0.03823574	
1352.6	0.03102048	0.03821837	
1352.8	0.03111575	0.038201	
1353	0.03126107	0.03818364	
1353.2	0.0315761	0.03816629	
1353.4	0.0316696	0.03814895	
1353.6	0.03147709	0.03813161	
1353.8	0.03114903	0.03811428	
1354	0.03074579	0.03809696	
1354.2	0.03049358	0.03807965	
1354.4	0.03025625	0.03806234	
1354.6	0.03016161	0.03804505	
1354.8	0.03039325	0.03802776	
1355	0.03030574	0.03801048	
1355.2	0.0302715	0.0379932	
1355.4	0.03023307	0.03797594	
1355.6	0.02964254	0.03795868	
1355.8	0.02967225	0.03794143	
1356	0.02956311	0.03792419	
1356.2	0.02948873	0.03790696	
1356.4	0.02968509	0.03788973	
1356.6	0.02954941	0.03787251	
1356.8	0.02944932	0.0378553	
1357	0.02944583	0.0378381	
1357.2	0.02935571	0.03782091	
1357.4	0.02922725	0.03780372	
1357.6	0.02956045	0.03778654	
1357.8	0.02953674	0.03776937	
1358	0.02973715	0.0377522	
1358.2	0.03010182	0.03773505	
1358.4	0.03023786	0.0377179	
1358.6	0.03052615	0.03770076	
1358.8	0.03082388	0.03768363	
1359	0.03080444	0.0376665	
1359.2	0.03047702	0.03764939	
1359.4	0.03047642	0.03763228	
1359.6	0.03056804	0.03761518	
1359.8	0.03124663	0.03759808	
1360	0.03138481	0.037581	
1360.2	0.03146751	0.03756392	
1360.4	0.03143238	0.03754685	
1360.6	0.03112464	0.03752979	
1360.8	0.03091429	0.03751273	
1361	0.03060186	0.03749569	
1361.2	0.03056337	0.03747865	
1361.4	0.03069029	0.03746162	
1361.6	0.03115955	0.03744459	
1361.8	0.03071488	0.03742758	
1362	0.03079917	0.03741057	
1362.2	0.03054795	0.03739357	
1362.4	0.03026554	0.03737658	
1362.6	0.03016096	0.03735959	
1362.8	0.02970711	0.03734261	
1363	0.02941679	0.03732564	
1363.2	0.02924904	0.03730868	
1363.4	0.0289531	0.03729173	
1363.6	0.02878263	0.03727478	
1363.8	0.02887513	0.03725784	
1364	0.02816569	0.03724091	
1364.2	0.02860982	0.03722399	
1364.4	0.02862683	0.03720707	
1364.6	0.02838437	0.03719016	
1364.8	0.02844892	0.03717326	
1365	0.02837123	0.03715637	
1365.2	0.02836738	0.03713949	
1365.4	0.02877402	0.03712261	
1365.6	0.02911465	0.03710574	
1365.8	0.02883831	0.03708888	
1366	0.02913109	0.03707202	
1366.2	0.02887553	0.03705518	
1366.4	0.02890661	0.03703834	
1366.6	0.02889894	0.03702151	
1366.8	0.0285495	0.03700468	
1367	0.02867513	0.03698787	
1367.2	0.02848997	0.03697106	
1367.4	0.02832955	0.03695426	
1367.6	0.02870301	0.03693746	
1367.8	0.02875204	0.03692068	
1368	0.02873988	0.0369039	
1368.2	0.02915073	0.03688713	
1368.4	0.02868327	0.03687037	
1368.6	0.02866851	0.03685361	
1368.8	0.0286104	0.03683687	
1369	0.02849493	0.03682013	
1369.2	0.02850895	0.03680339	
1369.4	0.02873698	0.03678667	
1369.6	0.02857253	0.03676995	
1369.8	0.02832603	0.03675324	
1370	0.02813328	0.03673654	
1370.2	0.02782378	0.03671985	
1370.4	0.02751335	0.03670316	
1370.6	0.02765697	0.03668648	
1370.8	0.02741834	0.03666981	
1371	0.02759579	0.03665315	
1371.2	0.02765965	0.03663649	
1371.4	0.02745158	0.03661984	
1371.6	0.0271123	0.0366032	
1371.8	0.02684197	0.03658657	
1372	0.02694894	0.03656994	
1372.2	0.02690696	0.03655332	
1372.4	0.02701962	0.03653671	
1372.6	0.02706596	0.03652011	
1372.8	0.02696117	0.03650351	
1373	0.02663382	0.03648693	
1373.2	0.0265126	0.03647034	
1373.4	0.02624237	0.03645377	
1373.6	0.02600293	0.03643721	
1373.8	0.02614502	0.03642065	
1374	0.02604813	0.0364041	
1374.2	0.0258387	0.03638755	
1374.4	0.0259551	0.03637102	
1374.6	0.02629588	0.03635449	
1374.8	0.02605736	0.03633797	
1375	0.02652473	0.03632146	
1375.2	0.02653895	0.03630495	
1375.4	0.02656139	0.03628845	
1375.6	0.02690734	0.03627196	
1375.8	0.02734409	0.03625548	
1376	0.02759531	0.036239	
1376.2	0.0279819	0.03622254	
1376.4	0.0279002	0.03620608	
1376.6	0.02790942	0.03618962	
1376.8	0.02799746	0.03617318	
1377	0.02735532	0.03615674	
1377.2	0.02742726	0.03614031	
1377.4	0.02729053	0.03612389	
1377.6	0.02754174	0.03610747	
1377.8	0.02781275	0.03609106	
1378	0.02732429	0.03607466	
1378.2	0.02713687	0.03605827	
1378.4	0.02707589	0.03604188	
1378.6	0.02720253	0.0360255	
1378.8	0.02718621	0.03600913	
1379	0.02757879	0.03599277	
1379.2	0.02754468	0.03597641	
1379.4	0.02766648	0.03596006	
1379.6	0.0275952	0.03594372	
1379.8	0.02746361	0.03592739	
1380	0.02744582	0.03591106	
1380.2	0.02723586	0.03589474	
1380.4	0.02674151	0.03587843	
1380.6	0.02668215	0.03586213	
1380.8	0.02652248	0.03584583	
1381	0.02577146	0.03582954	
1381.2	0.02564313	0.03581326	
1381.4	0.02541363	0.03579698	
1381.6	0.02523241	0.03578072	
1381.8	0.02500385	0.03576446	
1382	0.0247748	0.0357482	
1382.2	0.02491345	0.03573196	
1382.4	0.02475249	0.03571572	
1382.6	0.02514022	0.03569949	
1382.8	0.02509672	0.03568327	
1383	0.02490481	0.03566705	
1383.2	0.02498826	0.03565085	
1383.4	0.02531439	0.03563464	
1383.6	0.02526492	0.03561845	
1383.8	0.02519659	0.03560227	
1384	0.02513892	0.03558609	
1384.2	0.02522803	0.03556992	
1384.4	0.02539763	0.03555375	
1384.6	0.02527038	0.03553759	
1384.8	0.02523593	0.03552145	
1385	0.02515583	0.0355053	
1385.2	0.02522475	0.03548917	
1385.4	0.0251012	0.03547304	
1385.6	0.02489334	0.03545692	
1385.8	0.02510793	0.03544081	
1386	0.02507543	0.0354247	
1386.2	0.02547879	0.03540861	
1386.4	0.02581806	0.03539251	
1386.6	0.02614489	0.03537643	
1386.8	0.02621697	0.03536036	
1387	0.02586162	0.03534429	
1387.2	0.02620108	0.03532823	
1387.4	0.0263486	0.03531217	
1387.6	0.02606195	0.03529612	
1387.8	0.02559664	0.03528008	
1388	0.02563071	0.03526405	
1388.2	0.02555065	0.03524803	
1388.4	0.02523129	0.03523201	
1388.6	0.02470629	0.035216	
1388.8	0.02439683	0.0352	
1389	0.02414049	0.035184	
1389.2	0.02393651	0.03516801	
1389.4	0.02354293	0.03515203	
1389.6	0.02323845	0.03513606	
1389.8	0.02341595	0.03512009	
1390	0.02355254	0.03510413	
1390.2	0.02407942	0.03508818	
1390.4	0.0241208	0.03507223	
1390.6	0.02380507	0.03505629	
1390.8	0.02354489	0.03504036	
1391	0.02348269	0.03502444	
1391.2	0.02383015	0.03500852	
1391.4	0.02383409	0.03499262	
1391.6	0.02405547	0.03497671	
1391.8	0.02428608	0.03496082	
1392	0.02471245	0.03494493	
1392.2	0.02462465	0.03492905	
1392.4	0.0246541	0.03491318	
1392.6	0.0243642	0.03489731	
1392.8	0.0242513	0.03488146	
1393	0.02483791	0.0348656	
1393.2	0.0250857	0.03484976	
1393.4	0.0250722	0.03483392	
1393.6	0.02487389	0.03481809	
1393.8	0.02490506	0.03480227	
1394	0.02474232	0.03478646	
1394.2	0.02458969	0.03477065	
1394.4	0.02410202	0.03475485	
1394.6	0.02368708	0.03473905	
1394.8	0.02344901	0.03472327	
1395	0.02362109	0.03470749	
1395.2	0.02381323	0.03469172	
1395.4	0.02381025	0.03467595	
1395.6	0.02405361	0.03466019	
1395.8	0.02438927	0.03464444	
1396	0.02372702	0.0346287	
1396.2	0.02343053	0.03461296	
1396.4	0.02290653	0.03459723	
1396.6	0.02288769	0.03458151	
1396.8	0.02289521	0.0345658	
1397	0.02303088	0.03455009	
1397.2	0.02276334	0.03453439	
1397.4	0.02281703	0.0345187	
1397.6	0.02281955	0.03450301	
1397.8	0.02316795	0.03448733	
1398	0.02320871	0.03447166	
1398.2	0.02335384	0.03445599	
1398.4	0.02373246	0.03444034	
1398.6	0.02445513	0.03442469	
1398.8	0.02421504	0.03440904	
1399	0.02438696	0.03439341	
1399.2	0.02458695	0.03437778	
1399.4	0.02458481	0.03436215	
1399.6	0.0244905	0.03434654	
1399.8	0.02453564	0.03433093	
1400	0.02402162	0.03431533	
1400.2	0.0239613	0.03429974	
1400.4	0.02359921	0.03428415	
1400.6	0.02379454	0.03426857	
1400.8	0.02352539	0.034253	
1401	0.02319556	0.03423743	
1401.2	0.02290492	0.03422187	
1401.4	0.02302621	0.03420632	
1401.6	0.02290262	0.03419078	
1401.8	0.02274213	0.03417524	
1402	0.02270565	0.03415971	
1402.2	0.02285273	0.03414419	
1402.4	0.02303629	0.03412867	
1402.6	0.02312069	0.03411316	
1402.8	0.02260201	0.03409766	
1403	0.02257683	0.03408216	
1403.2	0.02256339	0.03406668	
1403.4	0.02226576	0.0340512	
1403.6	0.02231207	0.03403572	
1403.8	0.02215097	0.03402026	
1404	0.02206869	0.0340048	
1404.2	0.02222438	0.03398934	
1404.4	0.02240586	0.0339739	
1404.6	0.02266583	0.03395846	
1404.8	0.02272904	0.03394303	
1405	0.02245549	0.0339276	
1405.2	0.02240646	0.03391218	
1405.4	0.02272009	0.03389677	
1405.6	0.02223097	0.03388137	
1405.8	0.02192897	0.03386597	
1406	0.02219265	0.03385058	
1406.2	0.02251271	0.0338352	
1406.4	0.02273869	0.03381983	
1406.6	0.02284057	0.03380446	
1406.8	0.02260187	0.03378909	
1407	0.02223506	0.03377374	
1407.2	0.0221834	0.03375839	
1407.4	0.02211286	0.03374305	
1407.6	0.02223633	0.03372772	
1407.8	0.02220078	0.03371239	
1408	0.02255996	0.03369707	
1408.2	0.02245151	0.03368176	
1408.4	0.02270518	0.03366645	
1408.6	0.02270434	0.03365115	
1408.8	0.02242492	0.03363586	
1409	0.02180245	0.03362058	
1409.2	0.02186134	0.0336053	
1409.4	0.02161926	0.03359003	
1409.6	0.02119754	0.03357476	
1409.8	0.02108014	0.0335595	
1410	0.02102313	0.03354425	
1410.2	0.02111683	0.03352901	
1410.4	0.02106121	0.03351377	
1410.6	0.02095434	0.03349854	
1410.8	0.02093208	0.03348332	
1411	0.02111691	0.03346811	
1411.2	0.02165189	0.0334529	
1411.4	0.02165673	0.0334377	
1411.6	0.02189621	0.0334225	
1411.8	0.02224374	0.03340731	
1412	0.02232294	0.03339213	
1412.2	0.02186627	0.03337696	
1412.4	0.02188864	0.03336179	
1412.6	0.02132566	0.03334663	
1412.8	0.02098106	0.03333148	
1413	0.02076713	0.03331633	
1413.2	0.02066042	0.03330119	
1413.4	0.02054092	0.03328606	
1413.6	0.0203176	0.03327093	
1413.8	0.02018057	0.03325581	
1414	0.02022093	0.0332407	
1414.2	0.02086208	0.03322559	
1414.4	0.0211681	0.03321049	
1414.6	0.02142094	0.0331954	
1414.8	0.0215429	0.03318032	
1415	0.02177262	0.03316524	
1415.2	0.02210469	0.03315017	
1415.4	0.0222074	0.0331351	
1415.6	0.02273847	0.03312005	
1415.8	0.02286434	0.03310499	
1416	0.02251192	0.03308995	
1416.2	0.0218047	0.03307491	
1416.4	0.02112885	0.03305988	
1416.6	0.02075016	0.03304486	
1416.8	0.02087754	0.03302984	
1417	0.02046107	0.03301483	
1417.2	0.020184	0.03299983	
1417.4	0.020149	0.03298484	
1417.6	0.01998659	0.03296985	
1417.8	0.01984795	0.03295486	
1418	0.0197731	0.03293989	
1418.2	0.01957385	0.03292492	
1418.4	0.01950198	0.03290996	
1418.6	0.01971306	0.032895	
1418.8	0.01964269	0.03288005	
1419	0.01982005	0.03286511	
1419.2	0.02014078	0.03285018	
1419.4	0.02033094	0.03283525	
1419.6	0.02057766	0.03282033	
1419.8	0.02060571	0.03280541	
1420	0.02051724	0.03279051	
1420.2	0.02058497	0.0327756	
1420.4	0.02064755	0.03276071	
1420.6	0.02094794	0.03274582	
1420.8	0.02092911	0.03273094	
1421	0.02065325	0.03271607	
1421.2	0.0207423	0.0327012	
1421.4	0.02064603	0.03268634	
1421.6	0.02051406	0.03267149	
1421.8	0.02030932	0.03265664	
1422	0.02016024	0.0326418	
1422.2	0.01999315	0.03262697	
1422.4	0.02042365	0.03261214	
1422.6	0.0207474	0.03259732	
1422.8	0.02038542	0.03258251	
1423	0.02046174	0.0325677	
1423.2	0.02061722	0.0325529	
1423.4	0.02048466	0.03253811	
1423.6	0.02083662	0.03252332	
1423.8	0.02067958	0.03250854	
1424	0.02060556	0.03249377	
1424.2	0.02081481	0.032479	
1424.4	0.02075211	0.03246424	
1424.6	0.02057453	0.03244949	
1424.8	0.02057814	0.03243475	
1425	0.02052209	0.03242001	
1425.2	0.02021041	0.03240527	
1425.4	0.01953046	0.03239055	
1425.6	0.01924101	0.03237583	
1425.8	0.01918217	0.03236112	
1426	0.01884645	0.03234641	
1426.2	0.01898036	0.03233171	
1426.4	0.0191318	0.03231702	
1426.6	0.01919018	0.03230233	
1426.8	0.0188147	0.03228765	
1427	0.01872464	0.03227298	
1427.2	0.01853799	0.03225832	
1427.4	0.01827977	0.03224366	
1427.6	0.01829701	0.032229	
1427.8	0.01800693	0.03221436	
1428	0.01808363	0.03219972	
1428.2	0.0182032	0.03218509	
1428.4	0.01807056	0.03217046	
1428.6	0.0181852	0.03215584	
1428.8	0.0182073	0.03214123	
1429	0.01823011	0.03212662	
1429.2	0.01809996	0.03211202	
1429.4	0.01797598	0.03209743	
1429.6	0.01840617	0.03208285	
1429.8	0.01889645	0.03206827	
1430	0.01910601	0.03205369	
1430.2	0.01950924	0.03203913	
1430.4	0.01953205	0.03202457	
1430.6	0.01996951	0.03201001	
1430.8	0.02014818	0.03199547	
1431	0.02004095	0.03198093	
1431.2	0.02031267	0.0319664	
1431.4	0.02026441	0.03195187	
1431.6	0.0202039	0.03193735	
1431.8	0.01993438	0.03192284	
1432	0.01957059	0.03190833	
1432.2	0.01921026	0.03189383	
1432.4	0.01911874	0.03187934	
1432.6	0.01915127	0.03186485	
1432.8	0.01931279	0.03185037	
1433	0.01935416	0.0318359	
1433.2	0.01932231	0.03182143	
1433.4	0.01910652	0.03180697	
1433.6	0.01894938	0.03179251	
1433.8	0.01905372	0.03177807	
1434	0.01888347	0.03176363	
1434.2	0.01890057	0.03174919	
1434.4	0.01909309	0.03173476	
1434.6	0.01950073	0.03172034	
1434.8	0.01960885	0.03170593	
1435	0.01945837	0.03169152	
1435.2	0.01919898	0.03167712	
1435.4	0.01862673	0.03166272	
1435.6	0.01844107	0.03164833	
1435.8	0.01820622	0.03163395	
1436	0.0182882	0.03161958	
1436.2	0.01842798	0.03160521	
1436.4	0.01820499	0.03159085	
1436.6	0.01833273	0.03157649	
1436.8	0.01848777	0.03156214	
1437	0.01827239	0.0315478	
1437.2	0.01837992	0.03153346	
1437.4	0.01836565	0.03151913	
1437.6	0.01810441	0.03150481	
1437.8	0.01814033	0.03149049	
1438	0.01807992	0.03147618	
1438.2	0.0180968	0.03146188	
1438.4	0.01818501	0.03144758	
1438.6	0.01810042	0.03143329	
1438.8	0.01799269	0.03141901	
1439	0.01774458	0.03140473	
1439.2	0.01739415	0.03139046	
1439.4	0.01744841	0.03137619	
1439.6	0.01764045	0.03136193	
1439.8	0.01781868	0.03134768	
