Conc1	1.25E-08	
Start1	1020	
Stop1	1439.8	
Kobs	0.00667149751962277	
Error Kobs	0.000270021651385573	
Koff	0	
Error Koff	0	
Time1	Data1	Fit1	
1020	0.00907029	0	
1020.2	0.00664439	0	
1020.4	0.00417648	0	
1020.6	0.00189628	0	
1020.8	-0.00057467	0	
1021	-0.00312499	0	
1021.2	-0.00537492	0	
1021.4	-0.0076155	0	
1021.6	-0.00903444	0	
1021.8	-0.00988887	0	
1022	-0.01049004	0	
1022.2	-0.00992381	0	
1022.4	-0.00978532	0	
1022.6	-0.01093409	0	
1022.8	-0.01059597	0	
1023	-0.01106542	0	
1023.2	-0.01163449	0	
1023.4	-0.01142145	0	
1023.6	-0.01178564	0	
1023.8	-0.01178739	0	
1024	-0.0114572	0	
1024.2	-0.01144435	0	
1024.4	-0.01141543	0	
1024.6	-0.01160485	0	
1024.8	-0.01227568	0	
1025	-0.01238269	0	
1025.2	-0.01294401	0	
1025.4	-0.01315774	0	
1025.6	-0.01307394	0	
1025.8	-0.01395136	0	
1026	-0.01423208	0	
1026.2	-0.01441969	0	
1026.4	-0.01476511	0	
1026.6	-0.01451033	0	
1026.8	-0.01418422	0	
1027	-0.01453299	0	
1027.2	-0.013815	0	
1027.4	-0.01402322	0	
1027.6	-0.01390095	0	
1027.8	-0.01336968	0	
1028	-0.01360003	0	
1028.2	-0.01353819	0	
1028.4	-0.01361711	0	
1028.6	-0.01401202	0	
1028.8	-0.01336278	0	
1029	-0.01319058	0	
1029.2	-0.01360936	0	
1029.4	-0.01313848	0	
1029.6	-0.01383946	0	
1029.8	-0.01423894	0	
1030	-0.01401325	0	
1030.2	-0.01406137	0	
1030.4	-0.01320793	0	
1030.6	-0.01338526	0	
1030.8	-0.01380871	0	
1031	-0.01296651	0	
1031.2	-0.01286276	0	
1031.4	-0.01285758	0	
1031.6	-0.01238351	0	
1031.8	-0.01302302	0	
1032	-0.01296505	0	
1032.2	-0.01246553	0	
1032.4	-0.01313102	0	
1032.6	-0.01290085	0	
1032.8	-0.01242867	0	
1033	-0.01333677	0	
1033.2	-0.01339461	0	
1033.4	-0.0134169	0	
1033.6	-0.01413668	0	
1033.8	-0.01392615	0	
1034	-0.01412544	0	
1034.2	-0.01367763	0	
1034.4	-0.01314049	0	
1034.6	-0.01375444	0	
1034.8	-0.01295469	0	
1035	-0.01233144	0	
1035.2	-0.01230196	0	
1035.4	-0.0114461	0	
1035.6	-0.01164124	0	
1035.8	-0.01154499	0	
1036	-0.01031123	0	
1036.2	-0.01040348	0	
1036.4	-0.01062501	0	
1036.6	-0.0102443	0	
1036.8	-0.01099431	0	
1037	-0.01140796	0	
1037.2	-0.01174498	0	
1037.4	-0.01203419	0	
1037.6	-0.01235605	0	
1037.8	-0.012639	0	
1038	-0.01306076	0	
1038.2	-0.0126653	0	
1038.4	-0.01281839	0	
1038.6	-0.01301582	0	
1038.8	-0.01247189	0	
1039	-0.01294098	0	
1039.2	-0.01223141	0	
1039.4	-0.01183745	0	
1039.6	-0.01176086	0	
1039.8	-0.01060032	0	
1040	-0.01033623	0	
1040.2	-0.01054118	0	
1040.4	-0.00963631	0	
1040.6	-0.01026063	0	
1040.8	-0.01037887	0	
1041	-0.01015484	0	
1041.2	-0.01065207	0	
1041.4	-0.01018284	0	
1041.6	-0.01017298	0	
1041.8	-0.01073316	0	
1042	-0.01024342	0	
1042.2	-0.01035284	0	
1042.4	-0.0106437	0	
1042.6	-0.0107527	0	
1042.8	-0.01121734	0	
1043	-0.01130528	0	
1043.2	-0.0111837	0	
1043.4	-0.01177647	0	
1043.6	-0.01143137	0	
1043.8	-0.01113233	0	
1044	-0.01136634	0	
1044.2	-0.01076306	0	
1044.4	-0.01112622	0	
1044.6	-0.0119384	0	
1044.8	-0.01127365	0	
1045	-0.01146181	0	
1045.2	-0.01140229	0	
1045.4	-0.0107596	0	
1045.6	-0.0109346	0	
1045.8	-0.01078861	0	
1046	-0.01032174	0	
1046.2	-0.01087438	0	
1046.4	-0.01055638	0	
1046.6	-0.01116453	0	
1046.8	-0.01121072	0	
1047	-0.01066992	0	
1047.2	-0.01095527	0	
1047.4	-0.01077529	0	
1047.6	-0.01017462	0	
1047.8	-0.01028203	0	
1048	-0.00999387	0	
1048.2	-0.00985192	0	
1048.4	-0.01050718	0	
1048.6	-0.01009983	0	
1048.8	-0.01016474	0	
1049	-0.00985362	0	
1049.2	-0.00961501	0	
1049.4	-0.0096533	0	
1049.6	-0.0091327	0	
1049.8	-0.00850617	0	
1050	-0.00899408	0	
1050.2	-0.00905208	0	
1050.4	-0.00943264	0	
1050.6	-0.01015799	0	
1050.8	-0.00982032	0	
1051	-0.01006224	0	
1051.2	-0.00982954	0	
1051.4	-0.00980688	0	
1051.6	-0.00995111	0	
1051.8	-0.00982208	0	
1052	-0.00972624	0	
1052.2	-0.0099361	0	
1052.4	-0.00962232	0	
1052.6	-0.00977349	0	
1052.8	-0.00970062	0	
1053	-0.00913247	0	
1053.2	-0.00968987	0	
1053.4	-0.00956408	0	
1053.6	-0.00852431	0	
1053.8	-0.00917746	0	
1054	-0.00957909	0	
1054.2	-0.0095411	0	
1054.4	-0.01010936	0	
1054.6	-0.0101463	0	
1054.8	-0.01004599	0	
1055	-0.01015403	0	
1055.2	-0.00957663	0	
1055.4	-0.00988487	0	
1055.6	-0.00993951	0	
1055.8	-0.0093007	0	
1056	-0.00962565	0	
1056.2	-0.00896284	0	
1056.4	-0.00872285	0	
1056.6	-0.00896257	0	
1056.8	-0.00790179	0	
1057	-0.00797494	0	
1057.2	-0.00784018	0	
1057.4	-0.00691261	0	
1057.6	-0.00699628	0	
1057.8	-0.00692892	0	
1058	-0.00611827	0	
1058.2	-0.00649279	0	
1058.4	-0.0063846	0	
1058.6	-0.00637658	0	
1058.8	-0.00677615	0	
1059	-0.00632895	0	
1059.2	-0.006153	0	
1059.4	-0.00664464	0	
1059.6	-0.0065778	0	
1059.8	-0.00640312	0	
1060	-0.00656462	0	
1060.2	-0.00623088	0	
1060.4	-0.00670111	0	
1060.6	-0.00658796	0	
1060.8	-0.00611623	0	
1061	-0.00661282	0	
1061.2	-0.00616119	0	
1061.4	-0.00635145	0	
1061.6	-0.00685105	0	
1061.8	-0.00564831	0	
1062	-0.00608336	0	
1062.2	-0.00642253	0	
1062.4	-0.00601461	0	
1062.6	-0.0064084	0	
1062.8	-0.00620253	0	
1063	-0.00588056	0	
1063.2	-0.0063746	0	
1063.4	-0.00625199	0	
1063.6	-0.00641461	0	
1063.8	-0.00678069	0	
1064	-0.00663407	0	
1064.2	-0.00725199	0	
1064.4	-0.00746316	0	
1064.6	-0.0072734	0	
1064.8	-0.0074132	0	
1065	-0.0072329	0	
1065.2	-0.00734362	0	
1065.4	-0.00776036	0	
1065.6	-0.00710378	0	
1065.8	-0.00672218	0	
1066	-0.00739993	0	
1066.2	-0.00667936	0	
1066.4	-0.00677165	0	
1066.6	-0.00683819	0	
1066.8	-0.0062531	0	
1067	-0.00672438	0	
1067.2	-0.0065529	0	
1067.4	-0.00567893	0	
1067.6	-0.00624073	0	
1067.8	-0.00549024	0	
1068	-0.00525702	0	
1068.2	-0.0057195	0	
1068.4	-0.00532025	0	
1068.6	-0.00545167	0	
1068.8	-0.00570104	0	
1069	-0.00552061	0	
1069.2	-0.0057897	0	
1069.4	-0.00537104	0	
1069.6	-0.00495572	0	
1069.8	-0.00541911	0	
1070	-0.00553329	0	
1070.2	-0.00558658	0	
1070.4	-0.00613916	0	
1070.6	-0.00566525	0	
1070.8	-0.00587945	0	
1071	-0.00657684	0	
1071.2	-0.00568272	0	
1071.4	-0.00527195	0	
1071.6	-0.00519359	0	
1071.8	-0.00457854	0	
1072	-0.00526488	0	
1072.2	-0.0052229	0	
1072.4	-0.00489485	0	
1072.6	-0.00519807	0	
1072.8	-0.00516595	0	
1073	-0.00496187	0	
1073.2	-0.00497356	0	
1073.4	-0.00451789	0	
1073.6	-0.00487738	0	
1073.8	-0.00498923	0	
1074	-0.00502437	0	
1074.2	-0.00526574	0	
1074.4	-0.00499814	0	
1074.6	-0.00475201	0	
1074.8	-0.00515021	0	
1075	-0.00470316	0	
1075.2	-0.0041038	0	
1075.4	-0.00437027	0	
1075.6	-0.00388951	0	
1075.8	-0.00442533	0	
1076	-0.00496285	0	
1076.2	-0.00444258	0	
1076.4	-0.00452137	0	
1076.6	-0.00481566	0	
1076.8	-0.00436677	0	
1077	-0.004524	0	
1077.2	-0.00421904	0	
1077.4	-0.00377519	0	
1077.6	-0.00411234	0	
1077.8	-0.00368513	0	
1078	-0.00371441	0	
1078.2	-0.00396486	0	
1078.4	-0.00347445	0	
1078.6	-0.00356752	0	
1078.8	-0.00321194	0	
1079	-0.00286106	0	
1079.2	-0.00353729	0	
1079.4	-0.00367044	0	
1079.6	-0.00392813	0	
1079.8	-0.00459785	0	
1080	-0.00419795	0	
1080.2	-0.0043856	0	
1080.4	-0.00450459	0	
1080.6	-0.00410149	0	
1080.8	-0.004063	0	
1081	-0.00440326	0	
1081.2	-0.00356917	0	
1081.4	-0.00363351	0	
1081.6	-0.00365891	0	
1081.8	-0.00325096	0	
1082	-0.00350453	0	
1082.2	-0.00360157	0	
1082.4	-0.00327323	0	
1082.6	-0.00352218	0	
1082.8	-0.00339002	0	
1083	-0.0037081	0	
1083.2	-0.00429861	0	
1083.4	-0.00394155	0	
1083.6	-0.00439399	0	
1083.8	-0.00446768	0	
1084	-0.00431353	0	
1084.2	-0.00476734	0	
1084.4	-0.0044018	0	
1084.6	-0.00453086	0	
1084.8	-0.00480835	0	
1085	-0.0045375	0	
1085.2	-0.00460727	0	
1085.4	-0.00468763	0	
1085.6	-0.00417435	0	
1085.8	-0.00445275	0	
1086	-0.0048624	0	
1086.2	-0.00455299	0	
1086.4	-0.0052025	0	
1086.6	-0.00511966	0	
1086.8	-0.00468489	0	
1087	-0.00477479	0	
1087.2	-0.00420489	0	
1087.4	-0.00380632	0	
1087.6	-0.00376517	0	
1087.8	-0.00314056	0	
1088	-0.00317205	0	
1088.2	-0.00292848	0	
1088.4	-0.00279934	0	
1088.6	-0.00324461	0	
1088.8	-0.00287919	0	
1089	-0.00274228	0	
1089.2	-0.00313969	0	
1089.4	-0.00255235	0	
1089.6	-0.00249848	0	
1089.8	-0.0029978	0	
1090	-0.00276115	0	
1090.2	-0.00311238	0	
1090.4	-0.00370151	0	
1090.6	-0.00314702	0	
1090.8	-0.00332694	0	
1091	-0.00356238	0	
1091.2	-0.00281765	0	
1091.4	-0.0030324	0	
1091.6	-0.00302096	0	
1091.8	-0.00326972	0	
1092	-0.00321391	0	
1092.2	-0.00270262	0	
1092.4	-0.00302029	0	
1092.6	-0.00308457	0	
1092.8	-0.0023079	0	
1093	-0.00251383	0	
1093.2	-0.00261596	0	
1093.4	-0.0022097	0	
1093.6	-0.00278492	0	
1093.8	-0.00263552	0	
1094	-0.00271947	0	
1094.2	-0.00327279	0	
1094.4	-0.00299422	0	
1094.6	-0.00325456	0	
1094.8	-0.00386786	0	
1095	-0.00347095	0	
1095.2	-0.0034341	0	
1095.4	-0.00372287	0	
1095.6	-0.00346526	0	
1095.8	-0.00359041	0	
1096	-0.00294924	0	
1096.2	-0.00295166	0	
1096.4	-0.00318019	0	
1096.6	-0.00260019	0	
1096.8	-0.00225162	0	
1097	-0.00250719	0	
1097.2	-0.00180915	0	
1097.4	-0.0020146	0	
1097.6	-0.00208276	0	
1097.8	-0.00105474	0	
1098	-0.00133252	0	
1098.2	-0.00120165	0	
1098.4	-0.00122551	0	
1098.6	-0.00220161	0	
1098.8	-0.00224975	0	
1099	-0.00202669	0	
1099.2	-0.00226472	0	
1099.4	-0.00199304	0	
1099.6	-0.00252921	0	
1099.8	-0.00354357	0	
1100	-0.00340977	0	
1100.2	-0.00395283	0	
1100.4	-0.00445146	0	
1100.6	-0.0041536	0	
1100.8	-0.00421965	0	
1101	-0.00429176	0	
1101.2	-0.00351865	0	
1101.4	-0.00360471	0	
1101.6	-0.00313207	0	
1101.8	-0.00244107	0	
1102	-0.00268741	0	
1102.2	-0.00212517	0	
1102.4	-0.00243828	0	
1102.6	-0.00246573	0	
1102.8	-0.00164862	0	
1103	-0.0019188	0	
1103.2	-0.00173303	0	
1103.4	-0.00130667	0	
1103.6	-0.00246182	0	
1103.8	-0.00266289	0	
1104	-0.00250648	0	
1104.2	-0.00314143	0	
1104.4	-0.0027874	0	
1104.6	-0.00262145	0	
1104.8	-0.00279134	0	
1105	-0.00212345	0	
1105.2	-0.00151665	0	
1105.4	-0.00212566	0	
1105.6	-0.00161714	0	
1105.8	-0.00139398	0	
1106	-0.00129116	0	
1106.2	-0.00138729	0	
1106.4	-0.00207564	0	
1106.6	-0.00200108	0	
1106.8	-0.00206989	0	
1107	-0.00256391	0	
1107.2	-0.0020829	0	
1107.4	-0.0023869	0	
1107.6	-0.00273073	0	
1107.8	-0.00254503	0	
1108	-0.00297993	0	
1108.2	-0.00265153	0	
1108.4	-0.00232871	0	
1108.6	-0.00290069	0	
1108.8	-0.00247063	0	
1109	-0.00167781	0	
1109.2	-0.00197847	0	
1109.4	-0.0017924	0	
1109.6	-0.00123089	0	
1109.8	-0.00176556	0	
1110	-0.00115175	0	
1110.2	-0.001312	0	
1110.4	-0.00119561	0	
1110.6	-0.00063954	0	
1110.8	-0.0007306	0	
1111	-0.00104876	0	
1111.2	-0.00078883	0	
1111.4	-0.00130746	0	
1111.6	-0.0006	0	
1111.8	-0.00093184	0	
1112	-0.00138596	0	
1112.2	-0.0012316	0	
1112.4	-0.00189198	0	
1112.6	-0.00207358	0	
1112.8	-0.00151384	0	
1113	-0.00183377	0	
1113.2	-0.00202349	0	
1113.4	-0.00162763	0	
1113.6	-0.00228951	0	
1113.8	-0.00197725	0	
1114	-0.00122429	0	
1114.2	-0.00115143	0	
1114.4	-0.00091552	0	
1114.6	-0.00105135	0	
1114.8	-0.00159341	0	
1115	-0.00155485	0	
1115.2	-0.00177552	0	
1115.4	-0.00197635	0	
1115.6	-0.00111669	0	
1115.8	-0.00154092	0	
1116	-0.0019706	0	
1116.2	-0.00191131	0	
1116.4	-0.001946	0	
1116.6	-0.00121146	0	
1116.8	-0.00142579	0	
1117	-0.00155883	0	
1117.2	-0.00128426	0	
1117.4	-0.00130787	0	
1117.6	-0.00123546	0	
1117.8	-0.00046279	0	
1118	-0.00102293	0	
1118.2	-0.00065596	0	
1118.4	-0.00016182	0	
1118.6	-0.00085868	0	
1118.8	-0.00080749	0	
1119	-0.00043839	0	
1119.2	-0.00066175	0	
1119.4	-0.00027442	0	
1119.6	0.00006228	0	
1119.8	-0.00015748	0	
1120	0.00022188	0	
1120.2	0.00018105	0	
1120.4	-0.00007092	0	
1120.6	0.00058872	0	
1120.8	-0.00026601	0	
1121	-0.00010853	0	
1121.2	-0.00000059	0	
1121.4	-0.00025723	0	
1121.6	0.00019046	0	
1121.8	-0.00004435	0	
1122	-0.00034473	0	
1122.2	0.00040295	0	
1122.4	0.00009801	0	
1122.6	-0.00103148	0	
1122.8	-0.00023827	0	
1123	-0.00081987	0	
1123.2	-0.00102099	0	
1123.4	-0.0006522	0	
1123.6	-0.00103674	0	
1123.8	-0.00126296	0	
1124	-0.00118439	0	
1124.2	-0.00160716	0	
1124.4	-0.00144117	0	
1124.6	-0.00072863	0	
1124.8	-0.00107554	0	
1125	-0.00036009	0	
1125.2	-0.00005293	0	
1125.4	-0.00068603	0	
1125.6	-0.00002073	0	
1125.8	-0.0002589	0	
1126	-0.00013989	0	
1126.2	-0.00029664	0	
1126.4	-0.00076629	0	
1126.6	-0.0005953	0	
1126.8	-0.00020823	0	
1127	-0.00093218	0	
1127.2	-0.00043186	0	
1127.4	-0.00081724	0	
1127.6	-0.00187437	0	
1127.8	-0.00166564	0	
1128	-0.00194222	0	
1128.2	-0.00200566	0	
1128.4	-0.00148111	0	
1128.6	-0.00173447	0	
1128.8	-0.00194283	0	
1129	-0.00168685	0	
1129.2	-0.00231349	0	
1129.4	-0.0027419	0	
1129.6	-0.00200287	0	
1129.8	-0.00222336	0	
1130	-0.00182506	0	
1130.2	-0.00172933	0	
1130.4	-0.00174665	0	
1130.6	-0.00105304	0	
1130.8	-0.0010875	0	
1131	-0.00118894	0	
1131.2	-0.00082309	0	
1131.4	-0.0014196	0	
1131.6	-0.00098736	0	
1131.8	-0.00087682	0	
1132	-0.00146507	0	
1132.2	-0.00096242	0	
1132.4	-0.00094016	0	
1132.6	-0.00167264	0	
1132.8	-0.0009701	0	
1133	-0.00109768	0	
1133.2	-0.00135986	0	
1133.4	-0.00076857	0	
1133.6	-0.00097808	0	
1133.8	-0.00106417	0	
1134	-0.00108625	0	
1134.2	-0.00178101	0	
1134.4	-0.00187339	0	
1134.6	-0.00169883	0	
1134.8	-0.00213868	0	
1135	-0.00206234	0	
1135.2	-0.00196556	0	
1135.4	-0.00235663	0	
1135.6	-0.00142904	0	
1135.8	-0.00169344	0	
1136	-0.00163768	0	
1136.2	-0.00132346	0	
1136.4	-0.00163862	0	
1136.6	-0.00140268	0	
1136.8	-0.00097096	0	
1137	-0.00165782	0	
1137.2	-0.00101382	0	
1137.4	-0.00089683	0	
1137.6	-0.00144359	0	
1137.8	-0.00118007	0	
1138	-0.00142909	0	
1138.2	-0.0016753	0	
1138.4	-0.00157479	0	
1138.6	-0.00174203	0	
1138.8	-0.00188757	0	
1139	-0.00173079	0	
1139.2	-0.00188108	0	
1139.4	-0.00172872	0	
1139.6	-0.00127554	0	
1139.8	-0.0016799	0	
1140	0.01917001	0	
1140.2	0.01958894	0	
1140.4	0.01949809	0	
1140.6	0.01963141	0	
1140.8	0.02011161	0	
1141	0.02037182	0	
1141.2	0.02080661	0	
1141.4	0.021293	0	
1141.6	0.02154802	0	
1141.8	0.02230612	0	
1142	0.02278574	0	
1142.2	0.02304494	0	
1142.4	0.02386163	0	
1142.6	0.02348369	0	
1142.8	0.02314913	0	
1143	0.02323858	0	
1143.2	0.02326713	0	
1143.4	0.02282807	0	
1143.6	0.02265008	0	
1143.8	0.02230592	0	
1144	0.0226206	0	
1144.2	0.0228006	0	
1144.4	0.02263274	0	
1144.6	0.02252712	0	
1144.8	0.02258842	0	
1145	0.02250339	0	
1145.2	0.02262449	0	
1145.4	0.02300775	0	
1145.6	0.02332549	0	
1145.8	0.02350543	0	
1146	0.02354496	0	
1146.2	0.02322584	0	
1146.4	0.02310544	0	
1146.6	0.02269944	0	
1146.8	0.02263143	0	
1147	0.02261475	0	
1147.2	0.02236273	0	
1147.4	0.02205656	0	
1147.6	0.02175425	0	
1147.8	0.02208802	0	
1148	0.02232395	0	
1148.2	0.02205651	0	
1148.4	0.02212013	0	
1148.6	0.02192728	0	
1148.8	0.02163257	0	
1149	0.02187812	0	
1149.2	0.02219808	0	
1149.4	0.02237019	0	
1149.6	0.02209898	0	
1149.8	0.02199812	0	
1150	0.02167179	0	
1150.2	0.02124535	0	
1150.4	0.02150386	0	
1150.6	0.02147208	0	
1150.8	0.02153511	0	
1151	0.02086776	0	
1151.2	0.02080624	0	
1151.4	0.02084135	0	
1151.6	0.02064073	0	
1151.8	0.02070765	0	
1152	0.02057919	0	
1152.2	0.02016576	0	
1152.4	0.02028514	0	
1152.6	0.01996536	0	
1152.8	0.01944653	0	
1153	0.01944315	0	
1153.2	0.01930308	0	
1153.4	0.01923153	0	
1153.6	0.01877246	0	
1153.8	0.01892289	0	
1154	0.01859317	0	
1154.2	0.01846485	0	
1154.4	0.01877734	0	
1154.6	0.01845034	0	
1154.8	0.01797438	0	
1155	0.01788944	0	
1155.2	0.01838059	0	
1155.4	0.01843101	0	
1155.6	0.01870011	0	
1155.8	0.0187222	0	
1156	0.01864931	0	
1156.2	0.01839132	0	
1156.4	0.0182411	0	
1156.6	0.01820657	0	
1156.8	0.01820791	0	
1157	0.01852096	0	
1157.2	0.01859673	0	
1157.4	0.01875125	0	
1157.6	0.01840672	0	
1157.8	0.01830477	0	
1158	0.01796656	0	
1158.2	0.01780131	0	
1158.4	0.01772392	0	
1158.6	0.01750268	0	
1158.8	0.01710431	0	
1159	0.01721663	0	
1159.2	0.01745071	0	
1159.4	0.01747542	0	
1159.6	0.0174423	0	
1159.8	0.01726816	0	
1160	0.01704062	0	
1160.2	0.01712749	0	
1160.4	0.01726574	0	
1160.6	0.01757628	0	
1160.8	0.01751538	0	
1161	0.01807863	0	
1161.2	0.01788294	0	
1161.4	0.01773773	0	
1161.6	0.01748401	0	
1161.8	0.01728905	0	
1162	0.01708877	0	
1162.2	0.01683016	0	
1162.4	0.01686231	0	
1162.6	0.0170295	0	
1162.8	0.0166387	0	
1163	0.0165493	0	
1163.2	0.01657367	0	
1163.4	0.01618499	0	
1163.6	0.01593467	0	
1163.8	0.01545563	0	
1164	0.01538221	0	
1164.2	0.0152577	0	
1164.4	0.01518486	0	
1164.6	0.01475517	0	
1164.8	0.014629	0	
1165	0.01471662	0	
1165.2	0.01419927	0	
1165.4	0.01438399	0	
1165.6	0.01424289	0	
1165.8	0.01430813	0	
1166	0.01420917	0	
1166.2	0.01399865	0	
1166.4	0.01418784	0	
1166.6	0.01427272	0	
1166.8	0.01412559	0	
1167	0.01406366	0	
1167.2	0.01435241	0	
1167.4	0.01421155	0	
1167.6	0.0138268	0	
1167.8	0.01360759	0	
1168	0.01384453	0	
1168.2	0.01371504	0	
1168.4	0.01354761	0	
1168.6	0.01326176	0	
1168.8	0.01340672	0	
1169	0.01330083	0	
1169.2	0.01314318	0	
1169.4	0.01348746	0	
1169.6	0.01354569	0	
1169.8	0.01380112	0	
1170	0.01360585	0	
1170.2	0.01344284	0	
1170.4	0.01382167	0	
1170.6	0.0137564	0	
1170.8	0.01373369	0	
1171	0.01395686	0	
1171.2	0.01392768	0	
1171.4	0.01353547	0	
1171.6	0.01336151	0	
1171.8	0.01303285	0	
1172	0.01272687	0	
1172.2	0.01248368	0	
1172.4	0.0123278	0	
1172.6	0.01222565	0	
1172.8	0.01224595	0	
1173	0.01235743	0	
1173.2	0.01227176	0	
1173.4	0.01258458	0	
1173.6	0.01245053	0	
1173.8	0.01231386	0	
1174	0.0122418	0	
1174.2	0.01215975	0	
1174.4	0.01230701	0	
1174.6	0.01190269	0	
1174.8	0.01180632	0	
1175	0.0114544	0	
1175.2	0.01138215	0	
1175.4	0.0116706	0	
1175.6	0.01134113	0	
1175.8	0.01134928	0	
1176	0.01120284	0	
1176.2	0.01105367	0	
1176.4	0.01128664	0	
1176.6	0.01132271	0	
1176.8	0.01105623	0	
1177	0.01079465	0	
1177.2	0.01033887	0	
1177.4	0.00981888	0	
1177.6	0.00974256	0	
1177.8	0.00944693	0	
1178	0.0091928	0	
1178.2	0.00906249	0	
1178.4	0.00878008	0	
1178.6	0.00819245	0	
1178.8	0.00836872	0	
1179	0.00855307	0	
1179.2	0.00890832	0	
1179.4	0.00901632	0	
1179.6	0.00899162	0	
1179.8	0.00897574	0	
1180	0.0089712	0	
1180.2	0.00937345	0	
1180.4	0.0095639	0	
1180.6	0.00948141	0	
1180.8	0.00911167	0	
1181	0.00901144	0	
1181.2	0.00924533	0	
1181.4	0.00953073	0	
1181.6	0.00990981	0	
1181.8	0.00964242	0	
1182	0.00977207	0	
1182.2	0.01002458	0	
1182.4	0.00981879	0	
1182.6	0.01004698	0	
1182.8	0.01001126	0	
1183	0.0099531	0	
1183.2	0.0098228	0	
1183.4	0.00923799	0	
1183.6	0.00930704	0	
1183.8	0.00896257	0	
1184	0.00885477	0	
1184.2	0.00873776	0	
1184.4	0.00866489	0	
1184.6	0.00812346	0	
1184.8	0.00786359	0	
1185	0.0080039	0	
1185.2	0.00819698	0	
1185.4	0.00848678	0	
1185.6	0.00842067	0	
1185.8	0.00782108	0	
1186	0.00830622	0	
1186.2	0.00885386	0	
1186.4	0.00783582	0	
1186.6	0.0077814	0	
1186.8	0.00791024	0	
1187	0.0080681	0	
1187.2	0.00795813	0	
1187.4	0.00774883	0	
1187.6	0.00778646	0	
1187.8	0.00746065	0	
1188	0.00750419	0	
1188.2	0.00752406	0	
1188.4	0.00696771	0	
1188.6	0.00693621	0	
1188.8	0.00709602	0	
1189	0.00731281	0	
1189.2	0.00747422	0	
1189.4	0.00730718	0	
1189.6	0.00697051	0	
1189.8	0.00689121	0	
1190	0.00697503	0	
1190.2	0.00625219	0	
1190.4	0.00551134	0	
1190.6	0.00578553	0	
1190.8	0.00568133	0	
1191	0.00516896	0	
1191.2	0.00525388	0	
1191.4	0.00484943	0	
1191.6	0.00487353	0	
1191.8	0.00509277	0	
1192	0.00487191	0	
1192.2	0.00480828	0	
1192.4	0.00495645	0	
1192.6	0.00538906	0	
1192.8	0.00541462	0	
1193	0.00576923	0	
1193.2	0.00589147	0	
1193.4	0.00584881	0	
1193.6	0.00628437	0	
1193.8	0.00614195	0	
1194	0.0063276	0	
1194.2	0.00586039	0	
1194.4	0.00560327	0	
1194.6	0.00535512	0	
1194.8	0.00486434	0	
1195	0.00450779	0	
1195.2	0.00453188	0	
1195.4	0.00443575	0	
1195.6	0.00390836	0	
1195.8	0.00407489	0	
1196	0.00375979	0	
1196.2	0.00360092	0	
1196.4	0.00390279	0	
1196.6	0.00381716	0	
1196.8	0.00397798	0	
1197	0.0045343	0	
1197.2	0.00506615	0	
1197.4	0.00487105	0	
1197.6	0.0055789	0	
1197.8	0.00595323	0	
1198	0.00575289	0	
1198.2	0.00524432	0	
1198.4	0.00539129	0	
1198.6	0.00539387	0	
1198.8	0.00494628	0	
1199	0.00499819	0	
1199.2	0.00452481	0	
1199.4	0.00414572	0	
1199.6	0.00357724	0	
1199.8	0.00371084	0	
1200	0.00287265	0	
1200.2	0.0032432	0	
1200.4	0.00341811	0	
1200.6	0.00307957	0	
1200.8	0.00352583	0	
1201	0.00349113	0	
1201.2	0.00308859	0	
1201.4	0.00376536	0	
1201.6	0.00376397	0	
1201.8	0.00373348	0	
1202	0.00393789	0	
1202.2	0.00411882	0	
1202.4	0.00408833	0	
1202.6	0.00429001	0	
1202.8	0.0041974	0	
1203	0.00423631	0	
1203.2	0.00458852	0	
1203.4	0.00448104	0	
1203.6	0.00422815	0	
1203.8	0.00426172	0	
1204	0.00407931	0	
1204.2	0.00434986	0	
1204.4	0.00444055	0	
1204.6	0.00443329	0	
1204.8	0.00422629	0	
1205	0.00394982	0	
1205.2	0.00345924	0	
1205.4	0.00357824	0	
1205.6	0.00279321	0	
1205.8	0.00319827	0	
1206	0.00297099	0	
1206.2	0.00258821	0	
1206.4	0.0025705	0	
1206.6	0.00263788	0	
1206.8	0.00285202	0	
1207	0.00334785	0	
1207.2	0.00342928	0	
1207.4	0.00314752	0	
1207.6	0.00317655	0	
1207.8	0.00319892	0	
1208	0.00310528	0	
1208.2	0.00332893	0	
1208.4	0.00318583	0	
1208.6	0.00276497	0	
1208.8	0.00225509	0	
1209	0.00154308	0	
1209.2	0.00106308	0	
1209.4	0.00100816	0	
1209.6	0.00062575	0	
1209.8	0.00073107	0	
1210	0.00042305	0	
1210.2	0.00057492	0	
1210.4	0.00073869	0	
1210.6	0.00093459	0	
1210.8	0.00108242	0	
1211	0.00069826	0	
1211.2	0.00106055	0	
1211.4	0.00133645	0	
1211.6	0.00126807	0	
1211.8	0.00146483	0	
1212	0.00174813	0	
1212.2	0.00141947	0	
1212.4	0.00120155	0	
1212.6	0.00115985	0	
1212.8	0.0004052	0	
1213	0.00054456	0	
1213.2	0.00092315	0	
1213.4	0.00082504	0	
1213.6	0.00096562	0	
1213.8	0.00157736	0	
1214	0.00130522	0	
1214.2	0.0017	0	
1214.4	0.00171261	0	
1214.6	0.00112471	0	
1214.8	0.00115837	0	
1215	0.00107951	0	
1215.2	0.00123474	0	
1215.4	0.00090704	0	
1215.6	0.00055465	0	
1215.8	-0.00004737	0	
1216	-0.0002154	0	
1216.2	-0.00069345	0	
1216.4	-0.00087609	0	
1216.6	-0.00102	0	
1216.8	-0.00108958	0	
1217	-0.00086253	0	
1217.2	-0.00115129	0	
1217.4	-0.00101495	0	
1217.6	-0.00126143	0	
1217.8	-0.00078646	0	
1218	-0.00070916	0	
1218.2	-0.00077892	0	
1218.4	-0.00078069	0	
1218.6	-0.00067652	0	
1218.8	-0.00036599	0	
1219	-0.0005866	0	
1219.2	-0.0003339	0	
1219.4	-0.00037174	0	
1219.6	-0.00052503	0	
1219.8	-0.00026277	0	
1220	0.0001662	0	
1220.2	-0.00002037	0	
1220.4	0.00045968	0	
1220.6	0.00055075	0	
1220.8	0.00021399	0	
1221	0.00019433	0	
1221.2	-0.00022123	0	
1221.4	-0.0005842	0	
1221.6	-0.00078527	0	
1221.8	-0.00074884	0	
1222	-0.0014658	0	
1222.2	-0.00168756	0	
1222.4	-0.00172841	0	
1222.6	-0.0018837	0	
1222.8	-0.00205729	0	
1223	-0.00176036	0	
1223.2	-0.00163575	0	
1223.4	-0.00144108	0	
1223.6	-0.00102315	0	
1223.8	-0.0010402	0	
1224	-0.00107896	0	
1224.2	-0.00105693	0	
1224.4	-0.00101287	0	
1224.6	-0.00133238	0	
1224.8	-0.00119691	0	
1225	-0.00127661	0	
1225.2	-0.00178446	0	
1225.4	-0.00169717	0	
1225.6	-0.00184113	0	
1225.8	-0.00200115	0	
1226	-0.00177254	0	
1226.2	-0.00217446	0	
1226.4	-0.00229355	0	
1226.6	-0.00189588	0	
1226.8	-0.00204207	0	
1227	-0.00178102	0	
1227.2	-0.00156751	0	
1227.4	-0.0017586	0	
1227.6	-0.00172929	0	
1227.8	-0.00181509	0	
1228	-0.00245157	0	
1228.2	-0.00247141	0	
1228.4	-0.0029818	0	
1228.6	-0.00296861	0	
1228.8	-0.00284675	0	
1229	-0.00258924	0	
1229.2	-0.00269297	0	
1229.4	-0.0025453	0	
1229.6	-0.00258041	0	
1229.8	-0.00241418	0	
1230	-0.00227964	0	
1230.2	-0.00243339	0	
1230.4	-0.00219558	0	
1230.6	-0.00217487	0	
1230.8	-0.00240593	0	
1231	-0.00269475	0	
1231.2	-0.00301323	0	
1231.4	-0.00331716	0	
1231.6	-0.00292161	0	
1231.8	-0.00367654	0	
1232	-0.00390693	0	
1232.2	-0.00375274	0	
1232.4	-0.004127	0	
1232.6	-0.00376431	0	
1232.8	-0.00372436	0	
1233	-0.00395871	0	
1233.2	-0.00437574	0	
1233.4	-0.00399836	0	
1233.6	-0.00426183	0	
1233.8	-0.00378828	0	
1234	-0.00364821	0	
1234.2	-0.00391527	0	
1234.4	-0.00380647	0	
1234.6	-0.00374867	0	
1234.8	-0.00448477	0	
1235	-0.00462906	0	
1235.2	-0.00445004	0	
1235.4	-0.00446759	0	
1235.6	-0.00406271	0	
1235.8	-0.00417803	0	
1236	-0.00407605	0	
1236.2	-0.00399438	0	
1236.4	-0.00377373	0	
1236.6	-0.00411672	0	
1236.8	-0.00421412	0	
1237	-0.00436474	0	
1237.2	-0.00440357	0	
1237.4	-0.00456365	0	
1237.6	-0.00430802	0	
1237.8	-0.00427717	0	
1238	-0.00440764	0	
1238.2	-0.00418545	0	
1238.4	-0.00406519	0	
1238.6	-0.00451911	0	
1238.8	-0.0045857	0	
1239	-0.00414479	0	
1239.2	-0.00443317	0	
1239.4	-0.00405527	0	
1239.6	-0.00378503	0	
1239.8	-0.00404346	0	
1240	-0.00401925	0	
1240.2	-0.00365249	0	
1240.4	-0.0040116	0	
1240.6	-0.00400975	0	
1240.8	-0.00392187	0	
1241	-0.00460385	0	
1241.2	-0.00450244	0	
1241.4	-0.00454048	0	
1241.6	-0.0048757	0	
1241.8	-0.00500832	0	
1242	-0.0048295	0	
1242.2	-0.00511476	0	
1242.4	-0.00527294	0	
1242.6	-0.00513662	0	
1242.8	-0.00534785	0	
1243	-0.00545031	0	
1243.2	-0.00576852	0	
1243.4	-0.00548743	0	
1243.6	-0.0054245	0	
1243.8	-0.00532086	0	
1244	-0.00558548	0	
1244.2	-0.00542314	0	
1244.4	-0.00520732	0	
1244.6	-0.00540598	0	
1244.8	-0.00542933	0	
1245	-0.00527734	0	
1245.2	-0.00540546	0	
1245.4	-0.00585093	0	
1245.6	-0.00621809	0	
1245.8	-0.00637163	0	
1246	-0.00670851	0	
1246.2	-0.00651674	0	
1246.4	-0.00705355	0	
1246.6	-0.00745044	0	
1246.8	-0.00751248	0	
1247	-0.00731425	0	
1247.2	-0.00744645	0	
1247.4	-0.00712642	0	
1247.6	-0.0071614	0	
1247.8	-0.00731795	0	
1248	-0.00696513	0	
1248.2	-0.00710093	0	
1248.4	-0.00720402	0	
1248.6	-0.00705134	0	
1248.8	-0.00659793	0	
1249	-0.00692819	0	
1249.2	-0.0070593	0	
1249.4	-0.00677167	0	
1249.6	-0.00714779	0	
1249.8	-0.00706971	0	
1250	-0.00657161	0	
1250.2	-0.00687713	0	
1250.4	-0.0071083	0	
1250.6	-0.00645024	0	
1250.8	-0.00617901	0	
1251	-0.00581685	0	
1251.2	-0.00593191	0	
1251.4	-0.00653141	0	
1251.6	-0.00649205	0	
1251.8	-0.00649439	0	
1252	-0.00688102	0	
1252.2	-0.00756109	0	
1252.4	-0.00732725	0	
1252.6	-0.00786152	0	
1252.8	-0.00816151	0	
1253	-0.00847417	0	
1253.2	-0.00844583	0	
1253.4	-0.0085195	0	
1253.6	-0.00818674	0	
1253.8	-0.00781718	0	
1254	-0.00767589	0	
1254.2	-0.0071083	0	
1254.4	-0.00673727	0	
1254.6	-0.0066231	0	
1254.8	-0.00598025	0	
1255	-0.00566241	0	
1255.2	-0.00660973	0	
1255.4	-0.00656289	0	
1255.6	-0.00636942	0	
1255.8	-0.00707402	0	
1256	-0.00721039	0	
1256.2	-0.00753616	0	
1256.4	-0.00848722	0	
1256.6	-0.00906008	0	
1256.8	-0.00912261	0	
1257	-0.00975366	0	
1257.2	-0.00952399	0	
1257.4	-0.00931226	0	
1257.6	-0.00941264	0	
1257.8	-0.00923968	0	
1258	-0.00918232	0	
1258.2	-0.00907464	0	
1258.4	-0.00947722	0	
1258.6	-0.00917247	0	
1258.8	-0.00894979	0	
1259	-0.00912037	0	
1259.2	-0.00893636	0	
1259.4	-0.00865313	0	
1259.6	-0.00890089	0	
1259.8	-0.00858398	0	
1260	-0.00823989	0	
1260.2	-0.00819241	0	
1260.4	-0.00807576	0	
1260.6	-0.00763485	0	
1260.8	-0.00773231	0	
1261	-0.00740166	0	
1261.2	-0.00702589	0	
1261.4	-0.00749893	0	
1261.6	-0.00757539	0	
1261.8	-0.00732061	0	
1262	-0.0080793	0	
1262.2	-0.00814127	0	
1262.4	-0.008729	0	
1262.6	-0.00950191	0	
1262.8	-0.00968713	0	
1263	-0.00951366	0	
1263.2	-0.01013061	0	
1263.4	-0.01045939	0	
1263.6	-0.01004404	0	
1263.8	-0.01012428	0	
1264	-0.01003789	0	
1264.2	-0.00973502	0	
1264.4	-0.00967326	0	
1264.6	-0.00911697	0	
1264.8	-0.00876442	0	
1265	-0.00875328	0	
1265.2	-0.00854332	0	
1265.4	-0.0084047	0	
1265.6	-0.00840784	0	
1265.8	-0.00843967	0	
1266	-0.00864012	0	
1266.2	-0.00906358	0	
1266.4	-0.0097215	0	
1266.6	-0.01008147	0	
1266.8	-0.010181	0	
1267	-0.01072782	0	
1267.2	-0.01061942	0	
1267.4	-0.01050291	0	
1267.6	-0.01088686	0	
1267.8	-0.01100167	0	
1268	-0.01122383	0	
1268.2	-0.0111611	0	
1268.4	-0.01071862	0	
1268.6	-0.01040075	0	
1268.8	-0.01089433	0	
1269	-0.0107901	0	
1269.2	-0.01051511	0	
1269.4	-0.01076538	0	
1269.6	-0.01082838	0	
1269.8	-0.01040723	0	
1270	-0.0107345	0	
1270.2	-0.01074716	0	
1270.4	-0.01073768	0	
1270.6	-0.01143135	0	
1270.8	-0.01154231	0	
1271	-0.01111853	0	
1271.2	-0.01107093	0	
1271.4	-0.01185711	0	
1271.6	-0.0114248	0	
1271.8	-0.01136152	0	
1272	-0.01217709	0	
1272.2	-0.01164967	0	
1272.4	-0.01209831	0	
1272.6	-0.01227387	0	
1272.8	-0.01202291	0	
1273	-0.01159755	0	
1273.2	-0.01210986	0	
1273.4	-0.01179935	0	
1273.6	-0.01183194	0	
1273.8	-0.01199986	0	
1274	-0.01210937	0	
1274.2	-0.01193487	0	
1274.4	-0.01267311	0	
1274.6	-0.0127692	0	
1274.8	-0.0121478	0	
1275	-0.01199437	0	
1275.2	-0.01242276	0	
1275.4	-0.01191621	0	
1275.6	-0.01166574	0	
1275.8	-0.01187333	0	
1276	-0.01182142	0	
1276.2	-0.01179437	0	
1276.4	-0.01202188	0	
1276.6	-0.01123596	0	
1276.8	-0.01148373	0	
1277	-0.0116327	0	
1277.2	-0.01226743	0	
1277.4	-0.01227325	0	
1277.6	-0.01261178	0	
1277.8	-0.01265919	0	
1278	-0.01304545	0	
1278.2	-0.01304838	0	
1278.4	-0.01335861	0	
1278.6	-0.01294977	0	
1278.8	-0.01277241	0	
1279	-0.01287726	0	
1279.2	-0.01268211	0	
1279.4	-0.0128706	0	
1279.6	-0.01288474	0	
1279.8	-0.0127841	0	
1280	-0.01339215	0	
1280.2	-0.01346129	0	
1280.4	-0.01306136	0	
1280.6	-0.01358552	0	
1280.8	-0.01395157	0	
1281	-0.01369956	0	
1281.2	-0.01409824	0	
1281.4	-0.01384586	0	
1281.6	-0.01370281	0	
1281.8	-0.01381266	0	
1282	-0.01378367	0	
1282.2	-0.01249989	0	
1282.4	-0.01222567	0	
1282.6	-0.01222796	0	
1282.8	-0.01171063	0	
1283	-0.01146917	0	
1283.2	-0.01134657	0	
1283.4	-0.01127801	0	
1283.6	-0.01098455	0	
1283.8	-0.01157453	0	
1284	-0.01174059	0	
1284.2	-0.01138589	0	
1284.4	-0.0119258	0	
1284.6	-0.01269403	0	
1284.8	-0.01273813	0	
1285	-0.01321749	0	
1285.2	-0.01364147	0	
1285.4	-0.0137667	0	
1285.6	-0.01439841	0	
1285.8	-0.01422922	0	
1286	-0.01382243	0	
1286.2	-0.01360975	0	
1286.4	-0.01458619	0	
1286.6	-0.01480738	0	
1286.8	-0.0143868	0	
1287	-0.01447862	0	
1287.2	-0.01404319	0	
1287.4	-0.01415454	0	
1287.6	-0.01467385	0	
1287.8	-0.01468329	0	
1288	-0.01437826	0	
1288.2	-0.01451203	0	
1288.4	-0.01475259	0	
1288.6	-0.01443421	0	
1288.8	-0.01450164	0	
1289	-0.01402753	0	
1289.2	-0.01392265	0	
1289.4	-0.01457292	0	
1289.6	-0.01446454	0	
1289.8	-0.01414811	0	
1290	-0.01451484	0	
1290.2	-0.0148106	0	
1290.4	-0.0149962	0	
1290.6	-0.01492068	0	
1290.8	-0.01506555	0	
1291	-0.01451277	0	
1291.2	-0.0144354	0	
1291.4	-0.0150188	0	
1291.6	-0.0147229	0	
1291.8	-0.0145278	0	
1292	-0.01483007	0	
1292.2	-0.01492234	0	
1292.4	-0.01476362	0	
1292.6	-0.0145367	0	
1292.8	-0.0142368	0	
1293	-0.01393625	0	
1293.2	-0.01468366	0	
1293.4	-0.01486857	0	
1293.6	-0.01428721	0	
1293.8	-0.01456775	0	
1294	-0.01434093	0	
1294.2	-0.01380266	0	
1294.4	-0.01414433	0	
1294.6	-0.01402233	0	
1294.8	-0.01372987	0	
1295	-0.01380449	0	
1295.2	-0.01443468	0	
1295.4	-0.01428947	0	
1295.6	-0.01462196	0	
1295.8	-0.01548778	0	
1296	-0.01557456	0	
1296.2	-0.0155295	0	
1296.4	-0.01568053	0	
1296.6	-0.01563383	0	
1296.8	-0.01579519	0	
1297	-0.01625652	0	
1297.2	-0.01632056	0	
1297.4	-0.01575916	0	
1297.6	-0.01588077	0	
1297.8	-0.01577497	0	
1298	-0.01537131	0	
1298.2	-0.01592392	0	
1298.4	-0.01594694	0	
1298.6	-0.01555486	0	
1298.8	-0.01624345	0	
1299	-0.01658997	0	
1299.2	-0.016461	0	
1299.4	-0.01658887	0	
1299.6	-0.01644901	0	
1299.8	-0.01615694	0	
1300	-0.01595885	0	
1300.2	-0.01632401	0	
1300.4	-0.01592089	0	
1300.6	-0.01613685	0	
1300.8	-0.01651332	0	
1301	-0.01605823	0	
1301.2	-0.01591596	0	
1301.4	-0.01585664	0	
1301.6	-0.01539873	0	
1301.8	-0.01510835	0	
1302	-0.01495623	0	
1302.2	-0.01468027	0	
1302.4	-0.0142328	0	
1302.6	-0.01460363	0	
1302.8	-0.01475664	0	
1303	-0.01450829	0	
1303.2	-0.01477691	0	
1303.4	-0.01506575	0	
1303.6	-0.01481057	0	
1303.8	-0.01593408	0	
1304	-0.01640249	0	
1304.2	-0.01625526	0	
1304.4	-0.01633981	0	
1304.6	-0.01689024	0	
1304.8	-0.01682234	0	
1305	-0.01690815	0	
1305.2	-0.0170826	0	
1305.4	-0.01620349	0	
1305.6	-0.01573731	0	
1305.8	-0.016033	0	
1306	-0.01531407	0	
1306.2	-0.01513589	0	
1306.4	-0.01597957	0	
1306.6	-0.01569984	0	
1306.8	-0.01602895	0	
1307	-0.01663468	0	
1307.2	-0.01678347	0	
1307.4	-0.01699625	0	
1307.6	-0.01726795	0	
1307.8	-0.01765076	0	
1308	-0.01729747	0	
1308.2	-0.01734758	0	
1308.4	-0.01719119	0	
1308.6	-0.01694646	0	
1308.8	-0.01701571	0	
1309	-0.01712674	0	
1309.2	-0.01685842	0	
1309.4	-0.01692141	0	
1309.6	-0.01746606	0	
1309.8	-0.01759091	0	
1310	-0.0175679	0	
1310.2	-0.01818248	0	
1310.4	-0.01861679	0	
1310.6	-0.01849061	0	
1310.8	-0.01894663	0	
1311	-0.0187147	0	
1311.2	-0.01874698	0	
1311.4	-0.01898072	0	
1311.6	-0.0188289	0	
1311.8	-0.01868829	0	
1312	-0.01875916	0	
1312.2	-0.01828222	0	
1312.4	-0.0177776	0	
1312.6	-0.01796032	0	
1312.8	-0.01801806	0	
1313	-0.01808028	0	
1313.2	-0.01844111	0	
1313.4	-0.01859829	0	
1313.6	-0.0184257	0	
1313.8	-0.01862525	0	
1314	-0.01869279	0	
1314.2	-0.01860876	0	
1314.4	-0.01912475	0	
1314.6	-0.01930454	0	
1314.8	-0.0191374	0	
1315	-0.01905119	0	
1315.2	-0.01969356	0	
1315.4	-0.01917456	0	
1315.6	-0.0193478	0	
1315.8	-0.01947485	0	
1316	-0.01931238	0	
1316.2	-0.01897258	0	
1316.4	-0.01924421	0	
1316.6	-0.0186644	0	
1316.8	-0.01848618	0	
1317	-0.01877394	0	
1317.2	-0.01868566	0	
1317.4	-0.01848873	0	
1317.6	-0.01853348	0	
1317.8	-0.0186905	0	
1318	-0.01840825	0	
1318.2	-0.01887535	0	
1318.4	-0.01919519	0	
1318.6	-0.01896293	0	
1318.8	-0.01903534	0	
1319	-0.01886458	0	
1319.2	-0.01909988	0	
1319.4	-0.01926934	0	
1319.6	-0.01966204	0	
1319.8	-0.01924104	0	
1320	-0.01895509	0	
1320.2	-0.01926705	0	
1320.4	-0.01859887	0	
1320.6	-0.01768049	0	
1320.8	-0.01851439	0	
1321	-0.01875397	0	
1321.2	-0.01868168	0	
1321.4	-0.01935929	0	
1321.6	-0.01913803	0	
1321.8	-0.01913138	0	
1322	-0.0192209	0	
1322.2	-0.01980352	0	
1322.4	-0.01958349	0	
1322.6	-0.01991151	0	
1322.8	-0.02019203	0	
1323	-0.02001094	0	
1323.2	-0.0204059	0	
1323.4	-0.0211014	0	
1323.6	-0.02021843	0	
1323.8	-0.02013163	0	
1324	-0.02001263	0	
1324.2	-0.01961678	0	
1324.4	-0.01879542	0	
1324.6	-0.01943873	0	
1324.8	-0.01991671	0	
1325	-0.01995076	0	
1325.2	-0.02061494	0	
1325.4	-0.02064827	0	
1325.6	-0.02025651	0	
1325.8	-0.02090026	0	
1326	-0.02101904	0	
1326.2	-0.02120271	0	
1326.4	-0.02123484	0	
1326.6	-0.02184649	0	
1326.8	-0.02155301	0	
1327	-0.02183852	0	
1327.2	-0.02215786	0	
1327.4	-0.02173572	0	
1327.6	-0.02132722	0	
1327.8	-0.02221143	0	
1328	-0.02156558	0	
1328.2	-0.02104623	0	
1328.4	-0.02172188	0	
1328.6	-0.02156685	0	
1328.8	-0.02117995	0	
1329	-0.02142151	0	
1329.2	-0.02103882	0	
1329.4	-0.02050517	0	
1329.6	-0.02113115	0	
1329.8	-0.02131247	0	
1330	-0.0209642	0	
1330.2	-0.02149483	0	
1330.4	-0.02154481	0	
1330.6	-0.02127969	0	
1330.8	-0.02108871	0	
1331	-0.02158763	0	
1331.2	-0.02091115	0	
1331.4	-0.02055672	0	
1331.6	-0.02101378	0	
1331.8	-0.0207746	0	
1332	-0.02026285	0	
1332.2	-0.02041291	0	
1332.4	-0.02032327	0	
1332.6	-0.01907859	0	
1332.8	-0.0196465	0	
1333	-0.01932809	0	
1333.2	-0.0190513	0	
1333.4	-0.01980301	0	
1333.6	-0.02026611	0	
1333.8	-0.02011814	0	
1334	-0.02060098	0	
1334.2	-0.02144228	0	
1334.4	-0.02091341	0	
1334.6	-0.02129587	0	
1334.8	-0.02168686	0	
1335	-0.02152403	0	
1335.2	-0.0212162	0	
1335.4	-0.02177435	0	
1335.6	-0.02183509	0	
1335.8	-0.02175202	0	
1336	-0.02242011	0	
1336.2	-0.0222042	0	
1336.4	-0.02198407	0	
1336.6	-0.02240999	0	
1336.8	-0.02258387	0	
1337	-0.0219582	0	
1337.2	-0.02293191	0	
1337.4	-0.02367248	0	
1337.6	-0.02312782	0	
1337.8	-0.02329781	0	
1338	-0.02370012	0	
1338.2	-0.02381167	0	
1338.4	-0.02332545	0	
1338.6	-0.02386816	0	
1338.8	-0.02333557	0	
1339	-0.02338997	0	
1339.2	-0.02377081	0	
1339.4	-0.02374362	0	
1339.6	-0.02356032	0	
1339.8	-0.02377251	0	
1340	-0.02367951	0	
1340.2	-0.02338641	0	
1340.4	-0.02359158	0	
1340.6	-0.02326442	0	
1340.8	-0.02282151	0	
1341	-0.02349263	0	
1341.2	-0.02409323	0	
1341.4	-0.02375912	0	
1341.6	-0.02356661	0	
1341.8	-0.02369764	0	
1342	-0.02332021	0	
1342.2	-0.02328035	0	
1342.4	-0.0232344	0	
1342.6	-0.02305183	0	
1342.8	-0.02316147	0	
1343	-0.02344873	0	
1343.2	-0.02354902	0	
1343.4	-0.02342349	0	
1343.6	-0.02354058	0	
1343.8	-0.02337233	0	
1344	-0.02284193	0	
1344.2	-0.02280009	0	
1344.4	-0.02255348	0	
1344.6	-0.02257517	0	
1344.8	-0.02325092	0	
1345	-0.02309599	0	
1345.2	-0.02292436	0	
1345.4	-0.02311617	0	
1345.6	-0.02349218	0	
1345.8	-0.0227346	0	
1346	-0.0223327	0	
1346.2	-0.02282585	0	
1346.4	-0.02286281	0	
1346.6	-0.02295299	0	
1346.8	-0.02398372	0	
1347	-0.02351981	0	
1347.2	-0.02379362	0	
1347.4	-0.02424523	0	
1347.6	-0.02426262	0	
1347.8	-0.02404036	0	
1348	-0.02434003	0	
1348.2	-0.024487	0	
1348.4	-0.02446113	0	
1348.6	-0.02547426	0	
1348.8	-0.02551055	0	
1349	-0.02480881	0	
1349.2	-0.02507746	0	
1349.4	-0.02505987	0	
1349.6	-0.02464671	0	
1349.8	-0.02422946	0	
1350	-0.02407478	0	
1350.2	-0.0239826	0	
1350.4	-0.02391248	0	
1350.6	-0.0243703	0	
1350.8	-0.02425588	0	
1351	-0.02384638	0	
1351.2	-0.02447533	0	
1351.4	-0.02444354	0	
1351.6	-0.02429987	0	
1351.8	-0.02471067	0	
1352	-0.02464845	0	
1352.2	-0.02418878	0	
1352.4	-0.02460397	0	
1352.6	-0.02515948	0	
1352.8	-0.02446805	0	
1353	-0.02404378	0	
1353.2	-0.02425817	0	
1353.4	-0.02418926	0	
1353.6	-0.02452792	0	
1353.8	-0.02465636	0	
1354	-0.02417014	0	
1354.2	-0.02466724	0	
1354.4	-0.02519159	0	
1354.6	-0.02511234	0	
1354.8	-0.02501834	0	
1355	-0.02551169	0	
1355.2	-0.02562079	0	
1355.4	-0.02528839	0	
1355.6	-0.02565828	0	
1355.8	-0.0254145	0	
1356	-0.0246658	0	
1356.2	-0.02453123	0	
1356.4	-0.0250287	0	
1356.6	-0.02450831	0	
1356.8	-0.02418737	0	
1357	-0.02454	0	
1357.2	-0.02445622	0	
1357.4	-0.02476795	0	
1357.6	-0.02489417	0	
1357.8	-0.02429499	0	
1358	-0.02436273	0	
1358.2	-0.02512051	0	
1358.4	-0.02476099	0	
1358.6	-0.02442291	0	
1358.8	-0.02480298	0	
1359	-0.02485478	0	
1359.2	-0.0250638	0	
1359.4	-0.02570054	0	
1359.6	-0.02581864	0	
1359.8	-0.02551556	0	
1360	-0.02601075	0	
1360.2	-0.02637663	0	
1360.4	-0.02626513	0	
1360.6	-0.026556	0	
1360.8	-0.026753	0	
1361	-0.0265133	0	
1361.2	-0.02613433	0	
1361.4	-0.0263887	0	
1361.6	-0.02540095	0	
1361.8	-0.02516681	0	
1362	-0.02553386	0	
1362.2	-0.02536017	0	
1362.4	-0.02489915	0	
1362.6	-0.02518206	0	
1362.8	-0.02487495	0	
1363	-0.02468646	0	
1363.2	-0.02521876	0	
1363.4	-0.02520232	0	
1363.6	-0.02460318	0	
1363.8	-0.02514586	0	
1364	-0.02519252	0	
1364.2	-0.02513813	0	
1364.4	-0.02502835	0	
1364.6	-0.02603112	0	
1364.8	-0.02562527	0	
1365	-0.02566726	0	
1365.2	-0.02630846	0	
1365.4	-0.02589138	0	
1365.6	-0.02580082	0	
1365.8	-0.02673833	0	
1366	-0.02678565	0	
1366.2	-0.02649593	0	
1366.4	-0.02721024	0	
1366.6	-0.02729448	0	
1366.8	-0.02627223	0	
1367	-0.02647235	0	
1367.2	-0.02617399	0	
1367.4	-0.02552021	0	
1367.6	-0.02572488	0	
1367.8	-0.02606212	0	
1368	-0.02557218	0	
1368.2	-0.02644249	0	
1368.4	-0.02692808	0	
1368.6	-0.02704595	0	
1368.8	-0.02671132	0	
1369	-0.02752369	0	
1369.2	-0.02708446	0	
1369.4	-0.02659443	0	
1369.6	-0.02763994	0	
1369.8	-0.02775942	0	
1370	-0.0273873	0	
1370.2	-0.02764064	0	
1370.4	-0.02792064	0	
1370.6	-0.02729547	0	
1370.8	-0.02712446	0	
1371	-0.02719764	0	
1371.2	-0.02641655	0	
1371.4	-0.02701476	0	
1371.6	-0.02739944	0	
1371.8	-0.02747628	0	
1372	-0.02791531	0	
1372.2	-0.02861799	0	
1372.4	-0.02800479	0	
1372.6	-0.02782629	0	
1372.8	-0.02808778	0	
1373	-0.02766647	0	
1373.2	-0.02670945	0	
1373.4	-0.02772999	0	
1373.6	-0.02795271	0	
1373.8	-0.02743387	0	
1374	-0.02758791	0	
1374.2	-0.02774197	0	
1374.4	-0.02772789	0	
1374.6	-0.0281965	0	
1374.8	-0.0282194	0	
1375	-0.02784758	0	
1375.2	-0.02809309	0	
1375.4	-0.02846917	0	
1375.6	-0.02789911	0	
1375.8	-0.02819509	0	
1376	-0.02850462	0	
1376.2	-0.02785784	0	
1376.4	-0.02730751	0	
1376.6	-0.02738873	0	
1376.8	-0.02714974	0	
1377	-0.02651246	0	
1377.2	-0.02693914	0	
1377.4	-0.02704572	0	
1377.6	-0.02628113	0	
1377.8	-0.02650816	0	
1378	-0.02709032	0	
1378.2	-0.02720295	0	
1378.4	-0.02773697	0	
1378.6	-0.0281296	0	
1378.8	-0.02761461	0	
1379	-0.02794664	0	
1379.2	-0.02861537	0	
1379.4	-0.02843818	0	
1379.6	-0.02873345	0	
1379.8	-0.02968697	0	
1380	-0.02912418	0	
1380.2	-0.0288723	0	
1380.4	-0.02955393	0	
1380.6	-0.02958639	0	
1380.8	-0.02979009	0	
1381	-0.0294681	0	
1381.2	-0.02909053	0	
1381.4	-0.02880649	0	
1381.6	-0.02888023	0	
1381.8	-0.02903088	0	
1382	-0.02925983	0	
1382.2	-0.02930477	0	
1382.4	-0.02909955	0	
1382.6	-0.02835123	0	
1382.8	-0.02858554	0	
1383	-0.02928344	0	
1383.2	-0.02893601	0	
1383.4	-0.02898342	0	
1383.6	-0.02943991	0	
1383.8	-0.0293725	0	
1384	-0.02882229	0	
1384.2	-0.02962445	0	
1384.4	-0.0298884	0	
1384.6	-0.02963716	0	
1384.8	-0.02999597	0	
1385	-0.02921109	0	
1385.2	-0.02887565	0	
1385.4	-0.0291758	0	
1385.6	-0.02888469	0	
1385.8	-0.02858327	0	
1386	-0.02876201	0	
1386.2	-0.02893165	0	
1386.4	-0.02809336	0	
1386.6	-0.02830961	0	
1386.8	-0.02887177	0	
1387	-0.02844556	0	
1387.2	-0.02797319	0	
1387.4	-0.02846833	0	
1387.6	-0.02850366	0	
1387.8	-0.02858795	0	
1388	-0.02921703	0	
1388.2	-0.02917903	0	
1388.4	-0.02910044	0	
1388.6	-0.02972252	0	
1388.8	-0.02973115	0	
1389	-0.02919787	0	
1389.2	-0.02970068	0	
1389.4	-0.03027488	0	
1389.6	-0.03015152	0	
1389.8	-0.03050311	0	
1390	-0.03109809	0	
1390.2	-0.03114013	0	
1390.4	-0.03089261	0	
1390.6	-0.03119336	0	
1390.8	-0.03037118	0	
1391	-0.02991561	0	
1391.2	-0.02996035	0	
1391.4	-0.02978968	0	
1391.6	-0.02983438	0	
1391.8	-0.02991251	0	
1392	-0.02947993	0	
1392.2	-0.02841867	0	
1392.4	-0.02870191	0	
1392.6	-0.02887137	0	
1392.8	-0.02811473	0	
1393	-0.02827624	0	
1393.2	-0.02883536	0	
1393.4	-0.0287239	0	
1393.6	-0.02886016	0	
1393.8	-0.02916445	0	
1394	-0.02891452	0	
1394.2	-0.02911012	0	
1394.4	-0.02961556	0	
1394.6	-0.02929811	0	
1394.8	-0.02914651	0	
1395	-0.02993462	0	
1395.2	-0.02995126	0	
1395.4	-0.03003569	0	
1395.6	-0.03071465	0	
1395.8	-0.03040708	0	
1396	-0.02987192	0	
1396.2	-0.03010257	0	
1396.4	-0.0306861	0	
1396.6	-0.03043784	0	
1396.8	-0.03032314	0	
1397	-0.03087985	0	
1397.2	-0.03084399	0	
1397.4	-0.03103858	0	
1397.6	-0.03140459	0	
1397.8	-0.03102995	0	
1398	-0.03092647	0	
1398.2	-0.03167853	0	
1398.4	-0.031581	0	
1398.6	-0.030842	0	
1398.8	-0.03119678	0	
1399	-0.03096389	0	
1399.2	-0.03054959	0	
1399.4	-0.03107997	0	
1399.6	-0.03109239	0	
1399.8	-0.03042176	0	
1400	-0.0307434	0	
1400.2	-0.03121869	0	
1400.4	-0.03099334	0	
1400.6	-0.03091971	0	
1400.8	-0.03107589	0	
1401	-0.03095837	0	
1401.2	-0.03101193	0	
1401.4	-0.03138796	0	
1401.6	-0.03105233	0	
1401.8	-0.03091438	0	
1402	-0.03132737	0	
1402.2	-0.03099508	0	
1402.4	-0.03038949	0	
1402.6	-0.030521	0	
1402.8	-0.03074418	0	
1403	-0.03020133	0	
1403.2	-0.03086091	0	
1403.4	-0.0306776	0	
1403.6	-0.03027835	0	
1403.8	-0.03032975	0	
1404	-0.03094617	0	
1404.2	-0.03045541	0	
1404.4	-0.03049066	0	
1404.6	-0.03058397	0	
1404.8	-0.03016889	0	
1405	-0.02984555	0	
1405.2	-0.03050105	0	
1405.4	-0.03033259	0	
1405.6	-0.02996414	0	
1405.8	-0.03031575	0	
1406	-0.03014329	0	
1406.2	-0.02986546	0	
1406.4	-0.03070211	0	
1406.6	-0.03129252	0	
1406.8	-0.03108818	0	
1407	-0.0312235	0	
1407.2	-0.03186758	0	
1407.4	-0.03127794	0	
1407.6	-0.03171374	0	
1407.8	-0.0322265	0	
1408	-0.03230645	0	
1408.2	-0.03207735	0	
1408.4	-0.03263528	0	
1408.6	-0.03239958	0	
1408.8	-0.0321819	0	
1409	-0.03260226	0	
1409.2	-0.03290304	0	
1409.4	-0.03220073	0	
1409.6	-0.03238082	0	
1409.8	-0.03243514	0	
1410	-0.03206279	0	
1410.2	-0.03270305	0	
1410.4	-0.03295526	0	
1410.6	-0.03247015	0	
1410.8	-0.03228916	0	
1411	-0.03227403	0	
1411.2	-0.0319256	0	
1411.4	-0.03160488	0	
1411.6	-0.0319813	0	
1411.8	-0.0316513	0	
1412	-0.03155882	0	
1412.2	-0.0320198	0	
1412.4	-0.03183183	0	
1412.6	-0.03140101	0	
1412.8	-0.03146502	0	
1413	-0.03164347	0	
1413.2	-0.03140726	0	
1413.4	-0.03150867	0	
1413.6	-0.03206895	0	
1413.8	-0.03175761	0	
1414	-0.03200732	0	
1414.2	-0.03264182	0	
1414.4	-0.03208751	0	
1414.6	-0.03163092	0	
1414.8	-0.03184923	0	
1415	-0.03178982	0	
1415.2	-0.03164263	0	
1415.4	-0.03218801	0	
1415.6	-0.03206538	0	
1415.8	-0.03171963	0	
1416	-0.03235409	0	
1416.2	-0.0323474	0	
1416.4	-0.03146323	0	
1416.6	-0.03180023	0	
1416.8	-0.03194229	0	
1417	-0.03199598	0	
1417.2	-0.03254576	0	
1417.4	-0.03311578	0	
1417.6	-0.03270373	0	
1417.8	-0.03253766	0	
1418	-0.03307051	0	
1418.2	-0.03291306	0	
1418.4	-0.0322222	0	
1418.6	-0.03240741	0	
1418.8	-0.03268747	0	
1419	-0.03235604	0	
1419.2	-0.03272083	0	
1419.4	-0.03263129	0	
1419.6	-0.03189702	0	
1419.8	-0.03200207	0	
1420	-0.03237729	0	
1420.2	-0.03164777	0	
1420.4	-0.03156489	0	
1420.6	-0.03208702	0	
1420.8	-0.03167324	0	
1421	-0.03196194	0	
1421.2	-0.03285082	0	
1421.4	-0.03286089	0	
1421.6	-0.032693	0	
1421.8	-0.03372842	0	
1422	-0.03380702	0	
1422.2	-0.03348027	0	
1422.4	-0.03419249	0	
1422.6	-0.03472485	0	
1422.8	-0.03425245	0	
1423	-0.03416621	0	
1423.2	-0.03484928	0	
1423.4	-0.03383938	0	
1423.6	-0.03367927	0	
1423.8	-0.03381556	0	
1424	-0.03345231	0	
1424.2	-0.03294007	0	
1424.4	-0.03330853	0	
1424.6	-0.03309439	0	
1424.8	-0.03283378	0	
1425	-0.03410729	0	
1425.2	-0.0344845	0	
1425.4	-0.03457763	0	
1425.6	-0.03480597	0	
1425.8	-0.03472187	0	
1426	-0.03406067	0	
1426.2	-0.03450882	0	
1426.4	-0.03518399	0	
1426.6	-0.03454454	0	
1426.8	-0.03437638	0	
1427	-0.03514244	0	
1427.2	-0.03514545	0	
1427.4	-0.03443005	0	
1427.6	-0.03508839	0	
1427.8	-0.03466293	0	
1428	-0.03453558	0	
1428.2	-0.03496209	0	
1428.4	-0.03491762	0	
1428.6	-0.03448809	0	
1428.8	-0.03472003	0	
1429	-0.03505006	0	
1429.2	-0.0339988	0	
1429.4	-0.03390428	0	
1429.6	-0.03368125	0	
1429.8	-0.0330043	0	
1430	-0.03349431	0	
1430.2	-0.0340925	0	
1430.4	-0.033861	0	
1430.6	-0.03398083	0	
1430.8	-0.03503179	0	
1431	-0.03487261	0	
1431.2	-0.03449444	0	
1431.4	-0.03469511	0	
1431.6	-0.03473172	0	
1431.8	-0.03430806	0	
1432	-0.03520435	0	
1432.2	-0.03539134	0	
1432.4	-0.03489368	0	
1432.6	-0.03485303	0	
1432.8	-0.03502907	0	
1433	-0.03429044	0	
1433.2	-0.03438572	0	
1433.4	-0.03491228	0	
1433.6	-0.0344133	0	
1433.8	-0.03441824	0	
1434	-0.03529398	0	
1434.2	-0.03473324	0	
1434.4	-0.03453743	0	
1434.6	-0.03526841	0	
1434.8	-0.03516259	0	
1435	-0.03436662	0	
1435.2	-0.03478847	0	
1435.4	-0.03487513	0	
1435.6	-0.0346908	0	
1435.8	-0.03532636	0	
1436	-0.03593965	0	
1436.2	-0.03534192	0	
1436.4	-0.0354265	0	
1436.6	-0.03549436	0	
1436.8	-0.03562905	0	
1437	-0.03528316	0	
1437.2	-0.03614742	0	
1437.4	-0.03566355	0	
1437.6	-0.03497107	0	
1437.8	-0.03550747	0	
1438	-0.03563242	0	
1438.2	-0.03530714	0	
1438.4	-0.03563732	0	
1438.6	-0.03582289	0	
1438.8	-0.0355108	0	
1439	-0.03545198	0	
1439.2	-0.03554864	0	
1439.4	-0.03529651	0	
1439.6	-0.03514276	0	
1439.8	-0.03522899	0	
