Conc1	2.5E-08	
Start1	1020	
Stop1	1439.8	
Kobs	0.00667149751962277	
Error Kobs	0.000270021651385573	
Koff	0	
Error Koff	0	
Time1	Data1	Fit1	
1020	0.01365197	0	
1020.2	0.01137012	0.00006146	
1020.4	0.00886753	0.00012278	
1020.6	0.00646726	0.00018395	
1020.8	0.00388626	0.00024497	
1021	0.00178934	0.00030585	
1021.2	-0.00035116	0.00036658	
1021.4	-0.00223315	0.00042717	
1021.6	-0.00358245	0.00048761	
1021.8	-0.00476879	0.00054791	
1022	-0.00549058	0.00060807	
1022.2	-0.00526694	0.00066808	
1022.4	-0.00497551	0.00072795	
1022.6	-0.00496569	0.00078768	
1022.8	-0.00510271	0.00084726	
1023	-0.00468223	0.0009067	
1023.2	-0.00445492	0.00096601	
1023.4	-0.00449048	0.00102517	
1023.6	-0.00409082	0.00108418	
1023.8	-0.00451946	0.00114306	
1024	-0.00520772	0.0012018	
1024.2	-0.00554733	0.0012604	
1024.4	-0.00565004	0.00131886	
1024.6	-0.00586066	0.00137718	
1024.8	-0.00624689	0.00143536	
1025	-0.00595923	0.0014934	
1025.2	-0.00646987	0.0015513	
1025.4	-0.00666159	0.00160907	
1025.6	-0.00664362	0.00166669	
1025.8	-0.00689827	0.00172418	
1026	-0.00651096	0.00178154	
1026.2	-0.00609396	0.00183875	
1026.4	-0.00617124	0.00189583	
1026.6	-0.00617728	0.00195278	
1026.8	-0.00611149	0.00200959	
1027	-0.0058416	0.00206626	
1027.2	-0.00556199	0.0021228	
1027.4	-0.00571536	0.0021792	
1027.6	-0.00557461	0.00223547	
1027.8	-0.00552523	0.00229161	
1028	-0.0056011	0.00234761	
1028.2	-0.00513476	0.00240347	
1028.4	-0.00499575	0.00245921	
1028.6	-0.0049642	0.00251481	
1028.8	-0.00490029	0.00257028	
1029	-0.00479697	0.00262562	
1029.2	-0.00522243	0.00268082	
1029.4	-0.00529518	0.0027359	
1029.6	-0.00514775	0.00279084	
1029.8	-0.0053815	0.00284565	
1030	-0.00500368	0.00290033	
1030.2	-0.00516438	0.00295488	
1030.4	-0.00514492	0.0030093	
1030.6	-0.00509612	0.0030636	
1030.8	-0.00519603	0.00311776	
1031	-0.00470749	0.00317179	
1031.2	-0.00475618	0.00322569	
1031.4	-0.0045762	0.00327947	
1031.6	-0.00445936	0.00333312	
1031.8	-0.00418639	0.00338664	
1032	-0.00414745	0.00344003	
1032.2	-0.00388252	0.00349329	
1032.4	-0.003801	0.00354643	
1032.6	-0.00384937	0.00359944	
1032.8	-0.00406724	0.00365233	
1033	-0.004383	0.00370509	
1033.2	-0.00458562	0.00375772	
1033.4	-0.00467154	0.00381023	
1033.6	-0.00455234	0.00386261	
1033.8	-0.00477008	0.00391487	
1034	-0.00447336	0.003967	
1034.2	-0.0049263	0.00401901	
1034.4	-0.00468413	0.0040709	
1034.6	-0.00481212	0.00412266	
1034.8	-0.00484381	0.0041743	
1035	-0.0044858	0.00422581	
1035.2	-0.00512718	0.0042772	
1035.4	-0.00466753	0.00432847	
1035.6	-0.00480683	0.00437962	
1035.8	-0.0046222	0.00443065	
1036	-0.00442916	0.00448155	
1036.2	-0.00454848	0.00453234	
1036.4	-0.00489849	0.004583	
1036.6	-0.0053173	0.00463354	
1036.8	-0.00561353	0.00468396	
1037	-0.00588094	0.00473426	
1037.2	-0.00590498	0.00478444	
1037.4	-0.00578005	0.0048345	
1037.6	-0.00546865	0.00488445	
1037.8	-0.00518645	0.00493427	
1038	-0.00512661	0.00498397	
1038.2	-0.00511718	0.00503356	
1038.4	-0.00453973	0.00508303	
1038.6	-0.00426628	0.00513238	
1038.8	-0.00389615	0.00518161	
1039	-0.00337478	0.00523073	
1039.2	-0.0031036	0.00527972	
1039.4	-0.00241033	0.00532861	
1039.6	-0.00200105	0.00537737	
1039.8	-0.00186946	0.00542602	
1040	-0.00162273	0.00547455	
1040.2	-0.00185546	0.00552297	
1040.4	-0.00215681	0.00557127	
1040.6	-0.00237683	0.00561946	
1040.8	-0.00266113	0.00566753	
1041	-0.00246657	0.00571549	
1041.2	-0.00210379	0.00576333	
1041.4	-0.00218441	0.00581106	
1041.6	-0.00222175	0.00585867	
1041.8	-0.00233905	0.00590618	
1042	-0.00258062	0.00595356	
1042.2	-0.00237436	0.00600084	
1042.4	-0.00229192	0.006048	
1042.6	-0.00179875	0.00609505	
1042.8	-0.00145632	0.00614199	
1043	-0.00106324	0.00618882	
1043.2	-0.00096521	0.00623553	
1043.4	-0.00052677	0.00628214	
1043.6	-0.00015841	0.00632863	
1043.8	-0.00047621	0.00637501	
1044	-0.00012674	0.00642128	
1044.2	-0.00002087	0.00646745	
1044.4	-0.00012034	0.0065135	
1044.6	-0.0006369	0.00655944	
1044.8	-0.00068017	0.00660527	
1045	-0.00016679	0.00665099	
1045.2	-0.00007831	0.00669661	
1045.4	-0.00099663	0.00674211	
1045.6	-0.00123902	0.00678751	
1045.8	-0.00124799	0.0068328	
1046	-0.00122274	0.00687798	
1046.2	-0.00120185	0.00692305	
1046.4	-0.00093609	0.00696802	
1046.6	-0.00071684	0.00701288	
1046.8	-0.00053189	0.00705763	
1047	-0.00036901	0.00710227	
1047.2	-0.00028614	0.00714681	
1047.4	-0.00007672	0.00719124	
1047.6	0.00028464	0.00723557	
1047.8	-0.0000163	0.00727979	
1048	0.00031496	0.00732391	
1048.2	0.00039502	0.00736792	
1048.4	-0.00010586	0.00741182	
1048.6	-0.00029864	0.00745562	
1048.8	-0.00023025	0.00749932	
1049	0.00015848	0.00754291	
1049.2	0.00036267	0.0075864	
1049.4	-0.00002691	0.00762979	
1049.6	0.0001356	0.00767307	
1049.8	0.00012539	0.00771625	
1050	0.00036629	0.00775932	
1050.2	0.00044324	0.0078023	
1050.4	0.00079969	0.00784517	
1050.6	0.0007556	0.00788794	
1050.8	0.00098945	0.0079306	
1051	0.00108648	0.00797317	
1051.2	0.00093065	0.00801563	
1051.4	0.00112811	0.00805799	
1051.6	0.00105068	0.00810026	
1051.8	0.00064791	0.00814242	
1052	0.00112506	0.00818448	
1052.2	0.00123515	0.00822644	
1052.4	0.00101325	0.0082683	
1052.6	0.00103985	0.00831006	
1052.8	0.0009626	0.00835172	
1053	0.00164377	0.00839328	
1053.2	0.00163138	0.00843474	
1053.4	0.00139291	0.00847611	
1053.6	0.00109103	0.00851737	
1053.8	0.00116006	0.00855854	
1054	0.0016108	0.00859961	
1054.2	0.00177358	0.00864058	
1054.4	0.002073	0.00868145	
1054.6	0.00231309	0.00872223	
1054.8	0.00243443	0.0087629	
1055	0.00236381	0.00880349	
1055.2	0.002411	0.00884397	
1055.4	0.00276131	0.00888436	
1055.6	0.00261446	0.00892465	
1055.8	0.0030541	0.00896485	
1056	0.00338898	0.00900495	
1056.2	0.00347785	0.00904496	
1056.4	0.00353671	0.00908486	
1056.6	0.00347589	0.00912468	
1056.8	0.00356108	0.0091644	
1057	0.00357014	0.00920402	
1057.2	0.00316088	0.00924356	
1057.4	0.00361166	0.00928299	
1057.6	0.00347661	0.00932233	
1057.8	0.00376743	0.00936158	
1058	0.00351846	0.00940074	
1058.2	0.00387996	0.0094398	
1058.4	0.00371994	0.00947877	
1058.6	0.00348604	0.00951765	
1058.8	0.0031262	0.00955643	
1059	0.00290508	0.00959512	
1059.2	0.00267152	0.00963372	
1059.4	0.00267733	0.00967223	
1059.6	0.0023453	0.00971064	
1059.8	0.00247714	0.00974896	
1060	0.00214263	0.0097872	
1060.2	0.00212964	0.00982534	
1060.4	0.00179374	0.00986339	
1060.6	0.00165168	0.00990135	
1060.8	0.00177111	0.00993922	
1061	0.00189279	0.009977	
1061.2	0.00216312	0.01001468	
1061.4	0.00273464	0.01005228	
1061.6	0.00250361	0.01008979	
1061.8	0.00286186	0.01012721	
1062	0.00299656	0.01016454	
1062.2	0.00358937	0.01020179	
1062.4	0.00359113	0.01023894	
1062.6	0.00365122	0.010276	
1062.8	0.00394803	0.01031298	
1063	0.00423457	0.01034987	
1063.2	0.00423603	0.01038667	
1063.4	0.00441258	0.01042338	
1063.6	0.0044064	0.01046001	
1063.8	0.00469157	0.01049655	
1064	0.00440982	0.010533	
1064.2	0.00448895	0.01056936	
1064.4	0.00408594	0.01060564	
1064.6	0.00418672	0.01064183	
1064.8	0.00441303	0.01067793	
1065	0.00413294	0.01071395	
1065.2	0.00396929	0.01074989	
1065.4	0.00415387	0.01078573	
1065.6	0.00402393	0.0108215	
1065.8	0.00429601	0.01085717	
1066	0.00402218	0.01089276	
1066.2	0.00397004	0.01092827	
1066.4	0.00390604	0.01096369	
1066.6	0.00360763	0.01099903	
1066.8	0.00338805	0.01103428	
1067	0.00323262	0.01106945	
1067.2	0.00288699	0.01110454	
1067.4	0.00276626	0.01113954	
1067.6	0.0027661	0.01117446	
1067.8	0.00240599	0.0112093	
1068	0.00225147	0.01124405	
1068.2	0.00235946	0.01127872	
1068.4	0.00240395	0.01131331	
1068.6	0.00250535	0.01134781	
1068.8	0.00284666	0.01138223	
1069	0.00287584	0.01141657	
1069.2	0.0034853	0.01145083	
1069.4	0.00395934	0.01148501	
1069.6	0.00399382	0.01151911	
1069.8	0.00432942	0.01155312	
1070	0.00451393	0.01158705	
1070.2	0.00465957	0.01162091	
1070.4	0.0041581	0.01165468	
1070.6	0.00426403	0.01168837	
1070.8	0.00408677	0.01172198	
1071	0.00412024	0.01175551	
1071.2	0.00381361	0.01178896	
1071.4	0.00367826	0.01182234	
1071.6	0.00320598	0.01185563	
1071.8	0.00310967	0.01188884	
1072	0.0034255	0.01192197	
1072.2	0.00379897	0.01195503	
1072.4	0.00378602	0.011988	
1072.6	0.00421942	0.0120209	
1072.8	0.00449932	0.01205372	
1073	0.00469137	0.01208646	
1073.2	0.00523494	0.01211912	
1073.4	0.00529867	0.01215171	
1073.6	0.00567414	0.01218421	
1073.8	0.00585746	0.01221664	
1074	0.00553581	0.012249	
1074.2	0.0052269	0.01228127	
1074.4	0.0050958	0.01231347	
1074.6	0.00557298	0.01234559	
1074.8	0.00529193	0.01237764	
1075	0.00528485	0.01240961	
1075.2	0.00500258	0.0124415	
1075.4	0.00491733	0.01247332	
1075.6	0.00502285	0.01250506	
1075.8	0.00517495	0.01253672	
1076	0.00542288	0.01256831	
1076.2	0.00580544	0.01259983	
1076.4	0.00582554	0.01263127	
1076.6	0.00608646	0.01266263	
1076.8	0.00627473	0.01269392	
1077	0.00658287	0.01272513	
1077.2	0.00691236	0.01275628	
1077.4	0.00653765	0.01278734	
1077.6	0.00636505	0.01281833	
1077.8	0.00590485	0.01284925	
1078	0.00580984	0.0128801	
1078.2	0.00570619	0.01291087	
1078.4	0.00576778	0.01294157	
1078.6	0.00566485	0.01297219	
1078.8	0.00556041	0.01300275	
1079	0.00558392	0.01303322	
1079.2	0.00545455	0.01306363	
1079.4	0.00573395	0.01309397	
1079.6	0.00552939	0.01312423	
1079.8	0.00550247	0.01315442	
1080	0.00588238	0.01318454	
1080.2	0.00603474	0.01321458	
1080.4	0.00619299	0.01324456	
1080.6	0.0061173	0.01327446	
1080.8	0.00663338	0.01330429	
1081	0.00667672	0.01333405	
1081.2	0.00671943	0.01336374	
1081.4	0.00687123	0.01339336	
1081.6	0.00728363	0.01342291	
1081.8	0.00762399	0.01345239	
1082	0.00818241	0.0134818	
1082.2	0.00814994	0.01351113	
1082.4	0.00858959	0.0135404	
1082.6	0.0085721	0.0135696	
1082.8	0.00859633	0.01359873	
1083	0.00866429	0.01362779	
1083.2	0.00850475	0.01365678	
1083.4	0.00841922	0.0136857	
1083.6	0.00825472	0.01371455	
1083.8	0.00804077	0.01374333	
1084	0.00805797	0.01377205	
1084.2	0.0078032	0.0138007	
1084.4	0.0075518	0.01382927	
1084.6	0.00720655	0.01385778	
1084.8	0.007295	0.01388623	
1085	0.00699493	0.0139146	
1085.2	0.00681183	0.01394291	
1085.4	0.00660376	0.01397115	
1085.6	0.00655552	0.01399932	
1085.8	0.00643597	0.01402742	
1086	0.00633674	0.01405546	
1086.2	0.00614005	0.01408343	
1086.4	0.00610455	0.01411134	
1086.6	0.00571305	0.01413917	
1086.8	0.00577748	0.01416694	
1087	0.00610372	0.01419465	
1087.2	0.00616748	0.01422229	
1087.4	0.00657006	0.01424986	
1087.6	0.00682255	0.01427737	
1087.8	0.00651799	0.01430481	
1088	0.00701003	0.01433219	
1088.2	0.00673476	0.0143595	
1088.4	0.00669148	0.01438675	
1088.6	0.00674866	0.01441393	
1088.8	0.00679063	0.01444105	
1089	0.00665953	0.0144681	
1089.2	0.00668002	0.01449509	
1089.4	0.00635747	0.01452201	
1089.6	0.00660612	0.01454887	
1089.8	0.00664676	0.01457566	
1090	0.00666223	0.0146024	
1090.2	0.00718327	0.01462906	
1090.4	0.00761748	0.01465567	
1090.6	0.00776266	0.01468221	
1090.8	0.00832786	0.01470869	
1091	0.00875644	0.0147351	
1091.2	0.00905469	0.01476145	
1091.4	0.00942043	0.01478774	
1091.6	0.00921601	0.01481397	
1091.8	0.00919333	0.01484013	
1092	0.00903093	0.01486623	
1092.2	0.00867007	0.01489227	
1092.4	0.00863722	0.01491825	
1092.6	0.0081821	0.01494416	
1092.8	0.0083687	0.01497002	
1093	0.00803006	0.01499581	
1093.2	0.00744566	0.01502154	
1093.4	0.00723756	0.01504721	
1093.6	0.0073149	0.01507282	
1093.8	0.00697037	0.01509836	
1094	0.00706058	0.01512385	
1094.2	0.00733755	0.01514927	
1094.4	0.00723319	0.01517464	
1094.6	0.00729378	0.01519994	
1094.8	0.00768823	0.01522519	
1095	0.00796083	0.01525037	
1095.2	0.00823571	0.01527549	
1095.4	0.0084064	0.01530056	
1095.6	0.0085787	0.01532556	
1095.8	0.00917989	0.01535051	
1096	0.00917784	0.01537539	
1096.2	0.00929184	0.01540022	
1096.4	0.00931236	0.01542499	
1096.6	0.00919619	0.01544969	
1096.8	0.00921903	0.01547434	
1097	0.00859616	0.01549893	
1097.2	0.00842626	0.01552346	
1097.4	0.00865054	0.01554794	
1097.6	0.00823523	0.01557235	
1097.8	0.00754319	0.01559671	
1098	0.00733677	0.01562101	
1098.2	0.00702572	0.01564525	
1098.4	0.00688113	0.01566943	
1098.6	0.00698192	0.01569356	
1098.8	0.00756012	0.01571762	
1099	0.00768476	0.01574163	
1099.2	0.00809525	0.01576559	
1099.4	0.00832358	0.01578948	
1099.6	0.00877231	0.01581332	
1099.8	0.00923885	0.01583711	
1100	0.00931088	0.01586083	
1100.2	0.00987569	0.0158845	
1100.4	0.01022679	0.01590811	
1100.6	0.01010625	0.01593167	
1100.8	0.0101813	0.01595517	
1101	0.0104355	0.01597861	
1101.2	0.01049675	0.016002	
1101.4	0.0102181	0.01602534	
1101.6	0.00945296	0.01604861	
1101.8	0.00906453	0.01607184	
1102	0.00881112	0.016095	
1102.2	0.00876342	0.01611811	
1102.4	0.00863677	0.01614117	
1102.6	0.0083777	0.01616417	
1102.8	0.00826461	0.01618712	
1103	0.00781518	0.01621001	
1103.2	0.00753603	0.01623285	
1103.4	0.00733256	0.01625563	
1103.6	0.00726947	0.01627836	
1103.8	0.00766319	0.01630103	
1104	0.00793399	0.01632365	
1104.2	0.0084246	0.01634622	
1104.4	0.00825415	0.01636873	
1104.6	0.00848723	0.01639119	
1104.8	0.00849734	0.0164136	
1105	0.00823693	0.01643595	
1105.2	0.00828716	0.01645825	
1105.4	0.00831558	0.01648049	
1105.6	0.00851707	0.01650269	
1105.8	0.00844031	0.01652483	
1106	0.00861802	0.01654691	
1106.2	0.00881145	0.01656895	
1106.4	0.00915225	0.01659093	
1106.6	0.00909051	0.01661286	
1106.8	0.00942244	0.01663474	
1107	0.0095783	0.01665656	
1107.2	0.009514	0.01667833	
1107.4	0.00983298	0.01670006	
1107.6	0.00975488	0.01672173	
1107.8	0.01018779	0.01674334	
1108	0.0103455	0.01676491	
1108.2	0.010711	0.01678642	
1108.4	0.01053325	0.01680789	
1108.6	0.01084256	0.0168293	
1108.8	0.01082267	0.01685066	
1109	0.01101485	0.01687197	
1109.2	0.01108092	0.01689323	
1109.4	0.0108895	0.01691444	
1109.6	0.0107856	0.0169356	
1109.8	0.01043102	0.01695671	
1110	0.01077481	0.01697777	
1110.2	0.01052204	0.01699878	
1110.4	0.01069615	0.01701973	
1110.6	0.00999787	0.01704064	
1110.8	0.00969236	0.0170615	
1111	0.00932302	0.01708231	
1111.2	0.0090485	0.01710307	
1111.4	0.0090209	0.01712378	
1111.6	0.00883741	0.01714444	
1111.8	0.00909321	0.01716505	
1112	0.00923952	0.01718561	
1112.2	0.00946646	0.01720612	
1112.4	0.00948877	0.01722658	
1112.6	0.01020393	0.017247	
1112.8	0.01032745	0.01726737	
1113	0.01025905	0.01728768	
1113.2	0.00988506	0.01730795	
1113.4	0.01001332	0.01732817	
1113.6	0.00997898	0.01734835	
1113.8	0.00993136	0.01736847	
1114	0.0098701	0.01738855	
1114.2	0.01021438	0.01740858	
1114.4	0.01018331	0.01742856	
1114.6	0.00973418	0.01744849	
1114.8	0.00937714	0.01746838	
1115	0.00936751	0.01748822	
1115.2	0.00937443	0.01750801	
1115.4	0.00951393	0.01752775	
1115.6	0.0094539	0.01754745	
1115.8	0.00949511	0.0175671	
1116	0.00955759	0.01758671	
1116.2	0.00984485	0.01760626	
1116.4	0.0099104	0.01762577	
1116.6	0.00996987	0.01764524	
1116.8	0.00987769	0.01766465	
1117	0.00971997	0.01768403	
1117.2	0.00934305	0.01770335	
1117.4	0.00959864	0.01772263	
1117.6	0.00969441	0.01774186	
1117.8	0.00987095	0.01776105	
1118	0.01012473	0.01778019	
1118.2	0.01051552	0.01779929	
1118.4	0.00992465	0.01781834	
1118.6	0.00979442	0.01783734	
1118.8	0.00968484	0.0178563	
1119	0.01011044	0.01787522	
1119.2	0.01083069	0.01789409	
1119.4	0.01117515	0.01791291	
1119.6	0.01138234	0.01793169	
1119.8	0.01180352	0.01795043	
1120	0.01214308	0.01796912	
1120.2	0.01207116	0.01798776	
1120.4	0.01183857	0.01800636	
1120.6	0.01161165	0.01802492	
1120.8	0.01156991	0.01804343	
1121	0.01071288	0.0180619	
1121.2	0.00999231	0.01808033	
1121.4	0.00977811	0.01809871	
1121.6	0.00939803	0.01811704	
1121.8	0.00887046	0.01813534	
1122	0.00862373	0.01815359	
1122.2	0.00827091	0.01817179	
1122.4	0.00800827	0.01818996	
1122.6	0.00805316	0.01820808	
1122.8	0.00804778	0.01822615	
1123	0.00802577	0.01824419	
1123.2	0.00855124	0.01826218	
1123.4	0.00858497	0.01828012	
1123.6	0.00885114	0.01829803	
1123.8	0.00934755	0.01831589	
1124	0.00967655	0.01833371	
1124.2	0.00964171	0.01835149	
1124.4	0.00959588	0.01836922	
1124.6	0.00957665	0.01838691	
1124.8	0.00931937	0.01840456	
1125	0.00882906	0.01842217	
1125.2	0.00863709	0.01843974	
1125.4	0.00908568	0.01845726	
1125.6	0.00920376	0.01847474	
1125.8	0.00955893	0.01849219	
1126	0.00959451	0.01850959	
1126.2	0.00964717	0.01852694	
1126.4	0.00984933	0.01854426	
1126.6	0.00976843	0.01856153	
1126.8	0.00989392	0.01857877	
1127	0.01001057	0.01859596	
1127.2	0.01049174	0.01861311	
1127.4	0.010602	0.01863023	
1127.6	0.01059828	0.0186473	
1127.8	0.01040006	0.01866433	
1128	0.01030305	0.01868132	
1128.2	0.00960476	0.01869826	
1128.4	0.0090823	0.01871517	
1128.6	0.00900519	0.01873204	
1128.8	0.00893393	0.01874887	
1129	0.00903558	0.01876566	
1129.2	0.00911244	0.0187824	
1129.4	0.00939885	0.01879911	
1129.6	0.00929376	0.01881578	
1129.8	0.00905027	0.01883241	
1130	0.00866049	0.018849	
1130.2	0.00911568	0.01886555	
1130.4	0.00909348	0.01888206	
1130.6	0.00931892	0.01889853	
1130.8	0.00963266	0.01891496	
1131	0.00962413	0.01893135	
1131.2	0.00975274	0.0189477	
1131.4	0.00975976	0.01896402	
1131.6	0.00920736	0.01898029	
1131.8	0.00886604	0.01899653	
1132	0.00921603	0.01901273	
1132.2	0.00925875	0.01902888	
1132.4	0.00960969	0.01904501	
1132.6	0.00998869	0.01906109	
1132.8	0.01037292	0.01907713	
1133	0.01037625	0.01909314	
1133.2	0.01057305	0.0191091	
1133.4	0.01038691	0.01912503	
1133.6	0.01027674	0.01914093	
1133.8	0.00979355	0.01915678	
1134	0.00962845	0.01917259	
1134.2	0.00980223	0.01918837	
1134.4	0.00959149	0.01920411	
1134.6	0.00958835	0.01921982	
1134.8	0.00928272	0.01923548	
1135	0.00928498	0.01925111	
1135.2	0.00943845	0.0192667	
1135.4	0.00909785	0.01928226	
1135.6	0.00881017	0.01929777	
1135.8	0.00875187	0.01931325	
1136	0.00909449	0.0193287	
1136.2	0.00909523	0.0193441	
1136.4	0.00897308	0.01935947	
1136.6	0.00911149	0.0193748	
1136.8	0.00938458	0.0193901	
1137	0.009503	0.01940536	
1137.2	0.00967398	0.01942058	
1137.4	0.00954705	0.01943577	
1137.6	0.0095676	0.01945092	
1137.8	0.00922275	0.01946604	
1138	0.00923464	0.01948112	
1138.2	0.00940939	0.01949616	
1138.4	0.00930887	0.01951117	
1138.6	0.00907966	0.01952614	
1138.8	0.00895014	0.01954107	
1139	0.00894695	0.01955597	
1139.2	0.00870529	0.01957084	
1139.4	0.00824052	0.01958567	
1139.6	0.00810544	0.01960046	
1139.8	0.00784671	0.01961522	
1140	0.02571355	0.01963002	
1140.2	0.02575868	0.01960384	
1140.4	0.02584677	0.0195777	
1140.6	0.02649461	0.0195516	
1140.8	0.02688526	0.01952552	
1141	0.02728002	0.01949949	
1141.2	0.02815163	0.01947349	
1141.4	0.02890838	0.01944752	
1141.6	0.02964589	0.01942159	
1141.8	0.0301282	0.01939569	
1142	0.0305163	0.01936983	
1142.2	0.03106487	0.019344	
1142.4	0.03112766	0.01931821	
1142.6	0.03110504	0.01929245	
1142.8	0.03109159	0.01926673	
1143	0.03109305	0.01924104	
1143.2	0.03101291	0.01921538	
1143.4	0.03114814	0.01918976	
1143.6	0.0312911	0.01916417	
1143.8	0.03137979	0.01913862	
1144	0.03104365	0.0191131	
1144.2	0.03085736	0.01908761	
1144.4	0.03103301	0.01906216	
1144.6	0.03169256	0.01903674	
1144.8	0.03133546	0.01901136	
1145	0.03162649	0.01898601	
1145.2	0.03211512	0.01896069	
1145.4	0.0322007	0.01893541	
1145.6	0.03238156	0.01891016	
1145.8	0.03263173	0.01888495	
1146	0.03258613	0.01885976	
1146.2	0.03280586	0.01883462	
1146.4	0.03278736	0.0188095	
1146.6	0.03300448	0.01878442	
1146.8	0.03278021	0.01875937	
1147	0.03264512	0.01873436	
1147.2	0.03280014	0.01870938	
1147.4	0.03248804	0.01868443	
1147.6	0.03249015	0.01865952	
1147.8	0.03215854	0.01863464	
1148	0.03206896	0.01860979	
1148.2	0.03237031	0.01858498	
1148.4	0.03218448	0.01856019	
1148.6	0.03205273	0.01853545	
1148.8	0.03185803	0.01851073	
1149	0.03224866	0.01848605	
1149.2	0.03237623	0.0184614	
1149.4	0.0325375	0.01843678	
1149.6	0.03295885	0.0184122	
1149.8	0.03330995	0.01838765	
1150	0.03299096	0.01836313	
1150.2	0.03297729	0.01833864	
1150.4	0.03281678	0.01831419	
1150.6	0.03294952	0.01828977	
1150.8	0.0328965	0.01826538	
1151	0.03307136	0.01824103	
1151.2	0.03322039	0.0182167	
1151.4	0.03299858	0.01819241	
1151.6	0.03310537	0.01816816	
1151.8	0.03275716	0.01814393	
1152	0.03300333	0.01811974	
1152.2	0.03287709	0.01809558	
1152.4	0.03277443	0.01807145	
1152.6	0.03311724	0.01804735	
1152.8	0.03357463	0.01802329	
1153	0.03407902	0.01799925	
1153.2	0.03436662	0.01797525	
1153.4	0.03432331	0.01795129	
1153.6	0.03415271	0.01792735	
1153.8	0.0340382	0.01790344	
1154	0.03374549	0.01787957	
1154.2	0.03344166	0.01785573	
1154.4	0.03361599	0.01783192	
1154.6	0.03377785	0.01780814	
1154.8	0.03330552	0.0177844	
1155	0.03343417	0.01776069	
1155.2	0.03320682	0.017737	
1155.4	0.03311845	0.01771335	
1155.6	0.03236668	0.01768973	
1155.8	0.03210299	0.01766615	
1156	0.03209879	0.01764259	
1156.2	0.032154	0.01761906	
1156.4	0.03208995	0.01759557	
1156.6	0.03196603	0.01757211	
1156.8	0.0320598	0.01754868	
1157	0.03231278	0.01752528	
1157.2	0.0319486	0.01750191	
1157.4	0.03171446	0.01747857	
1157.6	0.03173282	0.01745527	
1157.8	0.032061	0.01743199	
1158	0.03206597	0.01740875	
1158.2	0.03167189	0.01738553	
1158.4	0.03173848	0.01736235	
1158.6	0.03181027	0.0173392	
1158.8	0.03169344	0.01731608	
1159	0.03233556	0.01729299	
1159.2	0.03171693	0.01726993	
1159.4	0.03150881	0.01724691	
1159.6	0.03113645	0.01722391	
1159.8	0.03124398	0.01720094	
1160	0.03108959	0.01717801	
1160.2	0.03110906	0.0171551	
1160.4	0.03047487	0.01713223	
1160.6	0.03056727	0.01710938	
1160.8	0.03029024	0.01708657	
1161	0.03037447	0.01706378	
1161.2	0.03054844	0.01704103	
1161.4	0.03040293	0.01701831	
1161.6	0.03042675	0.01699562	
1161.8	0.03045177	0.01697295	
1162	0.03025655	0.01695032	
1162.2	0.03004478	0.01692772	
1162.4	0.03039116	0.01690515	
1162.6	0.03070812	0.01688261	
1162.8	0.03085058	0.0168601	
1163	0.03095459	0.01683761	
1163.2	0.03050126	0.01681516	
1163.4	0.03085999	0.01679274	
1163.6	0.03096513	0.01677035	
1163.8	0.03067872	0.01674799	
1164	0.03046493	0.01672566	
1164.2	0.03048754	0.01670335	
1164.4	0.03046273	0.01668108	
1164.6	0.03040191	0.01665884	
1164.8	0.03001914	0.01663663	
1165	0.03037555	0.01661444	
1165.2	0.02975408	0.01659229	
1165.4	0.02950981	0.01657016	
1165.6	0.02984696	0.01654807	
1165.8	0.02970182	0.016526	
1166	0.02986292	0.01650397	
1166.2	0.02969849	0.01648196	
1166.4	0.02969688	0.01645998	
1166.6	0.02974253	0.01643804	
1166.8	0.03001294	0.01641612	
1167	0.03023587	0.01639423	
1167.2	0.03033372	0.01637237	
1167.4	0.03041247	0.01635054	
1167.6	0.03030143	0.01632874	
1167.8	0.02991648	0.01630696	
1168	0.02943024	0.01628522	
1168.2	0.02938158	0.0162635	
1168.4	0.02897267	0.01624182	
1168.6	0.02887234	0.01622016	
1168.8	0.02888121	0.01619853	
1169	0.02852431	0.01617693	
1169.2	0.02800293	0.01615536	
1169.4	0.02850292	0.01613382	
1169.6	0.02851285	0.01611231	
1169.8	0.02850815	0.01609082	
1170	0.02868937	0.01606937	
1170.2	0.02876895	0.01604794	
1170.4	0.02905225	0.01602654	
1170.6	0.02941017	0.01600517	
1170.8	0.02969682	0.01598383	
1171	0.03013857	0.01596252	
1171.2	0.03005347	0.01594123	
1171.4	0.02976827	0.01591998	
1171.6	0.02972305	0.01589875	
1171.8	0.02976174	0.01587755	
1172	0.02928742	0.01585638	
1172.2	0.02925181	0.01583524	
1172.4	0.02903337	0.01581412	
1172.6	0.02974689	0.01579303	
1172.8	0.02941475	0.01577198	
1173	0.02918967	0.01575094	
1173.2	0.02876092	0.01572994	
1173.4	0.02866708	0.01570897	
1173.6	0.02832074	0.01568802	
1173.8	0.02795435	0.0156671	
1174	0.02786775	0.01564621	
1174.2	0.02759967	0.01562535	
1174.4	0.02745174	0.01560451	
1174.6	0.02739178	0.01558371	
1174.8	0.02702915	0.01556293	
1175	0.02722055	0.01554218	
1175.2	0.02674184	0.01552145	
1175.4	0.02665361	0.01550076	
1175.6	0.02699487	0.01548009	
1175.8	0.02742573	0.01545945	
1176	0.0276147	0.01543883	
1176.2	0.02777645	0.01541825	
1176.4	0.02810405	0.01539769	
1176.6	0.02853262	0.01537716	
1176.8	0.02830302	0.01535665	
1177	0.02822942	0.01533617	
1177.2	0.02803302	0.01531572	
1177.4	0.02828149	0.0152953	
1177.6	0.02857605	0.01527491	
1177.8	0.02872145	0.01525454	
1178	0.02896817	0.0152342	
1178.2	0.02866383	0.01521389	
1178.4	0.0291419	0.0151936	
1178.6	0.02907332	0.01517334	
1178.8	0.02890801	0.01515311	
1179	0.02863066	0.0151329	
1179.2	0.02839179	0.01511272	
1179.4	0.02821161	0.01509257	
1179.6	0.02817161	0.01507245	
1179.8	0.02804416	0.01505235	
1180	0.02754504	0.01503228	
1180.2	0.02700983	0.01501224	
1180.4	0.02699479	0.01499222	
1180.6	0.0267667	0.01497223	
1180.8	0.02647838	0.01495226	
1181	0.02646163	0.01493233	
1181.2	0.02643873	0.01491241	
1181.4	0.02681682	0.01489253	
1181.6	0.02717808	0.01487267	
1181.8	0.02697564	0.01485284	
1182	0.02693421	0.01483304	
1182.2	0.02719853	0.01481326	
1182.4	0.0274969	0.01479351	
1182.6	0.02737424	0.01477378	
1182.8	0.02701297	0.01475408	
1183	0.02665464	0.01473441	
1183.2	0.02653374	0.01471476	
1183.4	0.02601569	0.01469514	
1183.6	0.02576116	0.01467554	
1183.8	0.0259002	0.01465598	
1184	0.02556633	0.01463643	
1184.2	0.02603581	0.01461692	
1184.4	0.02603021	0.01459743	
1184.6	0.02603981	0.01457796	
1184.8	0.02586891	0.01455852	
1185	0.02576029	0.01453911	
1185.2	0.02555066	0.01451973	
1185.4	0.02579687	0.01450036	
1185.6	0.02607997	0.01448103	
1185.8	0.02629738	0.01446172	
1186	0.02643402	0.01444244	
1186.2	0.02693176	0.01442318	
1186.4	0.02704328	0.01440395	
1186.6	0.02705231	0.01438474	
1186.8	0.02684379	0.01436556	
1187	0.02701355	0.01434641	
1187.2	0.02729381	0.01432728	
1187.4	0.02717037	0.01430817	
1187.6	0.02758287	0.01428909	
1187.8	0.02783515	0.01427004	
1188	0.02707275	0.01425101	
1188.2	0.02719411	0.01423201	
1188.4	0.02683139	0.01421303	
1188.6	0.0267918	0.01419408	
1188.8	0.0265717	0.01417515	
1189	0.02635404	0.01415625	
1189.2	0.02616518	0.01413738	
1189.4	0.02617996	0.01411853	
1189.6	0.0262474	0.0140997	
1189.8	0.02631488	0.0140809	
1190	0.02610956	0.01406212	
1190.2	0.02631587	0.01404337	
1190.4	0.02630197	0.01402465	
1190.6	0.02607122	0.01400595	
1190.8	0.0255836	0.01398727	
1191	0.02585882	0.01396862	
1191.2	0.02611634	0.01394999	
1191.4	0.0258111	0.01393139	
1191.6	0.02591051	0.01391282	
1191.8	0.02514267	0.01389427	
1192	0.02470846	0.01387574	
1192.2	0.02530671	0.01385724	
1192.4	0.02529568	0.01383876	
1192.6	0.02549398	0.01382031	
1192.8	0.02514653	0.01380188	
1193	0.02484088	0.01378347	
1193.2	0.02452976	0.0137651	
1193.4	0.02403836	0.01374674	
1193.6	0.023685	0.01372841	
1193.8	0.0237083	0.01371011	
1194	0.02351585	0.01369182	
1194.2	0.02332745	0.01367357	
1194.4	0.02332329	0.01365534	
1194.6	0.0233727	0.01363713	
1194.8	0.02337817	0.01361894	
1195	0.02360495	0.01360078	
1195.2	0.02379451	0.01358265	
1195.4	0.0238535	0.01356454	
1195.6	0.02357881	0.01354645	
1195.8	0.02368708	0.01352839	
1196	0.02388967	0.01351035	
1196.2	0.02420411	0.01349233	
1196.4	0.02425053	0.01347434	
1196.6	0.02421112	0.01345638	
1196.8	0.02390628	0.01343843	
1197	0.0238292	0.01342051	
1197.2	0.02358441	0.01340262	
1197.4	0.02334339	0.01338475	
1197.6	0.02358033	0.0133669	
1197.8	0.02388736	0.01334908	
1198	0.02383158	0.01333128	
1198.2	0.02392322	0.0133135	
1198.4	0.02442861	0.01329575	
1198.6	0.02452812	0.01327802	
1198.8	0.02463205	0.01326031	
1199	0.0247843	0.01324263	
1199.2	0.02477126	0.01322498	
1199.4	0.0247171	0.01320734	
1199.6	0.02451733	0.01318973	
1199.8	0.02483712	0.01317214	
1200	0.02448201	0.01315458	
1200.2	0.02445923	0.01313704	
1200.4	0.02467814	0.01311952	
1200.6	0.02439305	0.01310203	
1200.8	0.02433513	0.01308456	
1201	0.02414865	0.01306711	
1201.2	0.02402936	0.01304969	
1201.4	0.02411616	0.01303229	
1201.6	0.02435985	0.01301491	
1201.8	0.02435673	0.01299755	
1202	0.02425096	0.01298022	
1202.2	0.02407698	0.01296292	
1202.4	0.0242623	0.01294563	
1202.6	0.02414747	0.01292837	
1202.8	0.02394271	0.01291113	
1203	0.02383176	0.01289391	
1203.2	0.02347314	0.01287672	
1203.4	0.02341167	0.01285955	
1203.6	0.02327345	0.0128424	
1203.8	0.02295269	0.01282528	
1204	0.02203328	0.01280818	
1204.2	0.02176848	0.0127911	
1204.4	0.02169411	0.01277404	
1204.6	0.02165889	0.01275701	
1204.8	0.02156157	0.01274	
1205	0.02099318	0.01272301	
1205.2	0.02069287	0.01270605	
1205.4	0.0206619	0.01268911	
1205.6	0.02092829	0.01267219	
1205.8	0.02070497	0.01265529	
1206	0.02077499	0.01263841	
1206.2	0.02098425	0.01262156	
1206.4	0.02139982	0.01260473	
1206.6	0.02153272	0.01258793	
1206.8	0.02123859	0.01257114	
1207	0.02162704	0.01255438	
1207.2	0.02177579	0.01253764	
1207.4	0.02204805	0.01252092	
1207.6	0.02229542	0.01250422	
1207.8	0.02201236	0.01248755	
1208	0.02203173	0.0124709	
1208.2	0.02239649	0.01245427	
1208.4	0.02230451	0.01243766	
1208.6	0.02241409	0.01242108	
1208.8	0.02238002	0.01240452	
1209	0.02158694	0.01238798	
1209.2	0.02145121	0.01237146	
1209.4	0.02158062	0.01235496	
1209.6	0.02149906	0.01233849	
1209.8	0.02107478	0.01232204	
1210	0.02112333	0.01230561	
1210.2	0.0213461	0.0122892	
1210.4	0.02095765	0.01227281	
1210.6	0.02093331	0.01225645	
1210.8	0.02083638	0.0122401	
1211	0.02102939	0.01222378	
1211.2	0.02103186	0.01220748	
1211.4	0.02111383	0.01219121	
1211.6	0.02137854	0.01217495	
1211.8	0.02113484	0.01215872	
1212	0.02119437	0.0121425	
1212.2	0.02112092	0.01212631	
1212.4	0.02097582	0.01211014	
1212.6	0.02128084	0.012094	
1212.8	0.02125768	0.01207787	
1213	0.02086272	0.01206176	
1213.2	0.02073693	0.01204568	
1213.4	0.02071129	0.01202962	
1213.6	0.0202258	0.01201358	
1213.8	0.01991366	0.01199756	
1214	0.01967852	0.01198156	
1214.2	0.01942784	0.01196559	
1214.4	0.01913854	0.01194963	
1214.6	0.01956671	0.0119337	
1214.8	0.01948425	0.01191778	
1215	0.01911207	0.01190189	
1215.2	0.01879731	0.01188602	
1215.4	0.01867092	0.01187017	
1215.6	0.01888248	0.01185435	
1215.8	0.01879034	0.01183854	
1216	0.01883698	0.01182275	
1216.2	0.01916579	0.01180699	
1216.4	0.01915336	0.01179125	
1216.6	0.01944444	0.01177552	
1216.8	0.01953503	0.01175982	
1217	0.01969492	0.01174414	
1217.2	0.01949116	0.01172848	
1217.4	0.01930187	0.01171284	
1217.6	0.01913658	0.01169722	
1217.8	0.0187519	0.01168163	
1218	0.0186559	0.01166605	
1218.2	0.01875003	0.0116505	
1218.4	0.01866003	0.01163496	
1218.6	0.01888058	0.01161945	
1218.8	0.01841676	0.01160395	
1219	0.0182912	0.01158848	
1219.2	0.01804959	0.01157303	
1219.4	0.01819503	0.0115576	
1219.6	0.01806111	0.01154218	
1219.8	0.01815833	0.01152679	
1220	0.01826512	0.01151142	
1220.2	0.01835896	0.01149608	
1220.4	0.01832514	0.01148075	
1220.6	0.01866053	0.01146544	
1220.8	0.01826288	0.01145015	
1221	0.01811988	0.01143488	
1221.2	0.01766414	0.01141963	
1221.4	0.01769299	0.01140441	
1221.6	0.01750083	0.0113892	
1221.8	0.01730405	0.01137401	
1222	0.01739164	0.01135885	
1222.2	0.01747311	0.0113437	
1222.4	0.01736575	0.01132858	
1222.6	0.01779009	0.01131347	
1222.8	0.01768159	0.01129838	
1223	0.01770643	0.01128332	
1223.2	0.01750266	0.01126827	
1223.4	0.01771325	0.01125325	
1223.6	0.01775278	0.01123824	
1223.8	0.01806408	0.01122326	
1224	0.01807879	0.01120829	
1224.2	0.01810766	0.01119335	
1224.4	0.01818982	0.01117842	
1224.6	0.01806536	0.01116352	
1224.8	0.01742578	0.01114863	
1225	0.01723219	0.01113377	
1225.2	0.01719407	0.01111892	
1225.4	0.01710717	0.01110409	
1225.6	0.01674491	0.01108929	
1225.8	0.01640453	0.0110745	
1226	0.01608868	0.01105973	
1226.2	0.01614956	0.01104499	
1226.4	0.01603486	0.01103026	
1226.6	0.01598863	0.01101555	
1226.8	0.01597592	0.01100086	
1227	0.01595074	0.0109862	
1227.2	0.01608104	0.01097155	
1227.4	0.01619359	0.01095692	
1227.6	0.01668957	0.01094231	
1227.8	0.01681221	0.01092772	
1228	0.01679348	0.01091314	
1228.2	0.01698747	0.01089859	
1228.4	0.01703624	0.01088406	
1228.6	0.01709722	0.01086955	
1228.8	0.0172777	0.01085505	
1229	0.01766423	0.01084058	
1229.2	0.0176506	0.01082613	
1229.4	0.01751025	0.01081169	
1229.6	0.01734465	0.01079727	
1229.8	0.01681006	0.01078288	
1230	0.01653117	0.0107685	
1230.2	0.01648535	0.01075414	
1230.4	0.01650008	0.0107398	
1230.6	0.01643059	0.01072548	
1230.8	0.01655102	0.01071118	
1231	0.01600976	0.01069689	
1231.2	0.015859	0.01068263	
1231.4	0.01559515	0.01066839	
1231.6	0.01564775	0.01065416	
1231.8	0.01554004	0.01063996	
1232	0.01532535	0.01062577	
1232.2	0.01531955	0.0106116	
1232.4	0.01525035	0.01059745	
1232.6	0.01535657	0.01058332	
1232.8	0.01524462	0.01056921	
1233	0.01526004	0.01055511	
1233.2	0.01531535	0.01054104	
1233.4	0.01569392	0.01052698	
1233.6	0.01544743	0.01051295	
1233.8	0.01534641	0.01049893	
1234	0.01525597	0.01048493	
1234.2	0.01527417	0.01047095	
1234.4	0.01562706	0.01045699	
1234.6	0.01567813	0.01044304	
1234.8	0.01590833	0.01042912	
1235	0.0159929	0.01041521	
1235.2	0.0162868	0.01040133	
1235.4	0.01660268	0.01038746	
1235.6	0.01683672	0.01037361	
1235.8	0.01737075	0.01035977	
1236	0.01713202	0.01034596	
1236.2	0.01703851	0.01033216	
1236.4	0.01718893	0.01031839	
1236.6	0.0172893	0.01030463	
1236.8	0.01729122	0.01029089	
1237	0.01743778	0.01027717	
1237.2	0.01731876	0.01026346	
1237.4	0.01704037	0.01024978	
1237.6	0.01608346	0.01023611	
1237.8	0.01529308	0.01022246	
1238	0.01521596	0.01020883	
1238.2	0.01510758	0.01019522	
1238.4	0.01513008	0.01018162	
1238.6	0.01490492	0.01016805	
1238.8	0.01475829	0.01015449	
1239	0.01460918	0.01014095	
1239.2	0.01434855	0.01012743	
1239.4	0.01468676	0.01011392	
1239.6	0.01441066	0.01010044	
1239.8	0.01457313	0.01008697	
1240	0.01454986	0.01007352	
1240.2	0.0149784	0.01006009	
1240.4	0.01520512	0.01004667	
1240.6	0.0153444	0.01003328	
1240.8	0.01530631	0.0100199	
1241	0.01507159	0.01000654	
1241.2	0.01500816	0.00999319	
1241.4	0.01494214	0.00997987	
1241.6	0.01410955	0.00996656	
1241.8	0.01406788	0.00995327	
1242	0.01443035	0.00994	
1242.2	0.01424873	0.00992675	
1242.4	0.01379489	0.00991351	
1242.6	0.01408733	0.00990029	
1242.8	0.01405978	0.00988709	
1243	0.01411441	0.00987391	
1243.2	0.01436529	0.00986074	
1243.4	0.01489354	0.00984759	
1243.6	0.01509043	0.00983446	
1243.8	0.01586946	0.00982135	
1244	0.0161317	0.00980825	
1244.2	0.01614196	0.00979517	
1244.4	0.01612574	0.00978211	
1244.6	0.01651279	0.00976907	
1244.8	0.01638854	0.00975604	
1245	0.01636418	0.00974303	
1245.2	0.01640133	0.00973004	
1245.4	0.01615473	0.00971707	
1245.6	0.01572671	0.00970411	
1245.8	0.01516185	0.00969117	
1246	0.01474968	0.00967825	
1246.2	0.01460501	0.00966534	
1246.4	0.01457344	0.00965246	
1246.6	0.01447655	0.00963959	
1246.8	0.01407547	0.00962673	
1247	0.01406956	0.0096139	
1247.2	0.01461696	0.00960108	
1247.4	0.01492463	0.00958827	
1247.6	0.01526773	0.00957549	
1247.8	0.0151996	0.00956272	
1248	0.01492755	0.00954997	
1248.2	0.01503763	0.00953724	
1248.4	0.01487701	0.00952452	
1248.6	0.0149991	0.00951182	
1248.8	0.0148167	0.00949914	
1249	0.01485064	0.00948647	
1249.2	0.014756	0.00947382	
1249.4	0.01430815	0.00946119	
1249.6	0.01380529	0.00944857	
1249.8	0.0130208	0.00943597	
1250	0.01315804	0.00942339	
1250.2	0.01306413	0.00941083	
1250.4	0.01263726	0.00939828	
1250.6	0.0125662	0.00938575	
1250.8	0.01277377	0.00937323	
1251	0.01294386	0.00936073	
1251.2	0.01319661	0.00934825	
1251.4	0.01305382	0.00933579	
1251.6	0.01289545	0.00932334	
1251.8	0.01282077	0.00931091	
1252	0.01272659	0.00929849	
1252.2	0.01251027	0.00928609	
1252.4	0.01212977	0.00927371	
1252.6	0.01244379	0.00926134	
1252.8	0.01204507	0.00924899	
1253	0.01200705	0.00923666	
1253.2	0.01168713	0.00922435	
1253.4	0.01147559	0.00921205	
1253.6	0.01168676	0.00919976	
1253.8	0.01188771	0.0091875	
1254	0.01200379	0.00917524	
1254.2	0.01145917	0.00916301	
1254.4	0.01201045	0.00915079	
1254.6	0.01225655	0.00913859	
1254.8	0.01186356	0.00912641	
1255	0.01182874	0.00911424	
1255.2	0.01151805	0.00910208	
1255.4	0.0114138	0.00908995	
1255.6	0.011355	0.00907783	
1255.8	0.01160254	0.00906572	
1256	0.01145657	0.00905363	
1256.2	0.01149529	0.00904156	
1256.4	0.01171974	0.0090295	
1256.6	0.01139676	0.00901746	
1256.8	0.01069331	0.00900544	
1257	0.0107298	0.00899343	
1257.2	0.01075722	0.00898144	
1257.4	0.01116761	0.00896946	
1257.6	0.01121848	0.0089575	
1257.8	0.01150662	0.00894556	
1258	0.01128675	0.00893363	
1258.2	0.01161166	0.00892172	
1258.4	0.01232552	0.00890982	
1258.6	0.01187017	0.00889794	
1258.8	0.01182072	0.00888608	
1259	0.0120802	0.00887423	
1259.2	0.0118699	0.0088624	
1259.4	0.01195241	0.00885058	
1259.6	0.01230659	0.00883878	
1259.8	0.01271192	0.00882699	
1260	0.01283498	0.00881522	
1260.2	0.01261436	0.00880347	
1260.4	0.01239637	0.00879173	
1260.6	0.01163905	0.00878001	
1260.8	0.011391	0.0087683	
1261	0.01129453	0.00875661	
1261.2	0.01103705	0.00874493	
1261.4	0.01131978	0.00873327	
1261.6	0.01103627	0.00872163	
1261.8	0.01118455	0.00871	
1262	0.01091931	0.00869838	
1262.2	0.01114374	0.00868678	
1262.4	0.01069061	0.0086752	
1262.6	0.01054544	0.00866363	
1262.8	0.0104943	0.00865208	
1263	0.01012881	0.00864054	
1263.2	0.00971483	0.00862902	
1263.4	0.00981932	0.00861752	
1263.6	0.01019148	0.00860603	
1263.8	0.01035552	0.00859455	
1264	0.01056753	0.00858309	
1264.2	0.01053586	0.00857165	
1264.4	0.01076606	0.00856022	
1264.6	0.01053465	0.0085488	
1264.8	0.01064877	0.0085374	
1265	0.01060694	0.00852602	
1265.2	0.01078213	0.00851465	
1265.4	0.01122411	0.0085033	
1265.6	0.01098418	0.00849196	
1265.8	0.01109393	0.00848064	
1266	0.01123173	0.00846933	
1266.2	0.01122697	0.00845803	
1266.4	0.01099863	0.00844676	
1266.6	0.01131119	0.00843549	
1266.8	0.01126434	0.00842425	
1267	0.0111158	0.00841301	
1267.2	0.01113317	0.00840179	
1267.4	0.01144371	0.00839059	
1267.6	0.01128787	0.0083794	
1267.8	0.01124895	0.00836823	
1268	0.0114694	0.00835707	
1268.2	0.01082723	0.00834593	
1268.4	0.01047101	0.0083348	
1268.6	0.0101283	0.00832369	
1268.8	0.00995303	0.00831259	
1269	0.00959106	0.0083015	
1269.2	0.00952256	0.00829043	
1269.4	0.00930643	0.00827938	
1269.6	0.00922344	0.00826834	
1269.8	0.00924352	0.00825731	
1270	0.00907815	0.0082463	
1270.2	0.00905836	0.00823531	
1270.4	0.00915824	0.00822433	
1270.6	0.00965696	0.00821336	
1270.8	0.00966195	0.00820241	
1271	0.00994549	0.00819147	
1271.2	0.01005254	0.00818055	
1271.4	0.01022193	0.00816964	
1271.6	0.0101926	0.00815875	
1271.8	0.01037464	0.00814787	
1272	0.01025409	0.008137	
1272.2	0.0100992	0.00812615	
1272.4	0.01025679	0.00811532	
1272.6	0.01009618	0.0081045	
1272.8	0.00994545	0.00809369	
1273	0.00966655	0.0080829	
1273.2	0.00978282	0.00807212	
1273.4	0.00951559	0.00806136	
1273.6	0.00942054	0.00805061	
1273.8	0.0091676	0.00803987	
1274	0.00913664	0.00802915	
1274.2	0.00893249	0.00801845	
1274.4	0.00911028	0.00800776	
1274.6	0.00924539	0.00799708	
1274.8	0.00946655	0.00798641	
1275	0.00954482	0.00797577	
1275.2	0.00965931	0.00796513	
1275.4	0.00956408	0.00795451	
1275.6	0.0092106	0.0079439	
1275.8	0.00938976	0.00793331	
1276	0.00931502	0.00792273	
1276.2	0.00944252	0.00791217	
1276.4	0.00928673	0.00790162	
1276.6	0.00879958	0.00789108	
1276.8	0.0085659	0.00788056	
1277	0.00840547	0.00787005	
1277.2	0.00849402	0.00785956	
1277.4	0.00812333	0.00784908	
1277.6	0.00794974	0.00783861	
1277.8	0.00751491	0.00782816	
1278	0.00736431	0.00781772	
1278.2	0.00726351	0.0078073	
1278.4	0.007554	0.00779689	
1278.6	0.00744226	0.00778649	
1278.8	0.00763515	0.00777611	
1279	0.00721674	0.00776574	
1279.2	0.00735104	0.00775538	
1279.4	0.00694691	0.00774504	
1279.6	0.00698144	0.00773472	
1279.8	0.00719565	0.0077244	
1280	0.00713905	0.0077141	
1280.2	0.00723017	0.00770382	
1280.4	0.00725579	0.00769354	
1280.6	0.00694962	0.00768329	
1280.8	0.00729261	0.00767304	
1281	0.00806403	0.00766281	
1281.2	0.0079166	0.00765259	
1281.4	0.0079235	0.00764239	
1281.6	0.00806342	0.0076322	
1281.8	0.00796521	0.00762202	
1282	0.00818955	0.00761186	
1282.2	0.00838554	0.00760171	
1282.4	0.00851355	0.00759157	
1282.6	0.00873326	0.00758145	
1282.8	0.00873623	0.00757134	
1283	0.00854614	0.00756124	
1283.2	0.00849824	0.00755116	
1283.4	0.00780562	0.00754109	
1283.6	0.00783756	0.00753104	
1283.8	0.00674189	0.00752099	
1284	0.00641996	0.00751097	
1284.2	0.00596945	0.00750095	
1284.4	0.00572432	0.00749095	
1284.6	0.00546228	0.00748096	
1284.8	0.00566145	0.00747099	
1285	0.00582372	0.00746102	
1285.2	0.00579798	0.00745108	
1285.4	0.00655688	0.00744114	
1285.6	0.00707718	0.00743122	
1285.8	0.00706081	0.00742131	
1286	0.00701765	0.00741141	
1286.2	0.00688212	0.00740153	
1286.4	0.00733579	0.00739166	
1286.6	0.00783134	0.00738181	
1286.8	0.0077752	0.00737196	
1287	0.00756369	0.00736213	
1287.2	0.00730166	0.00735232	
1287.4	0.00667872	0.00734251	
1287.6	0.00669471	0.00733272	
1287.8	0.00629376	0.00732294	
1288	0.00650171	0.00731318	
1288.2	0.00661187	0.00730343	
1288.4	0.00677333	0.00729369	
1288.6	0.00668639	0.00728396	
1288.8	0.0068705	0.00727425	
1289	0.00740336	0.00726455	
1289.2	0.00777857	0.00725487	
1289.4	0.00787565	0.00724519	
1289.6	0.00761962	0.00723553	
1289.8	0.00707936	0.00722588	
1290	0.00642811	0.00721625	
1290.2	0.00617785	0.00720663	
1290.4	0.00650938	0.00719702	
1290.6	0.00643938	0.00718742	
1290.8	0.0058612	0.00717784	
1291	0.00579697	0.00716827	
1291.2	0.00584502	0.00715871	
1291.4	0.00570421	0.00714916	
1291.6	0.00580646	0.00713963	
1291.8	0.00575276	0.00713011	
1292	0.00589013	0.0071206	
1292.2	0.0057839	0.00711111	
1292.4	0.00559257	0.00710162	
1292.6	0.00530841	0.00709216	
1292.8	0.00519584	0.0070827	
1293	0.00527661	0.00707325	
1293.2	0.00515239	0.00706382	
1293.4	0.00506414	0.0070544	
1293.6	0.00511942	0.007045	
1293.8	0.00508506	0.0070356	
1294	0.00507222	0.00702622	
1294.2	0.00541516	0.00701685	
1294.4	0.00584351	0.0070075	
1294.6	0.00600597	0.00699815	
1294.8	0.00612278	0.00698882	
1295	0.0062735	0.0069795	
1295.2	0.00597267	0.0069702	
1295.4	0.00593667	0.0069609	
1295.6	0.00580922	0.00695162	
1295.8	0.00559187	0.00694235	
1296	0.00559642	0.00693309	
1296.2	0.00542749	0.00692385	
1296.4	0.00533945	0.00691462	
1296.6	0.00505538	0.0069054	
1296.8	0.00493744	0.00689619	
1297	0.00481383	0.00688699	
1297.2	0.00462718	0.00687781	
1297.4	0.00466902	0.00686864	
1297.6	0.0047116	0.00685948	
1297.8	0.00450403	0.00685033	
1298	0.00461536	0.0068412	
1298.2	0.00467042	0.00683208	
1298.4	0.00481145	0.00682297	
1298.6	0.00453116	0.00681387	
1298.8	0.00447835	0.00680478	
1299	0.00419924	0.00679571	
1299.2	0.00442066	0.00678665	
1299.4	0.00481692	0.0067776	
1299.6	0.00472284	0.00676856	
1299.8	0.00465071	0.00675954	
1300	0.00499211	0.00675052	
1300.2	0.00496625	0.00674152	
1300.4	0.00484778	0.00673253	
1300.6	0.00494687	0.00672356	
1300.8	0.00528387	0.00671459	
1301	0.00527535	0.00670564	
1301.2	0.00550151	0.0066967	
1301.4	0.00591118	0.00668777	
1301.6	0.00592251	0.00667885	
1301.8	0.00555168	0.00666994	
1302	0.00568694	0.00666105	
1302.2	0.00574921	0.00665217	
1302.4	0.0058543	0.0066433	
1302.6	0.00570266	0.00663444	
1302.8	0.00578771	0.00662559	
1303	0.00577235	0.00661676	
1303.2	0.00589736	0.00660794	
1303.4	0.00560269	0.00659913	
1303.6	0.00525195	0.00659033	
1303.8	0.0048682	0.00658154	
1304	0.00482052	0.00657276	
1304.2	0.0046012	0.006564	
1304.4	0.00473031	0.00655525	
1304.6	0.00486998	0.0065465	
1304.8	0.00477661	0.00653778	
1305	0.00465776	0.00652906	
1305.2	0.00486753	0.00652035	
1305.4	0.00483641	0.00651166	
1305.6	0.00456417	0.00650298	
1305.8	0.00454326	0.0064943	
1306	0.00480151	0.00648564	
1306.2	0.00476834	0.006477	
1306.4	0.0047041	0.00646836	
1306.6	0.00494223	0.00645973	
1306.8	0.00457591	0.00645112	
1307	0.00425445	0.00644252	
1307.2	0.00433016	0.00643393	
1307.4	0.00417654	0.00642535	
1307.6	0.00412186	0.00641678	
1307.8	0.00400054	0.00640823	
1308	0.00402715	0.00639968	
1308.2	0.00416221	0.00639115	
1308.4	0.00368024	0.00638263	
1308.6	0.00349817	0.00637412	
1308.8	0.00305301	0.00636562	
1309	0.00312159	0.00635713	
1309.2	0.00294616	0.00634865	
1309.4	0.00292273	0.00634019	
1309.6	0.00278877	0.00633173	
1309.8	0.00267661	0.00632329	
1310	0.00225337	0.00631486	
1310.2	0.00216557	0.00630644	
1310.4	0.00218221	0.00629803	
1310.6	0.00275346	0.00628963	
1310.8	0.00247355	0.00628124	
1311	0.00263264	0.00627287	
1311.2	0.00320438	0.0062645	
1311.4	0.00312819	0.00625615	
1311.6	0.0029405	0.00624781	
1311.8	0.00330863	0.00623948	
1312	0.00339892	0.00623116	
1312.2	0.00372095	0.00622285	
1312.4	0.00331279	0.00621455	
1312.6	0.00342452	0.00620627	
1312.8	0.00306877	0.00619799	
1313	0.00326757	0.00618973	
1313.2	0.00266388	0.00618147	
1313.4	0.00252382	0.00617323	
1313.6	0.00212399	0.006165	
1313.8	0.00218095	0.00615678	
1314	0.00202175	0.00614857	
1314.2	0.0024006	0.00614037	
1314.4	0.00256795	0.00613218	
1314.6	0.00315892	0.00612401	
1314.8	0.00294729	0.00611584	
1315	0.00300668	0.00610768	
1315.2	0.00301724	0.00609954	
1315.4	0.00302764	0.00609141	
1315.6	0.00320687	0.00608328	
1315.8	0.00341648	0.00607517	
1316	0.00349852	0.00606707	
1316.2	0.00324025	0.00605898	
1316.4	0.00295128	0.0060509	
1316.6	0.002957	0.00604284	
1316.8	0.00277369	0.00603478	
1317	0.00290851	0.00602673	
1317.2	0.00247148	0.00601869	
1317.4	0.00268803	0.00601067	
1317.6	0.00266675	0.00600265	
1317.8	0.00292126	0.00599465	
1318	0.00282411	0.00598666	
1318.2	0.00320256	0.00597867	
1318.4	0.00318962	0.0059707	
1318.6	0.00319882	0.00596274	
1318.8	0.00301503	0.00595479	
1319	0.00281821	0.00594685	
1319.2	0.00294004	0.00593892	
1319.4	0.00295142	0.005931	
1319.6	0.00290776	0.00592309	
1319.8	0.00247952	0.0059152	
1320	0.00225784	0.00590731	
1320.2	0.00186014	0.00589943	
1320.4	0.001793	0.00589156	
1320.6	0.00185065	0.00588371	
1320.8	0.0018827	0.00587586	
1321	0.0019233	0.00586803	
1321.2	0.00167208	0.0058602	
1321.4	0.00195469	0.00585239	
1321.6	0.00180625	0.00584459	
1321.8	0.00195328	0.00583679	
1322	0.00229192	0.00582901	
1322.2	0.00218832	0.00582124	
1322.4	0.00229183	0.00581348	
1322.6	0.0021773	0.00580572	
1322.8	0.00216688	0.00579798	
1323	0.00238355	0.00579025	
1323.2	0.00264893	0.00578253	
1323.4	0.00218952	0.00577482	
1323.6	0.00190852	0.00576712	
1323.8	0.00138117	0.00575943	
1324	0.00083813	0.00575175	
1324.2	0.00104293	0.00574408	
1324.4	0.00075446	0.00573642	
1324.6	0.00041694	0.00572877	
1324.8	0.00036094	0.00572113	
1325	0.00027878	0.00571351	
1325.2	-0.00015712	0.00570589	
1325.4	-0.00032838	0.00569828	
1325.6	-0.00031232	0.00569068	
1325.8	-0.00004218	0.00568309	
1326	0.00026235	0.00567551	
1326.2	0.00024086	0.00566795	
1326.4	0.00063062	0.00566039	
1326.6	0.00092988	0.00565284	
1326.8	0.00108011	0.0056453	
1327	0.00131039	0.00563778	
1327.2	0.00090629	0.00563026	
1327.4	0.00076181	0.00562275	
1327.6	0.00051141	0.00561525	
1327.8	0.00048491	0.00560777	
1328	0.00035867	0.00560029	
1328.2	0.00074717	0.00559282	
1328.4	0.00006248	0.00558536	
1328.6	-0.00038166	0.00557792	
1328.8	0.00007361	0.00557048	
1329	-0.0002243	0.00556305	
1329.2	-0.00062029	0.00555563	
1329.4	-0.00059515	0.00554823	
1329.6	-0.000037	0.00554083	
1329.8	-0.00001459	0.00553344	
1330	-0.00007887	0.00552606	
1330.2	0.00010362	0.00551869	
1330.4	-0.0001678	0.00551133	
1330.6	0.00010458	0.00550398	
1330.8	0.00001701	0.00549665	
1331	-0.00043346	0.00548932	
1331.2	-0.00051648	0.005482	
1331.4	-0.00032131	0.00547469	
1331.6	-0.00076329	0.00546739	
1331.8	-0.00085366	0.0054601	
1332	-0.00059695	0.00545282	
1332.2	-0.00097415	0.00544555	
1332.4	-0.00130838	0.00543828	
1332.6	-0.00093922	0.00543103	
1332.8	-0.0003648	0.00542379	
1333	-0.00078572	0.00541656	
1333.2	-0.00087835	0.00540934	
1333.4	-0.00084108	0.00540212	
1333.6	-0.00066776	0.00539492	
1333.8	-0.0012866	0.00538773	
1334	-0.00152737	0.00538054	
1334.2	-0.00165866	0.00537337	
1334.4	-0.00187207	0.0053662	
1334.6	-0.00170556	0.00535905	
1334.8	-0.00175439	0.0053519	
1335	-0.00222132	0.00534477	
1335.2	-0.00216189	0.00533764	
1335.4	-0.00221422	0.00533052	
1335.6	-0.00239436	0.00532341	
1335.8	-0.00216699	0.00531632	
1336	-0.00180995	0.00530923	
1336.2	-0.00176027	0.00530215	
1336.4	-0.00121824	0.00529508	
1336.6	-0.00111244	0.00528802	
1336.8	-0.00109185	0.00528097	
1337	-0.001421	0.00527392	
1337.2	-0.00139537	0.00526689	
1337.4	-0.00172797	0.00525987	
1337.6	-0.00165719	0.00525286	
1337.8	-0.00207873	0.00524585	
1338	-0.00188798	0.00523886	
1338.2	-0.00182097	0.00523187	
1338.4	-0.0017404	0.00522489	
1338.6	-0.00188868	0.00521793	
1338.8	-0.00193972	0.00521097	
1339	-0.00181634	0.00520402	
1339.2	-0.00214019	0.00519708	
1339.4	-0.00190915	0.00519015	
1339.6	-0.00187706	0.00518323	
1339.8	-0.00183455	0.00517632	
1340	-0.00138012	0.00516942	
1340.2	-0.00096724	0.00516253	
1340.4	-0.00108286	0.00515564	
1340.6	-0.00125103	0.00514877	
1340.8	-0.00168285	0.0051419	
1341	-0.00230681	0.00513505	
1341.2	-0.00243605	0.0051282	
1341.4	-0.00261855	0.00512136	
1341.6	-0.00258097	0.00511453	
1341.8	-0.00296968	0.00510771	
1342	-0.00294422	0.0051009	
1342.2	-0.0026491	0.0050941	
1342.4	-0.00249781	0.00508731	
1342.6	-0.00246016	0.00508052	
1342.8	-0.00242233	0.00507375	
1343	-0.0024297	0.00506698	
1343.2	-0.00301582	0.00506023	
1343.4	-0.00259872	0.00505348	
1343.6	-0.0026961	0.00504674	
1343.8	-0.00218825	0.00504001	
1344	-0.00199627	0.00503329	
1344.2	-0.00194937	0.00502658	
1344.4	-0.00205929	0.00501988	
1344.6	-0.0020826	0.00501318	
1344.8	-0.00265382	0.0050065	
1345	-0.00309431	0.00499982	
1345.2	-0.00299399	0.00499316	
1345.4	-0.00307617	0.0049865	
1345.6	-0.00333422	0.00497985	
1345.8	-0.00325542	0.00497321	
1346	-0.0032105	0.00496658	
1346.2	-0.00292813	0.00495996	
1346.4	-0.00286627	0.00495334	
1346.6	-0.00314103	0.00494674	
1346.8	-0.00328143	0.00494014	
1347	-0.00359792	0.00493355	
1347.2	-0.0035648	0.00492698	
1347.4	-0.00324623	0.00492041	
1347.6	-0.00314695	0.00491385	
1347.8	-0.00280995	0.00490729	
1348	-0.00298	0.00490075	
1348.2	-0.00280064	0.00489422	
1348.4	-0.00292474	0.00488769	
1348.6	-0.00277316	0.00488117	
1348.8	-0.00322812	0.00487466	
1349	-0.00315314	0.00486816	
1349.2	-0.0029307	0.00486167	
1349.4	-0.00251281	0.00485519	
1349.6	-0.00249431	0.00484872	
1349.8	-0.00237267	0.00484225	
1350	-0.00258982	0.00483579	
1350.2	-0.00264282	0.00482935	
1350.4	-0.00246759	0.00482291	
1350.6	-0.00259263	0.00481648	
1350.8	-0.0025696	0.00481005	
1351	-0.00280192	0.00480364	
1351.2	-0.00294476	0.00479723	
1351.4	-0.00321676	0.00479084	
1351.6	-0.00337263	0.00478445	
1351.8	-0.00352371	0.00477807	
1352	-0.00379349	0.0047717	
1352.2	-0.00401088	0.00476534	
1352.4	-0.0044276	0.00475898	
1352.6	-0.00438072	0.00475264	
1352.8	-0.00492164	0.0047463	
1353	-0.00457079	0.00473997	
1353.2	-0.00481428	0.00473365	
1353.4	-0.00427548	0.00472734	
1353.6	-0.00429589	0.00472103	
1353.8	-0.00415337	0.00471474	
1354	-0.00416764	0.00470845	
1354.2	-0.00380939	0.00470217	
1354.4	-0.00322405	0.0046959	
1354.6	-0.00312896	0.00468964	
1354.8	-0.00305493	0.00468339	
1355	-0.00324002	0.00467714	
1355.2	-0.00348843	0.00467091	
1355.4	-0.00351901	0.00466468	
1355.6	-0.00332355	0.00465846	
1355.8	-0.00327131	0.00465225	
1356	-0.00345169	0.00464604	
1356.2	-0.00337387	0.00463985	
1356.4	-0.00376467	0.00463366	
1356.6	-0.00364256	0.00462748	
1356.8	-0.00387048	0.00462131	
1357	-0.00349175	0.00461515	
1357.2	-0.00349114	0.004609	
1357.4	-0.0033745	0.00460285	
1357.6	-0.0036659	0.00459672	
1357.8	-0.00391608	0.00459059	
1358	-0.00414274	0.00458446	
1358.2	-0.00410466	0.00457835	
1358.4	-0.00409618	0.00457225	
1358.6	-0.00416176	0.00456615	
1358.8	-0.00439708	0.00456006	
1359	-0.00450335	0.00455398	
1359.2	-0.00452682	0.00454791	
1359.4	-0.00445402	0.00454184	
1359.6	-0.00408593	0.00453579	
1359.8	-0.0038487	0.00452974	
1360	-0.00370044	0.0045237	
1360.2	-0.00326743	0.00451767	
1360.4	-0.00337869	0.00451164	
1360.6	-0.00333111	0.00450563	
1360.8	-0.00346403	0.00449962	
1361	-0.00348168	0.00449362	
1361.2	-0.0038996	0.00448763	
1361.4	-0.0044311	0.00448165	
1361.6	-0.00500768	0.00447567	
1361.8	-0.00538657	0.0044697	
1362	-0.00544127	0.00446374	
1362.2	-0.00584233	0.00445779	
1362.4	-0.00605462	0.00445185	
1362.6	-0.00638703	0.00444591	
1362.8	-0.00639988	0.00443998	
1363	-0.00658255	0.00443406	
1363.2	-0.00705668	0.00442815	
1363.4	-0.00688425	0.00442224	
1363.6	-0.00655863	0.00441635	
1363.8	-0.00629399	0.00441046	
1364	-0.00624518	0.00440458	
1364.2	-0.00618025	0.0043987	
1364.4	-0.00629726	0.00439284	
1364.6	-0.00635276	0.00438698	
1364.8	-0.00640714	0.00438113	
1365	-0.00572217	0.00437529	
1365.2	-0.00586777	0.00436946	
1365.4	-0.00570169	0.00436363	
1365.6	-0.00554213	0.00435781	
1365.8	-0.00505562	0.004352	
1366	-0.00481391	0.0043462	
1366.2	-0.00459404	0.0043404	
1366.4	-0.00411752	0.00433461	
1366.6	-0.00398499	0.00432883	
1366.8	-0.00369016	0.00432306	
1367	-0.00401391	0.0043173	
1367.2	-0.00381329	0.00431154	
1367.4	-0.00341562	0.00430579	
1367.6	-0.00354225	0.00430005	
1367.8	-0.00381513	0.00429432	
1368	-0.00438874	0.00428859	
1368.2	-0.00472449	0.00428287	
1368.4	-0.00497508	0.00427716	
1368.6	-0.00550519	0.00427146	
1368.8	-0.00586408	0.00426576	
1369	-0.00611395	0.00426008	
1369.2	-0.0065189	0.00425439	
1369.4	-0.00675595	0.00424872	
1369.6	-0.0071287	0.00424306	
1369.8	-0.0070443	0.0042374	
1370	-0.00723201	0.00423175	
1370.2	-0.00666087	0.00422611	
1370.4	-0.00626057	0.00422047	
1370.6	-0.00614073	0.00421484	
1370.8	-0.00599889	0.00420922	
1371	-0.00584324	0.00420361	
1371.2	-0.00548811	0.00419801	
1371.4	-0.00564552	0.00419241	
1371.6	-0.00561034	0.00418682	
1371.8	-0.0057369	0.00418123	
1372	-0.00566026	0.00417566	
1372.2	-0.0050764	0.00417009	
1372.4	-0.00504195	0.00416453	
1372.6	-0.00529045	0.00415898	
1372.8	-0.00533716	0.00415343	
1373	-0.00589134	0.00414789	
1373.2	-0.00576637	0.00414236	
1373.4	-0.006487	0.00413684	
1373.6	-0.00661307	0.00413132	
1373.8	-0.00637964	0.00412582	
1374	-0.00667789	0.00412031	
1374.2	-0.00611128	0.00411482	
1374.4	-0.00575603	0.00410933	
1374.6	-0.00573943	0.00410385	
1374.8	-0.00587181	0.00409838	
1375	-0.00554791	0.00409292	
1375.2	-0.00526946	0.00408746	
1375.4	-0.00541688	0.00408201	
1375.6	-0.00551965	0.00407657	
1375.8	-0.00568102	0.00407113	
1376	-0.00561993	0.0040657	
1376.2	-0.00563103	0.00406028	
1376.4	-0.0059188	0.00405487	
1376.6	-0.0064602	0.00404946	
1376.8	-0.00679955	0.00404406	
1377	-0.00768718	0.00403867	
1377.2	-0.00806655	0.00403328	
1377.4	-0.00868454	0.0040279	
1377.6	-0.00921853	0.00402253	
1377.8	-0.00960359	0.00401717	
1378	-0.00964375	0.00401181	
1378.2	-0.00980148	0.00400646	
1378.4	-0.00975674	0.00400112	
1378.6	-0.00974997	0.00399579	
1378.8	-0.0096409	0.00399046	
1379	-0.0090742	0.00398514	
1379.2	-0.0090057	0.00397982	
1379.4	-0.00908622	0.00397452	
1379.6	-0.00902388	0.00396922	
1379.8	-0.00852266	0.00396392	
1380	-0.00837071	0.00395864	
1380.2	-0.00833843	0.00395336	
1380.4	-0.00809074	0.00394809	
1380.6	-0.00839073	0.00394283	
1380.8	-0.00816153	0.00393757	
1381	-0.0081161	0.00393232	
1381.2	-0.00803335	0.00392707	
1381.4	-0.00810271	0.00392184	
1381.6	-0.00812609	0.00391661	
1381.8	-0.00758123	0.00391139	
1382	-0.00745502	0.00390617	
1382.2	-0.00780037	0.00390096	
1382.4	-0.0078411	0.00389576	
1382.6	-0.00771835	0.00389057	
1382.8	-0.00774384	0.00388538	
1383	-0.00801412	0.0038802	
1383.2	-0.00822491	0.00387502	
1383.4	-0.00848468	0.00386986	
1383.6	-0.00859994	0.0038647	
1383.8	-0.00904195	0.00385954	
1384	-0.0098053	0.0038544	
1384.2	-0.01029516	0.00384926	
1384.4	-0.01079386	0.00384412	
1384.6	-0.01115191	0.003839	
1384.8	-0.01103154	0.00383388	
1385	-0.01115326	0.00382877	
1385.2	-0.01120622	0.00382366	
1385.4	-0.0111756	0.00381856	
1385.6	-0.01094448	0.00381347	
1385.8	-0.01101297	0.00380839	
1386	-0.0108351	0.00380331	
1386.2	-0.01053624	0.00379824	
1386.4	-0.01034638	0.00379317	
1386.6	-0.01019497	0.00378811	
1386.8	-0.01008462	0.00378306	
1387	-0.01011217	0.00377802	
1387.2	-0.00981296	0.00377298	
1387.4	-0.00942919	0.00376795	
1387.6	-0.00937748	0.00376293	
1387.8	-0.00962026	0.00375791	
1388	-0.00928681	0.0037529	
1388.2	-0.0091367	0.00374789	
1388.4	-0.00931139	0.0037429	
1388.6	-0.00927566	0.00373791	
1388.8	-0.00941178	0.00373292	
1389	-0.00965041	0.00372794	
1389.2	-0.00981744	0.00372297	
1389.4	-0.00988436	0.00371801	
1389.6	-0.00988144	0.00371305	
1389.8	-0.00985152	0.0037081	
1390	-0.00942023	0.00370316	
1390.2	-0.00966434	0.00369822	
1390.4	-0.00967986	0.00369329	
1390.6	-0.0097001	0.00368836	
1390.8	-0.00966089	0.00368344	
1391	-0.00955353	0.00367853	
1391.2	-0.0093009	0.00367363	
1391.4	-0.00903444	0.00366873	
1391.6	-0.00931248	0.00366384	
1391.8	-0.00921013	0.00365895	
1392	-0.00897302	0.00365407	
1392.2	-0.00905001	0.0036492	
1392.4	-0.00944768	0.00364433	
1392.6	-0.00993324	0.00363948	
1392.8	-0.0102243	0.00363462	
1393	-0.01019832	0.00362978	
1393.2	-0.01035378	0.00362494	
1393.4	-0.01018509	0.0036201	
1393.6	-0.0101823	0.00361528	
1393.8	-0.01027615	0.00361045	
1394	-0.01038715	0.00360564	
1394.2	-0.01059948	0.00360083	
1394.4	-0.01023851	0.00359603	
1394.6	-0.01007043	0.00359124	
1394.8	-0.00978192	0.00358645	
1395	-0.00940445	0.00358167	
1395.2	-0.00920595	0.00357689	
1395.4	-0.00929444	0.00357212	
1395.6	-0.00946765	0.00356736	
1395.8	-0.00908119	0.0035626	
1396	-0.00891715	0.00355785	
1396.2	-0.0092163	0.00355311	
1396.4	-0.00925732	0.00354837	
1396.6	-0.0093616	0.00354364	
1396.8	-0.00906493	0.00353891	
1397	-0.0087299	0.00353419	
1397.2	-0.00880087	0.00352948	
1397.4	-0.00868746	0.00352477	
1397.6	-0.00882794	0.00352007	
1397.8	-0.00903783	0.00351538	
1398	-0.00911777	0.00351069	
1398.2	-0.00933081	0.00350601	
1398.4	-0.009521	0.00350134	
1398.6	-0.00963685	0.00349667	
1398.8	-0.00974956	0.00349201	
1399	-0.00982919	0.00348735	
1399.2	-0.01047091	0.0034827	
1399.4	-0.01103299	0.00347806	
1399.6	-0.0113768	0.00347342	
1399.8	-0.01177157	0.00346879	
1400	-0.01190902	0.00346416	
1400.2	-0.01254519	0.00345954	
1400.4	-0.01216696	0.00345493	
1400.6	-0.01185246	0.00345032	
1400.8	-0.01164458	0.00344572	
1401	-0.0114113	0.00344113	
1401.2	-0.01117294	0.00343654	
1401.4	-0.01071106	0.00343196	
1401.6	-0.01052838	0.00342738	
1401.8	-0.01020846	0.00342281	
1402	-0.0102198	0.00341825	
1402.2	-0.01010534	0.00341369	
1402.4	-0.01022564	0.00340914	
1402.6	-0.01033562	0.00340459	
1402.8	-0.01029279	0.00340005	
1403	-0.01039613	0.00339552	
1403.2	-0.01105986	0.00339099	
1403.4	-0.01118079	0.00338647	
1403.6	-0.01151673	0.00338195	
1403.8	-0.01212015	0.00337744	
1404	-0.01185507	0.00337294	
1404.2	-0.01230646	0.00336844	
1404.4	-0.01201654	0.00336395	
1404.6	-0.01226404	0.00335946	
1404.8	-0.01241839	0.00335498	
1405	-0.01235285	0.00335051	
1405.2	-0.01243887	0.00334604	
1405.4	-0.01238142	0.00334158	
1405.6	-0.01260144	0.00333713	
1405.8	-0.01244265	0.00333268	
1406	-0.01261066	0.00332823	
1406.2	-0.01238024	0.00332379	
1406.4	-0.01232259	0.00331936	
1406.6	-0.01208743	0.00331494	
1406.8	-0.01174394	0.00331052	
1407	-0.01202391	0.0033061	
1407.2	-0.01166112	0.00330169	
1407.4	-0.0114426	0.00329729	
1407.6	-0.01105047	0.00329289	
1407.8	-0.0108323	0.0032885	
1408	-0.01039552	0.00328412	
1408.2	-0.01066219	0.00327974	
1408.4	-0.010802	0.00327537	
1408.6	-0.01073494	0.003271	
1408.8	-0.01072699	0.00326664	
1409	-0.01094062	0.00326228	
1409.2	-0.01132479	0.00325793	
1409.4	-0.01143099	0.00325359	
1409.6	-0.01164692	0.00324925	
1409.8	-0.01158689	0.00324492	
1410	-0.01168462	0.00324059	
1410.2	-0.01196559	0.00323627	
1410.4	-0.01211358	0.00323195	
1410.6	-0.01262892	0.00322764	
1410.8	-0.013098	0.00322334	
1411	-0.01321248	0.00321904	
1411.2	-0.01254464	0.00321475	
1411.4	-0.01233917	0.00321046	
1411.6	-0.01182169	0.00320618	
1411.8	-0.01225588	0.00320191	
1412	-0.01252737	0.00319764	
1412.2	-0.01272939	0.00319337	
1412.4	-0.01257935	0.00318912	
1412.6	-0.01220401	0.00318486	
1412.8	-0.01230857	0.00318062	
1413	-0.01203199	0.00317638	
1413.2	-0.01200126	0.00317214	
1413.4	-0.0122036	0.00316791	
1413.6	-0.01212943	0.00316369	
1413.8	-0.01243197	0.00315947	
1414	-0.01271399	0.00315526	
1414.2	-0.01321832	0.00315105	
1414.4	-0.01333112	0.00314685	
1414.6	-0.01348797	0.00314265	
1414.8	-0.01347769	0.00313846	
1415	-0.01304785	0.00313428	
1415.2	-0.01280074	0.0031301	
1415.4	-0.01283982	0.00312592	
1415.6	-0.0127659	0.00312175	
1415.8	-0.01313714	0.00311759	
1416	-0.01345299	0.00311343	
1416.2	-0.01362134	0.00310928	
1416.4	-0.01376708	0.00310514	
1416.6	-0.01385309	0.003101	
1416.8	-0.01410414	0.00309686	
1417	-0.01431798	0.00309273	
1417.2	-0.01470295	0.00308861	
1417.4	-0.01490998	0.00308449	
1417.6	-0.0152844	0.00308038	
1417.8	-0.01593626	0.00307627	
1418	-0.01584338	0.00307217	
1418.2	-0.01566532	0.00306807	
1418.4	-0.01527495	0.00306398	
1418.6	-0.01497118	0.00305989	
1418.8	-0.01515631	0.00305581	
1419	-0.01494595	0.00305174	
1419.2	-0.01490971	0.00304767	
1419.4	-0.01463963	0.00304361	
1419.6	-0.01431891	0.00303955	
1419.8	-0.01431034	0.0030355	
1420	-0.01434408	0.00303145	
1420.2	-0.01417669	0.00302741	
1420.4	-0.01418276	0.00302337	
1420.6	-0.01412445	0.00301934	
1420.8	-0.01392607	0.00301531	
1421	-0.01397987	0.00301129	
1421.2	-0.01378933	0.00300728	
1421.4	-0.01367015	0.00300327	
1421.6	-0.01398779	0.00299926	
1421.8	-0.0136833	0.00299526	
1422	-0.0137852	0.00299127	
1422.2	-0.01353864	0.00298728	
1422.4	-0.01362538	0.0029833	
1422.6	-0.01352124	0.00297932	
1422.8	-0.01402516	0.00297535	
1423	-0.01407182	0.00297138	
1423.2	-0.01429429	0.00296742	
1423.4	-0.01402941	0.00296346	
1423.6	-0.01413578	0.00295951	
1423.8	-0.01424849	0.00295556	
1424	-0.0144483	0.00295162	
1424.2	-0.01480476	0.00294769	
1424.4	-0.01461415	0.00294375	
1424.6	-0.01479812	0.00293983	
1424.8	-0.01503281	0.00293591	
1425	-0.01527058	0.00293199	
1425.2	-0.01526288	0.00292809	
1425.4	-0.01489021	0.00292418	
1425.6	-0.01544349	0.00292028	
1425.8	-0.01525944	0.00291639	
1426	-0.01535627	0.0029125	
1426.2	-0.01476772	0.00290862	
1426.4	-0.01466364	0.00290474	
1426.6	-0.01437618	0.00290086	
1426.8	-0.01465863	0.002897	
1427	-0.01430415	0.00289313	
1427.2	-0.01397748	0.00288928	
1427.4	-0.01344292	0.00288542	
1427.6	-0.01366304	0.00288158	
1427.8	-0.01377564	0.00287773	
1428	-0.01367633	0.0028739	
1428.2	-0.01323214	0.00287006	
1428.4	-0.01315213	0.00286624	
1428.6	-0.01365695	0.00286241	
1428.8	-0.01404071	0.0028586	
1429	-0.01415643	0.00285479	
1429.2	-0.01445237	0.00285098	
1429.4	-0.01466435	0.00284718	
1429.6	-0.01542522	0.00284338	
1429.8	-0.01523056	0.00283959	
1430	-0.01551229	0.0028358	
1430.2	-0.01551716	0.00283202	
1430.4	-0.01570443	0.00282825	
1430.6	-0.01557814	0.00282448	
1430.8	-0.01534672	0.00282071	
1431	-0.01487936	0.00281695	
1431.2	-0.01444266	0.00281319	
1431.4	-0.01452034	0.00280944	
1431.6	-0.01489508	0.00280569	
1431.8	-0.01474476	0.00280195	
1432	-0.01469916	0.00279822	
1432.2	-0.01477924	0.00279449	
1432.4	-0.01500284	0.00279076	
1432.6	-0.01487332	0.00278704	
1432.8	-0.015467	0.00278332	
1433	-0.01572514	0.00277961	
1433.2	-0.01632485	0.0027759	
1433.4	-0.01675275	0.0027722	
1433.6	-0.01672692	0.00276851	
1433.8	-0.01683981	0.00276482	
1434	-0.01702515	0.00276113	
1434.2	-0.01705085	0.00275745	
1434.4	-0.01668551	0.00275377	
1434.6	-0.01643389	0.0027501	
1434.8	-0.01646356	0.00274643	
1435	-0.0159656	0.00274277	
1435.2	-0.01567734	0.00273911	
1435.4	-0.01587737	0.00273546	
1435.6	-0.01557398	0.00273181	
1435.8	-0.01535414	0.00272817	
1436	-0.01553272	0.00272453	
1436.2	-0.01530644	0.0027209	
1436.4	-0.01498139	0.00271727	
1436.6	-0.01485605	0.00271365	
1436.8	-0.01545806	0.00271003	
1437	-0.01589809	0.00270642	
1437.2	-0.01627112	0.00270281	
1437.4	-0.01625114	0.0026992	
1437.6	-0.01617726	0.0026956	
1437.8	-0.01634922	0.00269201	
1438	-0.01656239	0.00268842	
1438.2	-0.01660369	0.00268483	
1438.4	-0.01632916	0.00268125	
1438.6	-0.01654678	0.00267768	
1438.8	-0.01646702	0.00267411	
1439	-0.01605505	0.00267054	
1439.2	-0.01611793	0.00266698	
1439.4	-0.01612756	0.00266343	
1439.6	-0.01582932	0.00265987	
1439.8	-0.01597383	0.00265633	
