Conc1	5E-08	
Start1	1020	
Stop1	1439.8	
Kobs	0.00667149751962277	
Error Kobs	0.000270021651385573	
Koff	0	
Error Koff	0	
Time1	Data1	Fit1	
1020	0.01132041	0	
1020.2	0.01003427	0.00013537	
1020.4	0.00828217	0.00027028	
1020.6	0.00631863	0.00040473	
1020.8	0.00480054	0.00053872	
1021	0.0030958	0.00067224	
1021.2	0.00193106	0.00080531	
1021.4	0.00067018	0.00093792	
1021.6	-0.00058116	0.00107008	
1021.8	-0.00109175	0.00120178	
1022	-0.00182784	0.00133303	
1022.2	-0.00201559	0.00146383	
1022.4	-0.00131051	0.00159418	
1022.6	-0.00186345	0.00172409	
1022.8	-0.00148902	0.00185355	
1023	-0.00102372	0.00198256	
1023.2	-0.00166534	0.00211113	
1023.4	-0.00126135	0.00223926	
1023.6	-0.0009513	0.00236696	
1023.8	-0.00104564	0.00249421	
1024	-0.0013663	0.00262103	
1024.2	-0.00164133	0.00274741	
1024.4	-0.0021189	0.00287335	
1024.6	-0.00188799	0.00299887	
1024.8	-0.00182094	0.00312396	
1025	-0.00204691	0.00324861	
1025.2	-0.00177122	0.00337284	
1025.4	-0.00233871	0.00349664	
1025.6	-0.00195497	0.00362002	
1025.8	-0.00194717	0.00374297	
1026	-0.00226749	0.00386551	
1026.2	-0.00174035	0.00398762	
1026.4	-0.00194128	0.00410931	
1026.6	-0.00173998	0.00423059	
1026.8	-0.0012225	0.00435144	
1027	-0.00141951	0.00447189	
1027.2	-0.00139146	0.00459192	
1027.4	-0.00044322	0.00471154	
1027.6	-0.00101757	0.00483075	
1027.8	-0.00049441	0.00494955	
1028	-0.00014673	0.00506794	
1028.2	-0.00067563	0.00518593	
1028.4	0.00023898	0.00530351	
1028.6	0.00067422	0.00542069	
1028.8	0.00084082	0.00553746	
1029	0.0009029	0.00565384	
1029.2	0.00100254	0.00576981	
1029.4	0.00097487	0.00588539	
1029.6	0.00107808	0.00600057	
1029.8	0.00043682	0.00611536	
1030	0.00109464	0.00622975	
1030.2	0.00120328	0.00634375	
1030.4	0.00056394	0.00645736	
1030.6	0.0009941	0.00657058	
1030.8	0.00064157	0.00668341	
1031	0.00093635	0.00679585	
1031.2	0.00127263	0.00690791	
1031.4	0.00102078	0.00701958	
1031.6	0.00104174	0.00713088	
1031.8	0.00182641	0.00724178	
1032	0.0019594	0.00735231	
1032.2	0.00246893	0.00746246	
1032.4	0.00318241	0.00757223	
1032.6	0.003469	0.00768162	
1032.8	0.00433845	0.00779064	
1033	0.00415771	0.00789929	
1033.2	0.00441827	0.00800756	
1033.4	0.00408113	0.00811546	
1033.6	0.00347757	0.00822299	
1033.8	0.00358746	0.00833015	
1034	0.00385322	0.00843694	
1034.2	0.0030654	0.00854337	
1034.4	0.00303424	0.00864943	
1034.6	0.00297986	0.00875513	
1034.8	0.00302344	0.00886047	
1035	0.00354441	0.00896544	
1035.2	0.00296549	0.00907006	
1035.4	0.00292704	0.00917431	
1035.6	0.00339076	0.00927821	
1035.8	0.00339168	0.00938175	
1036	0.00378632	0.00948493	
1036.2	0.00407836	0.00958777	
1036.4	0.00402687	0.00969024	
1036.6	0.0049155	0.00979237	
1036.8	0.0052335	0.00989415	
1037	0.0050683	0.00999558	
1037.2	0.00567593	0.01009666	
1037.4	0.0055185	0.01019739	
1037.6	0.00592842	0.01029778	
1037.8	0.00640232	0.01039782	
1038	0.00606864	0.01049752	
1038.2	0.00647958	0.01059688	
1038.4	0.00688991	0.01069589	
1038.6	0.0066277	0.01079457	
1038.8	0.00731591	0.01089291	
1039	0.00694509	0.01099091	
1039.2	0.00648902	0.01108857	
1039.4	0.00721754	0.0111859	
1039.6	0.00665432	0.0112829	
1039.8	0.00633474	0.01137956	
1040	0.00628058	0.01147589	
1040.2	0.00545442	0.01157189	
1040.4	0.00594053	0.01166756	
1040.6	0.00632809	0.01176291	
1040.8	0.00580194	0.01185792	
1041	0.00658289	0.01195261	
1041.2	0.00665739	0.01204698	
1041.4	0.0069935	0.01214102	
1041.6	0.00772008	0.01223474	
1041.8	0.00766676	0.01232813	
1042	0.00803425	0.01242121	
1042.2	0.0089467	0.01251397	
1042.4	0.00871924	0.01260641	
1042.6	0.009149	0.01269853	
1042.8	0.00960685	0.01279033	
1043	0.009279	0.01288183	
1043.2	0.00994827	0.012973	
1043.4	0.00980987	0.01306387	
1043.6	0.00890604	0.01315442	
1043.8	0.00931332	0.01324466	
1044	0.00906877	0.01333459	
1044.2	0.00929617	0.01342422	
1044.4	0.01031633	0.01351353	
1044.6	0.00965137	0.01360254	
1044.8	0.0100068	0.01369125	
1045	0.01017382	0.01377965	
1045.2	0.00969641	0.01386774	
1045.4	0.01068027	0.01395554	
1045.6	0.01040174	0.01404303	
1045.8	0.01045726	0.01413022	
1046	0.0108436	0.01421712	
1046.2	0.01066438	0.01430371	
1046.4	0.01090449	0.01439001	
1046.6	0.01121513	0.01447601	
1046.8	0.01074166	0.01456172	
1047	0.01098373	0.01464713	
1047.2	0.01077127	0.01473225	
1047.4	0.0105055	0.01481708	
1047.6	0.01104713	0.01490162	
1047.8	0.0110916	0.01498586	
1048	0.01127674	0.01506982	
1048.2	0.01175693	0.01515349	
1048.4	0.01142785	0.01523688	
1048.6	0.01091888	0.01531997	
1048.8	0.01143294	0.01540278	
1049	0.01055264	0.01548531	
1049.2	0.01051948	0.01556756	
1049.4	0.01106732	0.01564952	
1049.6	0.01043354	0.0157312	
1049.8	0.01137132	0.0158126	
1050	0.01122422	0.01589372	
1050.2	0.01127755	0.01597456	
1050.4	0.01188203	0.01605513	
1050.6	0.01142671	0.01613542	
1050.8	0.01193159	0.01621543	
1051	0.01224549	0.01629517	
1051.2	0.01167904	0.01637464	
1051.4	0.01253333	0.01645383	
1051.6	0.01293758	0.01653275	
1051.8	0.01279582	0.0166114	
1052	0.01332382	0.01668978	
1052.2	0.01264815	0.0167679	
1052.4	0.01199352	0.01684574	
1052.6	0.01227442	0.01692332	
1052.8	0.01173995	0.01700063	
1053	0.01119343	0.01707767	
1053.2	0.01113548	0.01715445	
1053.4	0.01104863	0.01723097	
1053.6	0.0113309	0.01730723	
1053.8	0.0120036	0.01738322	
1054	0.01142124	0.01745895	
1054.2	0.01187991	0.01753443	
1054.4	0.01182551	0.01760964	
1054.6	0.01199831	0.0176846	
1054.8	0.01281433	0.01775929	
1055	0.01259959	0.01783374	
1055.2	0.01305391	0.01790792	
1055.4	0.01374873	0.01798186	
1055.6	0.01365294	0.01805554	
1055.8	0.01442559	0.01812896	
1056	0.01449719	0.01820214	
1056.2	0.01383246	0.01827506	
1056.4	0.01398195	0.01834773	
1056.6	0.01392471	0.01842015	
1056.8	0.01304326	0.01849233	
1057	0.01326039	0.01856426	
1057.2	0.01241853	0.01863594	
1057.4	0.01274135	0.01870737	
1057.6	0.01332571	0.01877856	
1057.8	0.0128957	0.01884951	
1058	0.01298654	0.01892021	
1058.2	0.01329166	0.01899067	
1058.4	0.01242474	0.01906089	
1058.6	0.01321186	0.01913086	
1058.8	0.01308492	0.0192006	
1059	0.01290429	0.0192701	
1059.2	0.01321811	0.01933936	
1059.4	0.01295736	0.01940838	
1059.6	0.01341776	0.01947716	
1059.8	0.01419481	0.01954571	
1060	0.0132682	0.01961402	
1060.2	0.01332384	0.0196821	
1060.4	0.01321145	0.01974995	
1060.6	0.01285649	0.01981756	
1060.8	0.01285594	0.01988494	
1061	0.01271478	0.01995209	
1061.2	0.01228124	0.02001901	
1061.4	0.01312731	0.0200857	
1061.6	0.01279087	0.02015216	
1061.8	0.01282732	0.02021839	
1062	0.01365569	0.0202844	
1062.2	0.01312819	0.02035018	
1062.4	0.01317579	0.02041573	
1062.6	0.01387382	0.02048106	
1062.8	0.01382654	0.02054616	
1063	0.01449122	0.02061104	
1063.2	0.01474457	0.0206757	
1063.4	0.01507085	0.02074014	
1063.6	0.01578289	0.02080435	
1063.8	0.01543237	0.02086835	
1064	0.0153495	0.02093212	
1064.2	0.01593961	0.02099568	
1064.4	0.01521077	0.02105902	
1064.6	0.01565988	0.02112214	
1064.8	0.01547179	0.02118504	
1065	0.01520793	0.02124773	
1065.2	0.01549628	0.0213102	
1065.4	0.01540283	0.02137246	
1065.6	0.0145773	0.02143451	
1065.8	0.01496187	0.02149634	
1066	0.01501627	0.02155796	
1066.2	0.01443193	0.02161937	
1066.4	0.01462084	0.02168057	
1066.6	0.01404253	0.02174156	
1066.8	0.01424198	0.02180234	
1067	0.01414787	0.02186291	
1067.2	0.01340543	0.02192327	
1067.4	0.01374952	0.02198343	
1067.6	0.01343564	0.02204338	
1067.8	0.01264802	0.02210312	
1068	0.0131201	0.02216266	
1068.2	0.01299159	0.02222199	
1068.4	0.01301511	0.02228113	
1068.6	0.01384897	0.02234005	
1068.8	0.01326073	0.02239878	
1069	0.0140777	0.0224573	
1069.2	0.01460718	0.02251563	
1069.4	0.01421571	0.02257375	
1069.6	0.01436137	0.02263168	
1069.8	0.01473109	0.0226894	
1070	0.01461899	0.02274693	
1070.2	0.01464019	0.02280426	
1070.4	0.01432561	0.02286139	
1070.6	0.01392687	0.02291833	
1070.8	0.01433033	0.02297507	
1071	0.01334799	0.02303162	
1071.2	0.01309569	0.02308797	
1071.4	0.01336193	0.02314413	
1071.6	0.01262227	0.0232001	
1071.8	0.0127492	0.02325587	
1072	0.01324073	0.02331146	
1072.2	0.01299452	0.02336685	
1072.4	0.01356005	0.02342205	
1072.6	0.01334777	0.02347707	
1072.8	0.01307813	0.02353189	
1073	0.01409406	0.02358653	
1073.2	0.0139627	0.02364098	
1073.4	0.01365589	0.02369524	
1073.6	0.01406949	0.02374932	
1073.8	0.01383934	0.02380321	
1074	0.01423361	0.02385691	
1074.2	0.01394342	0.02391043	
1074.4	0.01331208	0.02396377	
1074.6	0.01382913	0.02401693	
1074.8	0.01412542	0.0240699	
1075	0.01375289	0.02412269	
1075.2	0.01461098	0.0241753	
1075.4	0.0147522	0.02422773	
1075.6	0.0146844	0.02427998	
1075.8	0.01567061	0.02433205	
1076	0.01519687	0.02438394	
1076.2	0.01524567	0.02443565	
1076.4	0.01583545	0.02448719	
1076.6	0.01498216	0.02453855	
1076.8	0.01566913	0.02458973	
1077	0.01611422	0.02464074	
1077.2	0.01561483	0.02469157	
1077.4	0.01565073	0.02474223	
1077.6	0.01565206	0.02479271	
1077.8	0.01513052	0.02484302	
1078	0.01543725	0.02489316	
1078.2	0.01490417	0.02494313	
1078.4	0.01510675	0.02499292	
1078.6	0.01611602	0.02504255	
1078.8	0.01538231	0.025092	
1079	0.01574512	0.02514129	
1079.2	0.01621087	0.0251904	
1079.4	0.01564665	0.02523935	
1079.6	0.01592021	0.02528813	
1079.8	0.01564294	0.02533674	
1080	0.0148636	0.02538518	
1080.2	0.01574873	0.02543346	
1080.4	0.01576883	0.02548157	
1080.6	0.01592511	0.02552952	
1080.8	0.0164877	0.0255773	
1081	0.01600138	0.02562492	
1081.2	0.01603783	0.02567238	
1081.4	0.01661004	0.02571967	
1081.6	0.01639931	0.0257668	
1081.8	0.01690616	0.02581377	
1082	0.0171085	0.02586058	
1082.2	0.01675278	0.02590722	
1082.4	0.01728591	0.02595371	
1082.6	0.01689338	0.02600004	
1082.8	0.01672753	0.02604621	
1083	0.01771324	0.02609222	
1083.2	0.01711918	0.02613807	
1083.4	0.01694592	0.02618376	
1083.6	0.01759689	0.0262293	
1083.8	0.01714181	0.02627468	
1084	0.01797684	0.02631991	
1084.2	0.01839119	0.02636498	
1084.4	0.01818549	0.0264099	
1084.6	0.01888353	0.02645466	
1084.8	0.01832231	0.02649927	
1085	0.01790637	0.02654372	
1085.2	0.0186977	0.02658803	
1085.4	0.01827197	0.02663218	
1085.6	0.01788871	0.02667618	
1085.8	0.01797942	0.02672003	
1086	0.01687825	0.02676373	
1086.2	0.01701006	0.02680727	
1086.4	0.01712067	0.02685067	
1086.6	0.01606797	0.02689392	
1086.8	0.01680826	0.02693703	
1087	0.01616738	0.02697998	
1087.2	0.01568572	0.02702279	
1087.4	0.01630896	0.02706545	
1087.6	0.01607966	0.02710796	
1087.8	0.01598706	0.02715033	
1088	0.01648479	0.02719255	
1088.2	0.01557978	0.02723462	
1088.4	0.01602286	0.02727656	
1088.6	0.01607947	0.02731835	
1088.8	0.01562529	0.02735999	
1089	0.01602515	0.02740149	
1089.2	0.01593764	0.02744285	
1089.4	0.01555512	0.02748407	
1089.6	0.01595651	0.02752515	
1089.8	0.0160633	0.02756609	
1090	0.01577355	0.02760688	
1090.2	0.01646948	0.02764754	
1090.4	0.01574489	0.02768805	
1090.6	0.01559493	0.02772843	
1090.8	0.01606541	0.02776867	
1091	0.01546881	0.02780877	
1091.2	0.01590687	0.02784873	
1091.4	0.01623995	0.02788856	
1091.6	0.01599908	0.02792825	
1091.8	0.01664949	0.0279678	
1092	0.01655281	0.02800722	
1092.2	0.01607611	0.0280465	
1092.4	0.01673931	0.02808565	
1092.6	0.01616959	0.02812466	
1092.8	0.01653472	0.02816354	
1093	0.01647472	0.02820228	
1093.2	0.0155176	0.0282409	
1093.4	0.01590143	0.02827938	
1093.6	0.01592757	0.02831772	
1093.8	0.01577995	0.02835594	
1094	0.01591237	0.02839403	
1094.2	0.01558273	0.02843198	
1094.4	0.01484778	0.02846981	
1094.6	0.01495416	0.0285075	
1094.8	0.01469987	0.02854507	
1095	0.01481007	0.0285825	
1095.2	0.01530055	0.02861981	
1095.4	0.01535378	0.02865699	
1095.6	0.01546326	0.02869404	
1095.8	0.01552774	0.02873097	
1096	0.01531188	0.02876777	
1096.2	0.01542036	0.02880444	
1096.4	0.01529508	0.02884099	
1096.6	0.01481313	0.02887741	
1096.8	0.01581808	0.02891371	
1097	0.01532769	0.02894988	
1097.2	0.01517036	0.02898593	
1097.4	0.01576062	0.02902185	
1097.6	0.01552052	0.02905765	
1097.8	0.01582989	0.02909333	
1098	0.01632437	0.02912888	
1098.2	0.01555651	0.02916432	
1098.4	0.01587825	0.02919963	
1098.6	0.01597691	0.02923482	
1098.8	0.01585144	0.02926989	
1099	0.01672215	0.02930484	
1099.2	0.01674547	0.02933967	
1099.4	0.01628583	0.02937438	
1099.6	0.01661804	0.02940897	
1099.8	0.01640548	0.02944344	
1100	0.01650636	0.0294778	
1100.2	0.01697543	0.02951204	
1100.4	0.01666047	0.02954615	
1100.6	0.01687861	0.02958016	
1100.8	0.01714403	0.02961404	
1101	0.01662363	0.02964781	
1101.2	0.01684209	0.02968146	
1101.4	0.01675155	0.029715	
1101.6	0.01615664	0.02974842	
1101.8	0.01690558	0.02978173	
1102	0.01672313	0.02981493	
1102.2	0.01651936	0.02984801	
1102.4	0.01713505	0.02988097	
1102.6	0.01669013	0.02991382	
1102.8	0.01744067	0.02994657	
1103	0.01808766	0.02997919	
1103.2	0.01713287	0.03001171	
1103.4	0.01736519	0.03004411	
1103.6	0.01752185	0.03007641	
1103.8	0.01684324	0.03010859	
1104	0.01703754	0.03014066	
1104.2	0.01720219	0.03017262	
1104.4	0.01636229	0.03020448	
1104.6	0.01662173	0.03023622	
1104.8	0.01632654	0.03026785	
1105	0.01616865	0.03029938	
1105.2	0.01605392	0.0303308	
1105.4	0.01544499	0.03036211	
1105.6	0.01574959	0.03039331	
1105.8	0.01637742	0.03042441	
1106	0.01606666	0.03045539	
1106.2	0.01660118	0.03048628	
1106.4	0.0163329	0.03051705	
1106.6	0.0163455	0.03054772	
1106.8	0.0175758	0.03057829	
1107	0.01705392	0.03060875	
1107.2	0.01700435	0.03063911	
1107.4	0.01783735	0.03066936	
1107.6	0.0172933	0.03069951	
1107.8	0.01698515	0.03072955	
1108	0.01726465	0.03075949	
1108.2	0.01667774	0.03078933	
1108.4	0.01638253	0.03081907	
1108.6	0.01646427	0.0308487	
1108.8	0.0159953	0.03087824	
1109	0.01604672	0.03090767	
1109.2	0.01625227	0.030937	
1109.4	0.01606424	0.03096623	
1109.6	0.01663178	0.03099536	
1109.8	0.01632588	0.03102439	
1110	0.01619775	0.03105332	
1110.2	0.01642736	0.03108215	
1110.4	0.016077	0.03111088	
1110.6	0.01671841	0.03113951	
1110.8	0.0172608	0.03116805	
1111	0.0166751	0.03119649	
1111.2	0.01751988	0.03122483	
1111.4	0.01758802	0.03125307	
1111.6	0.01685695	0.03128121	
1111.8	0.01709615	0.03130926	
1112	0.01683427	0.03133722	
1112.2	0.01659781	0.03136507	
1112.4	0.01678357	0.03139283	
1112.6	0.01624523	0.0314205	
1112.8	0.01651103	0.03144807	
1113	0.01701766	0.03147555	
1113.2	0.01640924	0.03150293	
1113.4	0.01622439	0.03153022	
1113.6	0.01638394	0.03155741	
1113.8	0.01592342	0.03158451	
1114	0.01642757	0.03161152	
1114.2	0.01597866	0.03163844	
1114.4	0.01555984	0.03166526	
1114.6	0.0160879	0.03169199	
1114.8	0.0162052	0.03171863	
1115	0.01648918	0.03174518	
1115.2	0.01712888	0.03177164	
1115.4	0.01678178	0.031798	
1115.6	0.01732616	0.03182428	
1115.8	0.01798121	0.03185047	
1116	0.01768911	0.03187656	
1116.2	0.01853206	0.03190257	
1116.4	0.01872942	0.03192849	
1116.6	0.0184168	0.03195431	
1116.8	0.01914217	0.03198005	
1117	0.01872717	0.0320057	
1117.2	0.01819005	0.03203127	
1117.4	0.01882413	0.03205674	
1117.6	0.01812326	0.03208213	
1117.8	0.01810625	0.03210743	
1118	0.01867052	0.03213265	
1118.2	0.01786544	0.03215777	
1118.4	0.01792115	0.03218282	
1118.6	0.01859952	0.03220777	
1118.8	0.01808139	0.03223264	
1119	0.01857896	0.03225743	
1119.2	0.01822463	0.03228213	
1119.4	0.0179073	0.03230674	
1119.6	0.01842081	0.03233127	
1119.8	0.01796474	0.03235572	
1120	0.01769579	0.03238008	
1120.2	0.01823897	0.03240436	
1120.4	0.0174083	0.03242855	
1120.6	0.01725288	0.03245267	
1120.8	0.01748966	0.0324767	
1121	0.01666567	0.03250064	
1121.2	0.01719361	0.03252451	
1121.4	0.01714594	0.03254829	
1121.6	0.01662027	0.03257199	
1121.8	0.01743107	0.03259561	
1122	0.01748817	0.03261915	
1122.2	0.01686604	0.03264261	
1122.4	0.01736031	0.03266599	
1122.6	0.01734292	0.03268929	
1122.8	0.01712875	0.03271251	
1123	0.01791441	0.03273564	
1123.2	0.01724271	0.0327587	
1123.4	0.01734316	0.03278168	
1123.6	0.01744216	0.03280458	
1123.8	0.01657781	0.03282741	
1124	0.01662734	0.03285015	
1124.2	0.01638477	0.03287282	
1124.4	0.01588556	0.0328954	
1124.6	0.01662811	0.03291791	
1124.8	0.01627875	0.03294035	
1125	0.01604514	0.0329627	
1125.2	0.01645936	0.03298498	
1125.4	0.01551005	0.03300719	
1125.6	0.0155523	0.03302932	
1125.8	0.01605141	0.03305137	
1126	0.01543783	0.03307334	
1126.2	0.01556655	0.03309524	
1126.4	0.01615454	0.03311707	
1126.6	0.01565529	0.03313882	
1126.8	0.0163316	0.03316049	
1127	0.01667443	0.03318209	
1127.2	0.01647079	0.03320362	
1127.4	0.01724422	0.03322507	
1127.6	0.01675042	0.03324645	
1127.8	0.01657144	0.03326776	
1128	0.01735175	0.03328899	
1128.2	0.01697539	0.03331015	
1128.4	0.01720617	0.03333124	
1128.6	0.01784224	0.03335226	
1128.8	0.01750883	0.0333732	
1129	0.01785262	0.03339407	
1129.2	0.01794529	0.03341487	
1129.4	0.01733835	0.0334356	
1129.6	0.01845332	0.03345626	
1129.8	0.01862442	0.03347684	
1130	0.01785342	0.03349736	
1130.2	0.01817536	0.03351781	
1130.4	0.01794332	0.03353818	
1130.6	0.01752079	0.03355849	
1130.8	0.01803042	0.03357872	
1131	0.0177687	0.03359889	
1131.2	0.01761569	0.03361899	
1131.4	0.01796683	0.03363901	
1131.6	0.01678986	0.03365897	
1131.8	0.01735462	0.03367886	
1132	0.01732735	0.03369869	
1132.2	0.01670168	0.03371844	
1132.4	0.01710723	0.03373813	
1132.6	0.01699418	0.03375775	
1132.8	0.01661489	0.0337773	
1133	0.01719214	0.03379678	
1133.2	0.01707853	0.0338162	
1133.4	0.01721062	0.03383555	
1133.6	0.01771457	0.03385484	
1133.8	0.01706179	0.03387406	
1134	0.0169297	0.03389321	
1134.2	0.01703011	0.0339123	
1134.4	0.01670299	0.03393132	
1134.6	0.01717165	0.03395028	
1134.8	0.01733211	0.03396917	
1135	0.01688313	0.03398799	
1135.2	0.01737942	0.03400676	
1135.4	0.01746453	0.03402545	
1135.6	0.01684106	0.03404409	
1135.8	0.01746033	0.03406266	
1136	0.01664132	0.03408116	
1136.2	0.01662801	0.03409961	
1136.4	0.01658834	0.03411799	
1136.6	0.01579763	0.0341363	
1136.8	0.01594188	0.03415455	
1137	0.01620895	0.03417275	
1137.2	0.01574292	0.03419087	
1137.4	0.01641765	0.03420894	
1137.6	0.01599187	0.03422694	
1137.8	0.01597358	0.03424489	
1138	0.01624057	0.03426277	
1138.2	0.01627724	0.03428059	
1138.4	0.0164225	0.03429834	
1138.6	0.01707446	0.03431604	
1138.8	0.01703891	0.03433368	
1139	0.01724054	0.03435125	
1139.2	0.01786115	0.03436877	
1139.4	0.01775617	0.03438622	
1139.6	0.01780381	0.03440362	
1139.8	0.01797413	0.03442096	
1140	0.03511048	0.03443832	
1140.2	0.03523154	0.0343924	
1140.4	0.03540084	0.03434654	
1140.6	0.03543877	0.03430074	
1140.8	0.03642448	0.034255	
1141	0.03680215	0.03420933	
1141.2	0.03668201	0.03416371	
1141.4	0.03713485	0.03411816	
1141.6	0.03744319	0.03407266	
1141.8	0.03764793	0.03402723	
1142	0.03793695	0.03398186	
1142.2	0.03810042	0.03393655	
1142.4	0.03842898	0.0338913	
1142.6	0.03818798	0.03384611	
1142.8	0.038315	0.03380097	
1143	0.03879366	0.0337559	
1143.2	0.03990284	0.03371089	
1143.4	0.04050056	0.03366594	
1143.6	0.04107997	0.03362105	
1143.8	0.04170625	0.03357622	
1144	0.04194882	0.03353145	
1144.2	0.04166467	0.03348674	
1144.4	0.04218078	0.03344209	
1144.6	0.0426949	0.0333975	
1144.8	0.04311162	0.03335296	
1145	0.04286554	0.03330849	
1145.2	0.04236336	0.03326408	
1145.4	0.04258394	0.03321972	
1145.6	0.04275249	0.03317543	
1145.8	0.04282963	0.03313119	
1146	0.04248813	0.03308701	
1146.2	0.04271572	0.03304289	
1146.4	0.04279051	0.03299883	
1146.6	0.04262736	0.03295483	
1146.8	0.04308527	0.03291089	
1147	0.04313909	0.03286701	
1147.2	0.04358021	0.03282318	
1147.4	0.04366136	0.03277942	
1147.6	0.04352276	0.03273571	
1147.8	0.04362395	0.03269206	
1148	0.0434236	0.03264847	
1148.2	0.0430103	0.03260493	
1148.4	0.04312383	0.03256146	
1148.6	0.04301483	0.03251804	
1148.8	0.04235937	0.03247468	
1149	0.04208631	0.03243138	
1149.2	0.0422173	0.03238813	
1149.4	0.04224235	0.03234495	
1149.6	0.04193485	0.03230182	
1149.8	0.04194508	0.03225874	
1150	0.04182095	0.03221573	
1150.2	0.04201252	0.03217277	
1150.4	0.04252137	0.03212987	
1150.6	0.04246267	0.03208703	
1150.8	0.0426074	0.03204425	
1151	0.0426296	0.03200152	
1151.2	0.04271198	0.03195885	
1151.4	0.04267925	0.03191623	
1151.6	0.04296403	0.03187368	
1151.8	0.04326626	0.03183118	
1152	0.04312723	0.03178873	
1152.2	0.04347932	0.03174634	
1152.4	0.0434862	0.03170401	
1152.6	0.04351699	0.03166174	
1152.8	0.04404619	0.03161952	
1153	0.04422345	0.03157736	
1153.2	0.04463912	0.03153525	
1153.4	0.04445057	0.0314932	
1153.6	0.04427572	0.03145121	
1153.8	0.04428901	0.03140927	
1154	0.04494355	0.03136739	
1154.2	0.04494663	0.03132557	
1154.4	0.04499203	0.0312838	
1154.6	0.04474014	0.03124208	
1154.8	0.04438669	0.03120042	
1155	0.04410519	0.03115882	
1155.2	0.04356476	0.03111727	
1155.4	0.04335505	0.03107578	
1155.6	0.04342828	0.03103434	
1155.8	0.0432844	0.03099296	
1156	0.04292566	0.03095164	
1156.2	0.04294053	0.03091037	
1156.4	0.04275107	0.03086915	
1156.6	0.04286561	0.03082799	
1156.8	0.04302333	0.03078688	
1157	0.04321507	0.03074583	
1157.2	0.04319741	0.03070483	
1157.4	0.04319735	0.03066389	
1157.6	0.04369902	0.030623	
1157.8	0.04361508	0.03058217	
1158	0.04424565	0.03054139	
1158.2	0.04425138	0.03050067	
1158.4	0.04411523	0.03046	
1158.6	0.04436546	0.03041938	
1158.8	0.04426227	0.03037882	
1159	0.04376756	0.03033831	
1159.2	0.04387392	0.03029786	
1159.4	0.04395065	0.03025746	
1159.6	0.04400516	0.03021711	
1159.8	0.0437208	0.03017682	
1160	0.04318538	0.03013658	
1160.2	0.04297167	0.0300964	
1160.4	0.04275295	0.03005627	
1160.6	0.04304189	0.03001619	
1160.8	0.04275232	0.02997617	
1161	0.04253767	0.0299362	
1161.2	0.04233874	0.02989628	
1161.4	0.04289539	0.02985642	
1161.6	0.04276869	0.02981661	
1161.8	0.04244296	0.02977685	
1162	0.0426239	0.02973714	
1162.2	0.04233466	0.02969749	
1162.4	0.04217141	0.02965789	
1162.6	0.04219431	0.02961835	
1162.8	0.04201559	0.02957885	
1163	0.04168833	0.02953941	
1163.2	0.04190051	0.02950002	
1163.4	0.04209633	0.02946069	
1163.6	0.04211761	0.02942141	
1163.8	0.04206587	0.02938217	
1164	0.04177607	0.029343	
1164.2	0.0420522	0.02930387	
1164.4	0.0421266	0.0292648	
1164.6	0.04249061	0.02922577	
1164.8	0.0421887	0.0291868	
1165	0.04205849	0.02914789	
1165.2	0.0423821	0.02910902	
1165.4	0.04202343	0.02907021	
1165.6	0.04167676	0.02903144	
1165.8	0.04169539	0.02899273	
1166	0.04187004	0.02895407	
1166.2	0.04169042	0.02891547	
1166.4	0.04201299	0.02887691	
1166.6	0.04205651	0.0288384	
1166.8	0.04192807	0.02879995	
1167	0.04188893	0.02876155	
1167.2	0.04197929	0.0287232	
1167.4	0.0424947	0.0286849	
1167.6	0.04250926	0.02864665	
1167.8	0.04198406	0.02860845	
1168	0.0418928	0.02857031	
1168.2	0.0420036	0.02853221	
1168.4	0.04183642	0.02849416	
1168.6	0.04159338	0.02845617	
1168.8	0.04121099	0.02841823	
1169	0.04040316	0.02838033	
1169.2	0.04046882	0.02834249	
1169.4	0.04011958	0.0283047	
1169.6	0.04006211	0.02826696	
1169.8	0.03995121	0.02822926	
1170	0.0404272	0.02819162	
1170.2	0.04016227	0.02815403	
1170.4	0.0402819	0.02811649	
1170.6	0.04030993	0.028079	
1170.8	0.03966351	0.02804156	
1171	0.03987065	0.02800417	
1171.2	0.04027153	0.02796683	
1171.4	0.04043966	0.02792954	
1171.6	0.04054347	0.0278923	
1171.8	0.04042778	0.0278551	
1172	0.04056131	0.02781796	
1172.2	0.04061032	0.02778087	
1172.4	0.04096986	0.02774383	
1172.6	0.0407306	0.02770683	
1172.8	0.0406051	0.02766989	
1173	0.04101358	0.02763299	
1173.2	0.04122641	0.02759615	
1173.4	0.04134742	0.02755935	
1173.6	0.04163486	0.0275226	
1173.8	0.04152719	0.0274859	
1174	0.04154151	0.02744925	
1174.2	0.04172238	0.02741265	
1174.4	0.04149397	0.0273761	
1174.6	0.04126806	0.02733959	
1174.8	0.04116504	0.02730314	
1175	0.04154422	0.02726673	
1175.2	0.04154322	0.02723038	
1175.4	0.04170292	0.02719407	
1175.6	0.0416181	0.02715781	
1175.8	0.04136712	0.02712159	
1176	0.04116994	0.02708543	
1176.2	0.04089641	0.02704931	
1176.4	0.04095874	0.02701325	
1176.6	0.04077291	0.02697723	
1176.8	0.0406931	0.02694125	
1177	0.04046908	0.02690533	
1177.2	0.04010842	0.02686945	
1177.4	0.04023796	0.02683363	
1177.6	0.03996803	0.02679785	
1177.8	0.03970195	0.02676211	
1178	0.0396424	0.02672643	
1178.2	0.03976693	0.02669079	
1178.4	0.0398214	0.0266552	
1178.6	0.0399601	0.02661966	
1178.8	0.03977677	0.02658416	
1179	0.04006258	0.02654872	
1179.2	0.04013523	0.02651332	
1179.4	0.04020382	0.02647796	
1179.6	0.04019045	0.02644266	
1179.8	0.04005055	0.0264074	
1180	0.03951809	0.02637219	
1180.2	0.03960188	0.02633702	
1180.4	0.03958935	0.0263019	
1180.6	0.03914498	0.02626683	
1180.8	0.03887297	0.02623181	
1181	0.03834912	0.02619683	
1181.2	0.03836716	0.0261619	
1181.4	0.03827984	0.02612701	
1181.6	0.03802563	0.02609218	
1181.8	0.03773782	0.02605739	
1182	0.03789455	0.02602264	
1182.2	0.03790065	0.02598794	
1182.4	0.03788411	0.02595329	
1182.6	0.03774924	0.02591868	
1182.8	0.03730623	0.02588412	
1183	0.03744113	0.02584961	
1183.2	0.03738999	0.02581514	
1183.4	0.0376637	0.02578072	
1183.6	0.03758229	0.02574634	
1183.8	0.03784312	0.02571201	
1184	0.03810275	0.02567773	
1184.2	0.03862809	0.02564349	
1184.4	0.03853205	0.02560929	
1184.6	0.03880898	0.02557515	
1184.8	0.03869284	0.02554104	
1185	0.03880075	0.02550699	
1185.2	0.03903758	0.02547298	
1185.4	0.03831289	0.02543901	
1185.6	0.03819876	0.02540509	
1185.8	0.03815226	0.02537121	
1186	0.03768427	0.02533738	
1186.2	0.03727977	0.0253036	
1186.4	0.03715748	0.02526986	
1186.6	0.03656334	0.02523616	
1186.8	0.03663303	0.02520251	
1187	0.03707013	0.02516891	
1187.2	0.03696001	0.02513535	
1187.4	0.03738841	0.02510183	
1187.6	0.03745134	0.02506836	
1187.8	0.03779797	0.02503493	
1188	0.03815926	0.02500155	
1188.2	0.03851412	0.02496822	
1188.4	0.03826281	0.02493492	
1188.6	0.03830676	0.02490167	
1188.8	0.03805866	0.02486847	
1189	0.03827952	0.02483531	
1189.2	0.03810646	0.02480219	
1189.4	0.0376639	0.02476912	
1189.6	0.03758647	0.0247361	
1189.8	0.03720455	0.02470311	
1190	0.03712514	0.02467017	
1190.2	0.03692994	0.02463728	
1190.4	0.03668013	0.02460443	
1190.6	0.03673039	0.02457162	
1190.8	0.03711672	0.02453885	
1191	0.03661304	0.02450613	
1191.2	0.03634305	0.02447346	
1191.4	0.03616401	0.02444082	
1191.6	0.03588241	0.02440823	
1191.8	0.03601922	0.02437569	
1192	0.03630517	0.02434319	
1192.2	0.03603429	0.02431073	
1192.4	0.03595562	0.02427831	
1192.6	0.03597167	0.02424594	
1192.8	0.03559608	0.02421361	
1193	0.03623755	0.02418132	
1193.2	0.03628955	0.02414908	
1193.4	0.03624725	0.02411688	
1193.6	0.03661133	0.02408472	
1193.8	0.03665285	0.0240526	
1194	0.03678093	0.02402053	
1194.2	0.0368957	0.0239885	
1194.4	0.03678394	0.02395652	
1194.6	0.03681734	0.02392457	
1194.8	0.03693908	0.02389267	
1195	0.03681134	0.02386081	
1195.2	0.0365805	0.023829	
1195.4	0.03683054	0.02379722	
1195.6	0.03723672	0.02376549	
1195.8	0.03697996	0.0237338	
1196	0.03719314	0.02370215	
1196.2	0.03678603	0.02367055	
1196.4	0.03654238	0.02363899	
1196.6	0.03665842	0.02360747	
1196.8	0.03651832	0.02357599	
1197	0.03638096	0.02354455	
1197.2	0.03654499	0.02351316	
1197.4	0.03673025	0.02348181	
1197.6	0.03632146	0.02345049	
1197.8	0.03639598	0.02341923	
1198	0.0365582	0.023388	
1198.2	0.03630911	0.02335681	
1198.4	0.03599106	0.02332567	
1198.6	0.03621334	0.02329457	
1198.8	0.03602427	0.0232635	
1199	0.03626114	0.02323248	
1199.2	0.03607504	0.02320151	
1199.4	0.03590937	0.02317057	
1199.6	0.03580438	0.02313967	
1199.8	0.03557957	0.02310882	
1200	0.03541627	0.023078	
1200.2	0.03515875	0.02304723	
1200.4	0.03548286	0.0230165	
1200.6	0.03534913	0.02298581	
1200.8	0.03518668	0.02295516	
1201	0.03557177	0.02292455	
1201.2	0.03557845	0.02289398	
1201.4	0.03532249	0.02286346	
1201.6	0.03502228	0.02283297	
1201.8	0.03502133	0.02280253	
1202	0.03492938	0.02277212	
1202.2	0.03498686	0.02274176	
1202.4	0.03479215	0.02271143	
1202.6	0.0344831	0.02268115	
1202.8	0.03469497	0.0226509	
1203	0.03460356	0.0226207	
1203.2	0.03418584	0.02259054	
1203.4	0.03426238	0.02256042	
1203.6	0.03431867	0.02253033	
1203.8	0.0342235	0.02250029	
1204	0.03458576	0.02247029	
1204.2	0.03459296	0.02244033	
1204.4	0.03431123	0.02241041	
1204.6	0.03438719	0.02238052	
1204.8	0.03449585	0.02235068	
1205	0.03394156	0.02232088	
1205.2	0.03367278	0.02229112	
1205.4	0.03372018	0.02226139	
1205.6	0.0334004	0.02223171	
1205.8	0.03332327	0.02220206	
1206	0.0334849	0.02217246	
1206.2	0.03302331	0.0221429	
1206.4	0.03320172	0.02211337	
1206.6	0.03298254	0.02208388	
1206.8	0.03282529	0.02205444	
1207	0.03297963	0.02202503	
1207.2	0.03307639	0.02199566	
1207.4	0.03271817	0.02196633	
1207.6	0.03319251	0.02193704	
1207.8	0.03351151	0.02190779	
1208	0.03325022	0.02187858	
1208.2	0.03291852	0.02184941	
1208.4	0.03268392	0.02182027	
1208.6	0.0322578	0.02179118	
1208.8	0.03211242	0.02176212	
1209	0.03189844	0.0217331	
1209.2	0.03204143	0.02170412	
1209.4	0.03210597	0.02167518	
1209.6	0.03213713	0.02164628	
1209.8	0.03148676	0.02161742	
1210	0.03166845	0.02158859	
1210.2	0.03162211	0.02155981	
1210.4	0.03112696	0.02153106	
1210.6	0.03058082	0.02150235	
1210.8	0.03123335	0.02147368	
1211	0.03139887	0.02144504	
1211.2	0.03144597	0.02141645	
1211.4	0.03197866	0.02138789	
1211.6	0.03228273	0.02135937	
1211.8	0.03175514	0.02133089	
1212	0.03222297	0.02130245	
1212.2	0.03215499	0.02127404	
1212.4	0.03195188	0.02124568	
1212.6	0.03229981	0.02121735	
1212.8	0.03271572	0.02118906	
1213	0.03225412	0.0211608	
1213.2	0.0326019	0.02113259	
1213.4	0.03250162	0.02110441	
1213.6	0.0316401	0.02107627	
1213.8	0.03166027	0.02104816	
1214	0.03160625	0.0210201	
1214.2	0.03099728	0.02099207	
1214.4	0.03062228	0.02096408	
1214.6	0.03088177	0.02093612	
1214.8	0.03099529	0.02090821	
1215	0.03069766	0.02088033	
1215.2	0.0309009	0.02085249	
1215.4	0.03032342	0.02082468	
1215.6	0.03020147	0.02079691	
1215.8	0.03017765	0.02076918	
1216	0.03021591	0.02074149	
1216.2	0.02992969	0.02071383	
1216.4	0.03012558	0.02068621	
1216.6	0.03011431	0.02065863	
1216.8	0.03033983	0.02063108	
1217	0.03045503	0.02060357	
1217.2	0.03049708	0.0205761	
1217.4	0.03055814	0.02054866	
1217.6	0.03073834	0.02052126	
1217.8	0.03109031	0.0204939	
1218	0.03110999	0.02046657	
1218.2	0.03120228	0.02043928	
1218.4	0.03106221	0.02041203	
1218.6	0.03103914	0.02038481	
1218.8	0.03088771	0.02035763	
1219	0.03016473	0.02033049	
1219.2	0.02993389	0.02030338	
1219.4	0.02957927	0.0202763	
1219.6	0.0292268	0.02024927	
1219.8	0.02872566	0.02022227	
1220	0.02863994	0.0201953	
1220.2	0.02839466	0.02016837	
1220.4	0.02823807	0.02014148	
1220.6	0.02868366	0.02011462	
1220.8	0.02877132	0.0200878	
1221	0.02865882	0.02006102	
1221.2	0.02852975	0.02003427	
1221.4	0.02884659	0.02000755	
1221.6	0.02891081	0.01998088	
1221.8	0.0293477	0.01995423	
1222	0.02911289	0.01992763	
1222.2	0.02840444	0.01990105	
1222.4	0.02871534	0.01987452	
1222.6	0.02845709	0.01984802	
1222.8	0.02830042	0.01982155	
1223	0.02841083	0.01979512	
1223.2	0.02863258	0.01976873	
1223.4	0.02813823	0.01974237	
1223.6	0.02820131	0.01971604	
1223.8	0.02850853	0.01968975	
1224	0.02818408	0.0196635	
1224.2	0.0281345	0.01963728	
1224.4	0.02819937	0.01961109	
1224.6	0.02798949	0.01958494	
1224.8	0.02806991	0.01955883	
1225	0.02830121	0.01953275	
1225.2	0.02814817	0.0195067	
1225.4	0.02870503	0.01948069	
1225.6	0.02881123	0.01945472	
1225.8	0.02865288	0.01942878	
1226	0.02802405	0.01940287	
1226.2	0.02827706	0.019377	
1226.4	0.02850917	0.01935116	
1226.6	0.0283843	0.01932536	
1226.8	0.02855943	0.01929959	
1227	0.0279681	0.01927386	
1227.2	0.02794615	0.01924816	
1227.4	0.02743304	0.01922249	
1227.6	0.02717077	0.01919686	
1227.8	0.02715099	0.01917126	
1228	0.0268904	0.0191457	
1228.2	0.02634984	0.01912017	
1228.4	0.02651343	0.01909467	
1228.6	0.02682696	0.01906921	
1228.8	0.02679762	0.01904379	
1229	0.02681339	0.01901839	
1229.2	0.02724467	0.01899303	
1229.4	0.02720953	0.01896771	
1229.6	0.02706321	0.01894242	
1229.8	0.02730767	0.01891716	
1230	0.02719122	0.01889193	
1230.2	0.02708658	0.01886674	
1230.4	0.02715574	0.01884159	
1230.6	0.02684061	0.01881646	
1230.8	0.026615	0.01879137	
1231	0.02694965	0.01876632	
1231.2	0.02710489	0.01874129	
1231.4	0.02655273	0.0187163	
1231.6	0.02695292	0.01869135	
1231.8	0.02709696	0.01866642	
1232	0.02674106	0.01864153	
1232.2	0.02684489	0.01861668	
1232.4	0.02709888	0.01859185	
1232.6	0.02635205	0.01856706	
1232.8	0.02613085	0.0185423	
1233	0.02592259	0.01851758	
1233.2	0.02517469	0.01849289	
1233.4	0.02486977	0.01846823	
1233.6	0.02460607	0.0184436	
1233.8	0.02424123	0.01841901	
1234	0.0239442	0.01839445	
1234.2	0.02359414	0.01836992	
1234.4	0.02357587	0.01834543	
1234.6	0.02379901	0.01832097	
1234.8	0.02408736	0.01829654	
1235	0.02393995	0.01827214	
1235.2	0.02409443	0.01824778	
1235.4	0.02452717	0.01822345	
1235.6	0.02486824	0.01819915	
1235.8	0.02512346	0.01817488	
1236	0.02561065	0.01815064	
1236.2	0.02567779	0.01812644	
1236.4	0.02570253	0.01810227	
1236.6	0.02618813	0.01807813	
1236.8	0.02612574	0.01805403	
1237	0.02547056	0.01802996	
1237.2	0.02554132	0.01800591	
1237.4	0.02560123	0.0179819	
1237.6	0.02545177	0.01795793	
1237.8	0.02567829	0.01793398	
1238	0.02557592	0.01791007	
1238.2	0.02540524	0.01788619	
1238.4	0.02572267	0.01786234	
1238.6	0.0253815	0.01783852	
1238.8	0.02501884	0.01781473	
1239	0.02494959	0.01779098	
1239.2	0.02536973	0.01776726	
1239.4	0.02522498	0.01774357	
1239.6	0.02596944	0.01771991	
1239.8	0.02595582	0.01769628	
1240	0.02571937	0.01767268	
1240.2	0.02600584	0.01764912	
1240.4	0.02609065	0.01762558	
1240.6	0.02596371	0.01760208	
1240.8	0.02561993	0.01757861	
1241	0.02522111	0.01755517	
1241.2	0.02506652	0.01753176	
1241.4	0.02507537	0.01750839	
1241.6	0.02513128	0.01748504	
1241.8	0.02465079	0.01746173	
1242	0.02496116	0.01743844	
1242.2	0.02525361	0.01741519	
1242.4	0.0245671	0.01739197	
1242.6	0.02455276	0.01736878	
1242.8	0.025115	0.01734562	
1243	0.02522283	0.01732249	
1243.2	0.02567536	0.01729939	
1243.4	0.02596236	0.01727632	
1243.6	0.02610198	0.01725329	
1243.8	0.0261594	0.01723028	
1244	0.02669681	0.01720731	
1244.2	0.02672236	0.01718436	
1244.4	0.0265983	0.01716145	
1244.6	0.02675945	0.01713857	
1244.8	0.0263485	0.01711571	
1245	0.02571802	0.01709289	
1245.2	0.02557446	0.0170701	
1245.4	0.02509962	0.01704734	
1245.6	0.02483609	0.01702461	
1245.8	0.02495038	0.0170019	
1246	0.0249795	0.01697923	
1246.2	0.02468566	0.01695659	
1246.4	0.02443193	0.01693398	
1246.6	0.02464613	0.0169114	
1246.8	0.0245563	0.01688885	
1247	0.02458237	0.01686633	
1247.2	0.02421923	0.01684384	
1247.4	0.02404443	0.01682139	
1247.6	0.02433776	0.01679896	
1247.8	0.0247489	0.01677656	
1248	0.02448776	0.01675419	
1248.2	0.02460269	0.01673185	
1248.4	0.02445667	0.01670953	
1248.6	0.02436611	0.01668725	
1248.8	0.02425485	0.016665	
1249	0.02388517	0.01664278	
1249.2	0.02328118	0.01662059	
1249.4	0.0232423	0.01659843	
1249.6	0.02377312	0.0165763	
1249.8	0.02347463	0.01655419	
1250	0.02375059	0.01653212	
1250.2	0.02386942	0.01651008	
1250.4	0.02348248	0.01648806	
1250.6	0.02354353	0.01646607	
1250.8	0.02379522	0.01644412	
1251	0.02347709	0.01642219	
1251.2	0.02389899	0.01640029	
1251.4	0.02410297	0.01637843	
1251.6	0.02393876	0.01635659	
1251.8	0.02392921	0.01633478	
1252	0.02392063	0.016313	
1252.2	0.02370353	0.01629124	
1252.4	0.02364365	0.01626952	
1252.6	0.02419058	0.01624783	
1252.8	0.02328252	0.01622616	
1253	0.02249681	0.01620453	
1253.2	0.02236559	0.01618292	
1253.4	0.02223663	0.01616134	
1253.6	0.02196427	0.01613979	
1253.8	0.02231324	0.01611827	
1254	0.02215341	0.01609678	
1254.2	0.02176422	0.01607531	
1254.4	0.02226055	0.01605388	
1254.6	0.02231214	0.01603247	
1254.8	0.02224841	0.01601109	
1255	0.02220959	0.01598975	
1255.2	0.0226519	0.01596842	
1255.4	0.02239993	0.01594713	
1255.6	0.02286461	0.01592587	
1255.8	0.02293938	0.01590463	
1256	0.02261331	0.01588343	
1256.2	0.02277939	0.01586225	
1256.4	0.02310523	0.0158411	
1256.6	0.02259972	0.01581997	
1256.8	0.02206913	0.01579888	
1257	0.02222391	0.01577781	
1257.2	0.02191925	0.01575677	
1257.4	0.02148383	0.01573576	
1257.6	0.02180002	0.01571478	
1257.8	0.02164488	0.01569383	
1258	0.02127656	0.0156729	
1258.2	0.02177178	0.015652	
1258.4	0.02112582	0.01563113	
1258.6	0.02062885	0.01561029	
1258.8	0.02071416	0.01558947	
1259	0.02026278	0.01556869	
1259.2	0.02047042	0.01554793	
1259.4	0.02094581	0.0155272	
1259.6	0.02043672	0.01550649	
1259.8	0.02046351	0.01548581	
1260	0.02096284	0.01546517	
1260.2	0.02088573	0.01544454	
1260.4	0.02098154	0.01542395	
1260.6	0.02127307	0.01540338	
1260.8	0.02109368	0.01538285	
1261	0.02120911	0.01536233	
1261.2	0.0215548	0.01534185	
1261.4	0.02127823	0.01532139	
1261.6	0.02124239	0.01530096	
1261.8	0.02140703	0.01528056	
1262	0.02181334	0.01526018	
1262.2	0.02165142	0.01523984	
1262.4	0.02171724	0.01521952	
1262.6	0.02184149	0.01519922	
1262.8	0.02146631	0.01517896	
1263	0.02157892	0.01515872	
1263.2	0.02178165	0.0151385	
1263.4	0.02132497	0.01511832	
1263.6	0.02162629	0.01509816	
1263.8	0.02254798	0.01507803	
1264	0.02219888	0.01505792	
1264.2	0.02158645	0.01503784	
1264.4	0.02221542	0.01501779	
1264.6	0.02151749	0.01499777	
1264.8	0.02124011	0.01497777	
1265	0.0218218	0.0149578	
1265.2	0.02089166	0.01493785	
1265.4	0.02023069	0.01491793	
1265.6	0.02069899	0.01489804	
1265.8	0.02100539	0.01487818	
1266	0.02088984	0.01485834	
1266.2	0.0214123	0.01483853	
1266.4	0.02127524	0.01481874	
1266.6	0.02094076	0.01479898	
1266.8	0.02184734	0.01477925	
1267	0.02195816	0.01475954	
1267.2	0.02196465	0.01473986	
1267.4	0.02219523	0.01472021	
1267.6	0.02222026	0.01470058	
1267.8	0.02177124	0.01468098	
1268	0.02154865	0.0146614	
1268.2	0.02120772	0.01464185	
1268.4	0.02116902	0.01462233	
1268.6	0.02058608	0.01460283	
1268.8	0.02081715	0.01458336	
1269	0.02018102	0.01456391	
1269.2	0.01995036	0.01454449	
1269.4	0.02067701	0.0145251	
1269.6	0.02062791	0.01450573	
1269.8	0.02078291	0.01448639	
1270	0.02089834	0.01446707	
1270.2	0.02042313	0.01444778	
1270.4	0.02022194	0.01442852	
1270.6	0.02073489	0.01440928	
1270.8	0.02066085	0.01439006	
1271	0.02064379	0.01437088	
1271.2	0.02066433	0.01435171	
1271.4	0.01993894	0.01433258	
1271.6	0.01913954	0.01431347	
1271.8	0.01979486	0.01429438	
1272	0.01934834	0.01427532	
1272.2	0.01877819	0.01425628	
1272.4	0.01914537	0.01423728	
1272.6	0.01909323	0.01421829	
1272.8	0.01938042	0.01419933	
1273	0.01971956	0.0141804	
1273.2	0.02042989	0.01416149	
1273.4	0.0201964	0.01414261	
1273.6	0.0206293	0.01412375	
1273.8	0.02059308	0.01410492	
1274	0.01982986	0.01408611	
1274.2	0.01990007	0.01406733	
1274.4	0.02053044	0.01404857	
1274.6	0.02026928	0.01402984	
1274.8	0.02050836	0.01401113	
1275	0.02091173	0.01399245	
1275.2	0.0202044	0.01397379	
1275.4	0.0199968	0.01395516	
1275.6	0.01992443	0.01393655	
1275.8	0.0198129	0.01391797	
1276	0.01947221	0.01389941	
1276.2	0.01983012	0.01388087	
1276.4	0.01952718	0.01386236	
1276.6	0.01935708	0.01384388	
1276.8	0.01966654	0.01382542	
1277	0.01924665	0.01380699	
1277.2	0.01939588	0.01378858	
1277.4	0.01956171	0.01377019	
1277.6	0.01974719	0.01375183	
1277.8	0.01927231	0.01373349	
1278	0.01973021	0.01371518	
1278.2	0.02021101	0.01369689	
1278.4	0.01998282	0.01367863	
1278.6	0.02030906	0.01366039	
1278.8	0.02048378	0.01364217	
1279	0.01984232	0.01362398	
1279.2	0.02019664	0.01360582	
1279.4	0.02023449	0.01358767	
1279.6	0.0198454	0.01356956	
1279.8	0.02023458	0.01355146	
1280	0.02043333	0.01353339	
1280.2	0.01930877	0.01351535	
1280.4	0.01910778	0.01349733	
1280.6	0.01918032	0.01347933	
1280.8	0.01842081	0.01346135	
1281	0.0180197	0.01344341	
1281.2	0.01848198	0.01342548	
1281.4	0.01807511	0.01340758	
1281.6	0.01767783	0.0133897	
1281.8	0.01833116	0.01337185	
1282	0.01835034	0.01335402	
1282.2	0.01814844	0.01333621	
1282.4	0.01837587	0.01331843	
1282.6	0.01845987	0.01330067	
1282.8	0.01790849	0.01328293	
1283	0.0183718	0.01326522	
1283.2	0.01858699	0.01324753	
1283.4	0.01771286	0.01322987	
1283.6	0.01831305	0.01321223	
1283.8	0.01854634	0.01319461	
1284	0.01785502	0.01317702	
1284.2	0.01781662	0.01315945	
1284.4	0.01871877	0.0131419	
1284.6	0.0180342	0.01312438	
1284.8	0.01805773	0.01310688	
1285	0.01845938	0.0130894	
1285.2	0.01796819	0.01307195	
1285.4	0.01794577	0.01305452	
1285.6	0.01835374	0.01303711	
1285.8	0.01872458	0.01301972	
1286	0.01845065	0.01300236	
1286.2	0.01917403	0.01298503	
1286.4	0.01853504	0.01296771	
1286.6	0.0182029	0.01295042	
1286.8	0.01805837	0.01293315	
1287	0.0175115	0.01291591	
1287.2	0.01646755	0.01289869	
1287.4	0.01668666	0.01288149	
1287.6	0.01724051	0.01286431	
1287.8	0.01677308	0.01284716	
1288	0.01729534	0.01283003	
1288.2	0.01769333	0.01281292	
1288.4	0.01719656	0.01279583	
1288.6	0.01701318	0.01277877	
1288.8	0.01733921	0.01276173	
1289	0.0168857	0.01274472	
1289.2	0.01692508	0.01272772	
1289.4	0.01780023	0.01271075	
1289.6	0.01799797	0.0126938	
1289.8	0.01810767	0.01267688	
1290	0.01866001	0.01265997	
1290.2	0.01846197	0.01264309	
1290.4	0.01772993	0.01262623	
1290.6	0.01832337	0.0126094	
1290.8	0.01779765	0.01259258	
1291	0.01747655	0.01257579	
1291.2	0.01801821	0.01255902	
1291.4	0.01806687	0.01254228	
1291.6	0.01749212	0.01252555	
1291.8	0.0176757	0.01250885	
1292	0.01784622	0.01249217	
1292.2	0.01702045	0.01247551	
1292.4	0.016771	0.01245888	
1292.6	0.01717953	0.01244227	
1292.8	0.01647635	0.01242568	
1293	0.01664024	0.01240911	
1293.2	0.01748709	0.01239256	
1293.4	0.01713033	0.01237604	
1293.6	0.01745052	0.01235953	
1293.8	0.01742202	0.01234305	
1294	0.01706103	0.0123266	
1294.2	0.01704038	0.01231016	
1294.4	0.01748703	0.01229375	
1294.6	0.01749081	0.01227735	
1294.8	0.01716301	0.01226098	
1295	0.01763666	0.01224463	
1295.2	0.01731571	0.01222831	
1295.4	0.01644046	0.012212	
1295.6	0.01673266	0.01219572	
1295.8	0.01671716	0.01217945	
1296	0.01626461	0.01216321	
1296.2	0.01646311	0.012147	
1296.4	0.01662033	0.0121308	
1296.6	0.01615043	0.01211462	
1296.8	0.0162484	0.01209847	
1297	0.01663681	0.01208234	
1297.2	0.01633462	0.01206623	
1297.4	0.01648334	0.01205014	
1297.6	0.01672992	0.01203407	
1297.8	0.0162159	0.01201802	
1298	0.01616585	0.012002	
1298.2	0.01687959	0.011986	
1298.4	0.01672014	0.01197001	
1298.6	0.01699408	0.01195405	
1298.8	0.0175967	0.01193811	
1299	0.01754182	0.01192219	
1299.2	0.0176816	0.0119063	
1299.4	0.01791572	0.01189042	
1299.6	0.01777258	0.01187457	
1299.8	0.01735514	0.01185873	
1300	0.01757454	0.01184292	
1300.2	0.0175525	0.01182713	
1300.4	0.01692258	0.01181136	
1300.6	0.01679361	0.01179561	
1300.8	0.01671049	0.01177988	
1301	0.01594074	0.01176417	
1301.2	0.01635866	0.01174849	
1301.4	0.01645643	0.01173282	
1301.6	0.01560676	0.01171718	
1301.8	0.01600785	0.01170155	
1302	0.01605646	0.01168595	
1302.2	0.01617456	0.01167037	
1302.4	0.01678825	0.01165481	
1302.6	0.01704049	0.01163927	
1302.8	0.01666234	0.01162375	
1303	0.01673175	0.01160825	
1303.2	0.0168355	0.01159277	
1303.4	0.01585289	0.01157731	
1303.6	0.01551138	0.01156187	
1303.8	0.01578379	0.01154646	
1304	0.0151394	0.01153106	
1304.2	0.01476791	0.01151568	
1304.4	0.01480601	0.01150033	
1304.6	0.01481563	0.01148499	
1304.8	0.01502032	0.01146968	
1305	0.01569672	0.01145439	
1305.2	0.0159559	0.01143911	
1305.4	0.0157707	0.01142386	
1305.6	0.01602905	0.01140863	
1305.8	0.01640722	0.01139341	
1306	0.01623472	0.01137822	
1306.2	0.01687746	0.01136305	
1306.4	0.01702877	0.0113479	
1306.6	0.01603318	0.01133277	
1306.8	0.01619096	0.01131766	
1307	0.0162997	0.01130257	
1307.2	0.01526242	0.01128749	
1307.4	0.01519476	0.01127244	
1307.6	0.01526705	0.01125741	
1307.8	0.01467667	0.0112424	
1308	0.01436191	0.01122741	
1308.2	0.01456826	0.01121244	
1308.4	0.01418895	0.01119749	
1308.6	0.01435754	0.01118256	
1308.8	0.01458097	0.01116765	
1309	0.01410243	0.01115276	
1309.2	0.01413112	0.01113789	
1309.4	0.01419802	0.01112303	
1309.6	0.01351482	0.0111082	
1309.8	0.01366254	0.01109339	
1310	0.01431284	0.0110786	
1310.2	0.01435704	0.01106383	
1310.4	0.01380157	0.01104907	
1310.6	0.01425788	0.01103434	
1310.8	0.01493184	0.01101963	
1311	0.01485463	0.01100493	
1311.2	0.01534603	0.01099026	
1311.4	0.01590126	0.01097561	
1311.6	0.01550654	0.01096097	
1311.8	0.01596284	0.01094636	
1312	0.01609263	0.01093176	
1312.2	0.01565703	0.01091718	
1312.4	0.01545933	0.01090263	
1312.6	0.01599669	0.01088809	
1312.8	0.01539138	0.01087357	
1313	0.01550334	0.01085907	
1313.2	0.01593633	0.01084459	
1313.4	0.01498409	0.01083013	
1313.6	0.01467959	0.01081569	
1313.8	0.01560727	0.01080127	
1314	0.0149419	0.01078687	
1314.2	0.01428382	0.01077248	
1314.4	0.0144499	0.01075812	
1314.6	0.01475741	0.01074377	
1314.8	0.01464077	0.01072945	
1315	0.01541023	0.01071514	
1315.2	0.01571868	0.01070085	
1315.4	0.01514031	0.01068658	
1315.6	0.01518748	0.01067233	
1315.8	0.01528249	0.0106581	
1316	0.0144271	0.01064389	
1316.2	0.01422326	0.0106297	
1316.4	0.01421882	0.01061553	
1316.6	0.01381131	0.01060137	
1316.8	0.01371873	0.01058724	
1317	0.01426338	0.01057312	
1317.2	0.01364047	0.01055902	
1317.4	0.01332379	0.01054494	
1317.6	0.01382638	0.01053088	
1317.8	0.01360952	0.01051684	
1318	0.01306224	0.01050281	
1318.2	0.01355983	0.01048881	
1318.4	0.01323749	0.01047482	
1318.6	0.01320218	0.01046086	
1318.8	0.01293563	0.01044691	
1319	0.01290135	0.01043298	
1319.2	0.01207787	0.01041907	
1319.4	0.01188394	0.01040517	
1319.6	0.01172815	0.0103913	
1319.8	0.01115818	0.01037744	
1320	0.01137446	0.01036361	
1320.2	0.01154431	0.01034979	
1320.4	0.01096347	0.01033599	
1320.6	0.01133726	0.0103222	
1320.8	0.01219865	0.01030844	
1321	0.01236234	0.0102947	
1321.2	0.01251544	0.01028097	
1321.4	0.01340162	0.01026726	
1321.6	0.01350917	0.01025357	
1321.8	0.01369973	0.0102399	
1322	0.01400785	0.01022624	
1322.2	0.01367369	0.01021261	
1322.4	0.01326018	0.01019899	
1322.6	0.01335179	0.01018539	
1322.8	0.01237137	0.01017181	
1323	0.01174223	0.01015825	
1323.2	0.01212252	0.0101447	
1323.4	0.01208008	0.01013117	
1323.6	0.01178918	0.01011766	
1323.8	0.01222565	0.01010417	
1324	0.01244968	0.0100907	
1324.2	0.0119568	0.01007725	
1324.4	0.01177874	0.01006381	
1324.6	0.01243963	0.01005039	
1324.8	0.01230597	0.01003699	
1325	0.01238688	0.0100236	
1325.2	0.01269235	0.01001024	
1325.4	0.0124067	0.00999689	
1325.6	0.01235569	0.00998356	
1325.8	0.01270932	0.00997025	
1326	0.01235759	0.00995695	
1326.2	0.01231036	0.00994368	
1326.4	0.012822	0.00993042	
1326.6	0.01235437	0.00991718	
1326.8	0.01165762	0.00990395	
1327	0.01175379	0.00989075	
1327.2	0.01223834	0.00987756	
1327.4	0.01143897	0.00986439	
1327.6	0.01174128	0.00985124	
1327.8	0.01171757	0.0098381	
1328	0.0113324	0.00982498	
1328.2	0.01121013	0.00981188	
1328.4	0.01123695	0.0097988	
1328.6	0.01078754	0.00978573	
1328.8	0.01102162	0.00977268	
1329	0.01111017	0.00975965	
1329.2	0.01090579	0.00974664	
1329.4	0.01109432	0.00973364	
1329.6	0.01132085	0.00972066	
1329.8	0.01105247	0.0097077	
1330	0.0110602	0.00969476	
1330.2	0.01159464	0.00968183	
1330.4	0.0113648	0.00966892	
1330.6	0.01081408	0.00965603	
1330.8	0.01100599	0.00964315	
1331	0.01105905	0.00963029	
1331.2	0.01090536	0.00961745	
1331.4	0.01089274	0.00960463	
1331.6	0.01134679	0.00959182	
1331.8	0.01098817	0.00957903	
1332	0.01145898	0.00956626	
1332.2	0.01157627	0.0095535	
1332.4	0.01114642	0.00954077	
1332.6	0.01088953	0.00952804	
1332.8	0.01149443	0.00951534	
1333	0.01063616	0.00950265	
1333.2	0.01089106	0.00948998	
1333.4	0.01143596	0.00947733	
1333.6	0.01071585	0.00946469	
1333.8	0.01070766	0.00945207	
1334	0.01134261	0.00943947	
1334.2	0.01102072	0.00942688	
1334.4	0.01046764	0.00941431	
1334.6	0.01101418	0.00940176	
1334.8	0.01104224	0.00938922	
1335	0.01091129	0.0093767	
1335.2	0.01161461	0.0093642	
1335.4	0.0115572	0.00935171	
1335.6	0.01112671	0.00933924	
1335.8	0.0116333	0.00932679	
1336	0.01211036	0.00931435	
1336.2	0.01130753	0.00930193	
1336.4	0.01124346	0.00928953	
1336.6	0.01117297	0.00927714	
1336.8	0.01033171	0.00926477	
1337	0.00991331	0.00925242	
1337.2	0.01053856	0.00924008	
1337.4	0.00986146	0.00922776	
1337.6	0.00925467	0.00921545	
1337.8	0.00960337	0.00920317	
1338	0.00946683	0.00919089	
1338.2	0.00887979	0.00917864	
1338.4	0.00937358	0.0091664	
1338.6	0.00928147	0.00915418	
1338.8	0.00861646	0.00914197	
1339	0.00905192	0.00912978	
1339.2	0.00920974	0.00911761	
1339.4	0.00820865	0.00910545	
1339.6	0.00854159	0.00909331	
1339.8	0.00930713	0.00908118	
1340	0.00839059	0.00906908	
1340.2	0.00849697	0.00905698	
1340.4	0.00904256	0.00904491	
1340.6	0.00786628	0.00903285	
1340.8	0.0075614	0.0090208	
1341	0.00827411	0.00900877	
1341.2	0.00805806	0.00899676	
1341.4	0.0076011	0.00898476	
1341.6	0.0082755	0.00897278	
1341.8	0.00838691	0.00896082	
1342	0.00789917	0.00894887	
1342.2	0.00842071	0.00893694	
1342.4	0.0083347	0.00892502	
1342.6	0.00781362	0.00891312	
1342.8	0.00801675	0.00890124	
1343	0.00836805	0.00888937	
1343.2	0.00803699	0.00887751	
1343.4	0.00819598	0.00886568	
1343.6	0.00852144	0.00885385	
1343.8	0.00817038	0.00884205	
1344	0.0085991	0.00883026	
1344.2	0.00924822	0.00881848	
1344.4	0.00859073	0.00880673	
1344.6	0.00825017	0.00879498	
1344.8	0.0089411	0.00878326	
1345	0.00873711	0.00877154	
1345.2	0.00836234	0.00875985	
1345.4	0.00902512	0.00874817	
1345.6	0.00879269	0.0087365	
1345.8	0.0083472	0.00872485	
1346	0.00848033	0.00871322	
1346.2	0.00897947	0.0087016	
1346.4	0.0083119	0.00869	
1346.6	0.00868778	0.00867841	
1346.8	0.00903986	0.00866684	
1347	0.00860672	0.00865528	
1347.2	0.00900908	0.00864374	
1347.4	0.00902165	0.00863222	
1347.6	0.0082575	0.00862071	
1347.8	0.0084524	0.00860921	
1348	0.0091594	0.00859773	
1348.2	0.00825576	0.00858627	
1348.4	0.00813423	0.00857482	
1348.6	0.00849515	0.00856338	
1348.8	0.00823127	0.00855197	
1349	0.00770733	0.00854056	
1349.2	0.00818745	0.00852917	
1349.4	0.00803615	0.0085178	
1349.6	0.00720278	0.00850644	
1349.8	0.008024	0.0084951	
1350	0.00817653	0.00848377	
1350.2	0.00772224	0.00847246	
1350.4	0.00796956	0.00846116	
1350.6	0.00796129	0.00844988	
1350.8	0.00745131	0.00843861	
1351	0.00772902	0.00842736	
1351.2	0.00799586	0.00841613	
1351.4	0.00718665	0.0084049	
1351.6	0.00759899	0.0083937	
1351.8	0.00840027	0.0083825	
1352	0.00811182	0.00837133	
1352.2	0.00826686	0.00836016	
1352.4	0.00890818	0.00834902	
1352.6	0.00836712	0.00833788	
1352.8	0.00790334	0.00832677	
1353	0.00785216	0.00831566	
1353.2	0.00772712	0.00830457	
1353.4	0.00690059	0.0082935	
1353.6	0.00746625	0.00828244	
1353.8	0.00751436	0.0082714	
1354	0.00669311	0.00826037	
1354.2	0.00660725	0.00824936	
1354.4	0.00638353	0.00823836	
1354.6	0.00564043	0.00822737	
1354.8	0.00644602	0.0082164	
1355	0.00716665	0.00820544	
1355.2	0.00677073	0.0081945	
1355.4	0.00745367	0.00818358	
1355.6	0.00834835	0.00817266	
1355.8	0.00820914	0.00816177	
1356	0.00841227	0.00815088	
1356.2	0.00942375	0.00814002	
1356.4	0.00882615	0.00812916	
1356.6	0.00814429	0.00811832	
1356.8	0.00868895	0.0081075	
1357	0.00836218	0.00809669	
1357.2	0.0078856	0.00808589	
1357.4	0.00790192	0.00807511	
1357.6	0.00764182	0.00806434	
1357.8	0.00685347	0.00805359	
1358	0.00677874	0.00804285	
1358.2	0.00649707	0.00803212	
1358.4	0.00599388	0.00802141	
1358.6	0.00676597	0.00801072	
1358.8	0.00714343	0.00800004	
1359	0.00619149	0.00798937	
1359.2	0.00644255	0.00797872	
1359.4	0.00699673	0.00796808	
1359.6	0.00655608	0.00795745	
1359.8	0.00697116	0.00794684	
1360	0.00752001	0.00793625	
1360.2	0.0070699	0.00792566	
1360.4	0.00647889	0.0079151	
1360.6	0.00673648	0.00790454	
1360.8	0.00676819	0.007894	
1361	0.00615317	0.00788348	
1361.2	0.00638381	0.00787296	
1361.4	0.00618737	0.00786247	
1361.6	0.00566933	0.00785198	
1361.8	0.00620236	0.00784151	
1362	0.00617738	0.00783106	
1362.2	0.00568121	0.00782061	
1362.4	0.00638418	0.00781019	
1362.6	0.00703869	0.00779977	
1362.8	0.00612214	0.00778937	
1363	0.00614043	0.00777899	
1363.2	0.00691984	0.00776861	
1363.4	0.00685444	0.00775825	
1363.6	0.00683244	0.00774791	
1363.8	0.00756626	0.00773758	
1364	0.00672514	0.00772726	
1364.2	0.00631573	0.00771696	
1364.4	0.00677146	0.00770667	
1364.6	0.00662315	0.00769639	
1364.8	0.00638946	0.00768613	
1365	0.00689376	0.00767588	
1365.2	0.00679224	0.00766564	
1365.4	0.00635044	0.00765542	
1365.6	0.00655641	0.00764522	
1365.8	0.00670242	0.00763502	
1366	0.00575215	0.00762484	
1366.2	0.00612498	0.00761467	
1366.4	0.00644295	0.00760452	
1366.6	0.00581309	0.00759438	
1366.8	0.00558709	0.00758425	
1367	0.00610332	0.00757414	
1367.2	0.00600561	0.00756404	
1367.4	0.0059446	0.00755396	
1367.6	0.00617775	0.00754388	
1367.8	0.00591787	0.00753382	
1368	0.00519748	0.00752378	
1368.2	0.00580083	0.00751375	
1368.4	0.00587027	0.00750373	
1368.6	0.00580623	0.00749372	
1368.8	0.00639524	0.00748373	
1369	0.00689224	0.00747375	
1369.2	0.00624627	0.00746378	
1369.4	0.0066871	0.00745383	
1369.6	0.00677487	0.00744389	
1369.8	0.00627453	0.00743397	
1370	0.00642006	0.00742405	
1370.2	0.00716682	0.00741416	
1370.4	0.00636053	0.00740427	
1370.6	0.00638847	0.0073944	
1370.8	0.00627618	0.00738454	
1371	0.00538009	0.00737469	
1371.2	0.00517979	0.00736486	
1371.4	0.00546038	0.00735504	
1371.6	0.00545299	0.00734523	
1371.8	0.00469337	0.00733543	
1372	0.00512077	0.00732565	
1372.2	0.00516895	0.00731589	
1372.4	0.00505028	0.00730613	
1372.6	0.00565695	0.00729639	
1372.8	0.00570011	0.00728666	
1373	0.00557264	0.00727694	
1373.2	0.00558851	0.00726724	
1373.4	0.00623356	0.00725755	
1373.6	0.00613669	0.00724787	
1373.8	0.00622618	0.00723821	
1374	0.00642532	0.00722856	
1374.2	0.00569525	0.00721892	
1374.4	0.00550188	0.00720929	
1374.6	0.00541099	0.00719968	
1374.8	0.00408883	0.00719008	
1375	0.00368802	0.00718049	
1375.2	0.00434468	0.00717092	
1375.4	0.00444984	0.00716136	
1375.6	0.0041717	0.00715181	
1375.8	0.0041277	0.00714227	
1376	0.00433191	0.00713275	
1376.2	0.00380255	0.00712324	
1376.4	0.00397659	0.00711374	
1376.6	0.00386955	0.00710425	
1376.8	0.00347735	0.00709478	
1377	0.00378855	0.00708532	
1377.2	0.0039341	0.00707587	
1377.4	0.00362172	0.00706644	
1377.6	0.00384379	0.00705701	
1377.8	0.00403951	0.0070476	
1378	0.00323085	0.00703821	
1378.2	0.00320654	0.00702882	
1378.4	0.00395276	0.00701945	
1378.6	0.00339364	0.00701009	
1378.8	0.00291531	0.00700074	
1379	0.00320333	0.00699141	
1379.2	0.00346755	0.00698209	
1379.4	0.00300646	0.00697278	
1379.6	0.00305527	0.00696348	
1379.8	0.00297704	0.00695419	
1380	0.0022044	0.00694492	
1380.2	0.00236232	0.00693566	
1380.4	0.00259453	0.00692641	
1380.6	0.0022402	0.00691718	
1380.8	0.00246374	0.00690795	
1381	0.00307169	0.00689874	
1381.2	0.00265592	0.00688954	
1381.4	0.0024073	0.00688036	
1381.6	0.00303101	0.00687118	
1381.8	0.00257272	0.00686202	
1382	0.00203415	0.00685287	
1382.2	0.00270106	0.00684373	
1382.4	0.00241663	0.00683461	
1382.6	0.00202811	0.00682549	
1382.8	0.00230425	0.00681639	
1383	0.00191732	0.0068073	
1383.2	0.00186201	0.00679823	
1383.4	0.00206169	0.00678916	
1383.6	0.00212684	0.00678011	
1383.8	0.00165785	0.00677107	
1384	0.00201135	0.00676204	
1384.2	0.00252153	0.00675302	
1384.4	0.00242676	0.00674402	
1384.6	0.00258907	0.00673503	
1384.8	0.00325884	0.00672604	
1385	0.0032621	0.00671708	
1385.2	0.00293736	0.00670812	
1385.4	0.00346414	0.00669917	
1385.6	0.00335733	0.00669024	
1385.8	0.0032402	0.00668132	
1386	0.00408488	0.00667241	
1386.2	0.00367963	0.00666352	
1386.4	0.00269446	0.00665463	
1386.6	0.00312681	0.00664576	
1386.8	0.00281827	0.0066369	
1387	0.0018741	0.00662805	
1387.2	0.00291266	0.00661921	
1387.4	0.00327344	0.00661038	
1387.6	0.00234479	0.00660157	
1387.8	0.00246494	0.00659276	
1388	0.00283565	0.00658397	
1388.2	0.00180837	0.00657519	
1388.4	0.00194589	0.00656643	
1388.6	0.00241003	0.00655767	
1388.8	0.00229251	0.00654893	
1389	0.00218806	0.00654019	
1389.2	0.00281795	0.00653147	
1389.4	0.00287119	0.00652276	
1389.6	0.00242694	0.00651407	
1389.8	0.00314432	0.00650538	
1390	0.00305888	0.00649671	
1390.2	0.00183239	0.00648804	
1390.4	0.00176523	0.00647939	
1390.6	0.00179918	0.00647075	
1390.8	0.00107764	0.00646213	
1391	0.00152611	0.00645351	
1391.2	0.00211095	0.0064449	
1391.4	0.00131867	0.00643631	
1391.6	0.00080191	0.00642773	
1391.8	0.00096371	0.00641916	
1392	0.00025389	0.0064106	
1392.2	-0.00002748	0.00640205	
1392.4	0.00066143	0.00639351	
1392.6	0.00033217	0.00638499	
1392.8	0.00042275	0.00637647	
1393	0.00073582	0.00636797	
1393.2	0.00069212	0.00635948	
1393.4	0.00013311	0.006351	
1393.6	0.00046558	0.00634253	
1393.8	0.00041093	0.00633407	
1394	-0.00005222	0.00632563	
1394.2	-0.00003873	0.00631719	
1394.4	0.00016383	0.00630877	
1394.6	-0.00014494	0.00630036	
1394.8	0.00040987	0.00629196	
1395	0.00086027	0.00628357	
1395.2	0.00022114	0.00627519	
1395.4	0.00050368	0.00626682	
1395.6	0.00042051	0.00625847	
1395.8	0.00011353	0.00625012	
1396	0.00013734	0.00624179	
1396.2	0.00082288	0.00623346	
1396.4	0.00033962	0.00622515	
1396.6	0.00030231	0.00621685	
1396.8	0.00073149	0.00620856	
1397	0.00041264	0.00620028	
1397.2	0.00034003	0.00619202	
1397.4	0.00045083	0.00618376	
1397.6	0.00043851	0.00617551	
1397.8	0.00020797	0.00616728	
1398	0.00062598	0.00615906	
1398.2	0.00047994	0.00615084	
1398.4	0.0003006	0.00614264	
1398.6	0.00087486	0.00613445	
1398.8	0.00127603	0.00612627	
1399	0.00049376	0.0061181	
1399.2	0.00058442	0.00610994	
1399.4	0.0007388	0.0061018	
1399.6	-0.00009507	0.00609366	
1399.8	-0.00000166	0.00608554	
1400	0.0001474	0.00607742	
1400.2	-0.00049088	0.00606932	
1400.4	-0.00140698	0.00606122	
1400.6	-0.00092948	0.00605314	
1400.8	-0.00121844	0.00604507	
1401	-0.00169434	0.00603701	
1401.2	-0.00120958	0.00602896	
1401.4	-0.00126768	0.00602092	
1401.6	-0.00191643	0.00601289	
1401.8	-0.00134352	0.00600488	
1402	-0.00112778	0.00599687	
1402.2	-0.00141877	0.00598887	
1402.4	-0.00081509	0.00598089	
1402.6	0.000053	0.00597291	
1402.8	-0.00050844	0.00596495	
1403	-0.00064388	0.00595699	
1403.2	0.00058343	0.00594905	
1403.4	0.00040561	0.00594112	
1403.6	0.00051265	0.0059332	
1403.8	0.00120167	0.00592528	
1404	0.00076621	0.00591738	
1404.2	0.00037679	0.00590949	
1404.4	0.00074713	0.00590161	
1404.6	0.00073235	0.00589374	
1404.8	0.00003111	0.00588589	
1405	0.00005361	0.00587804	
1405.2	0.00021961	0.0058702	
1405.4	-0.00044366	0.00586237	
1405.6	-0.00079092	0.00585456	
1405.8	-0.00010635	0.00584675	
1406	-0.00044405	0.00583895	
1406.2	-0.00065592	0.00583117	
1406.4	-0.00005415	0.00582339	
1406.6	-0.00036043	0.00581563	
1406.8	-0.00057146	0.00580787	
1407	0.00005221	0.00580013	
1407.2	0.00035802	0.00579239	
1407.4	-0.00003372	0.00578467	
1407.6	0.00072051	0.00577696	
1407.8	0.00057872	0.00576925	
1408	0.00009766	0.00576156	
1408.2	0.00056259	0.00575388	
1408.4	0.00054903	0.00574621	
1408.6	-0.00013321	0.00573854	
1408.8	0.00001376	0.00573089	
1409	0.00026662	0.00572325	
1409.2	-0.00037689	0.00571562	
1409.4	-0.0004409	0.005708	
1409.6	-0.00042271	0.00570039	
1409.8	-0.00102281	0.00569279	
1410	-0.00177117	0.0056852	
1410.2	-0.00191443	0.00567761	
1410.4	-0.00201672	0.00567004	
1410.6	-0.00275422	0.00566248	
1410.8	-0.00220485	0.00565493	
1411	-0.00215677	0.00564739	
1411.2	-0.00238735	0.00563986	
1411.4	-0.00183865	0.00563234	
1411.6	-0.00129967	0.00562483	
1411.8	-0.0022427	0.00561733	
1412	-0.00177963	0.00560984	
1412.2	-0.00116595	0.00560236	
1412.4	-0.00141348	0.00559489	
1412.6	-0.00124917	0.00558743	
1412.8	-0.00032603	0.00557998	
1413	-0.00068191	0.00557254	
1413.2	-0.00067584	0.00556511	
1413.4	-0.00014701	0.00555769	
1413.6	-0.00091128	0.00555028	
1413.8	-0.00199159	0.00554288	
1414	-0.00165444	0.00553549	
1414.2	-0.00150918	0.00552811	
1414.4	-0.00184498	0.00552073	
1414.6	-0.00174603	0.00551337	
1414.8	-0.00159138	0.00550602	
1415	-0.00203567	0.00549868	
1415.2	-0.00159871	0.00549135	
1415.4	-0.00115039	0.00548403	
1415.6	-0.00198379	0.00547671	
1415.8	-0.00233344	0.00546941	
1416	-0.00201352	0.00546212	
1416.2	-0.00251231	0.00545483	
1416.4	-0.00273213	0.00544756	
1416.6	-0.00204662	0.0054403	
1416.8	-0.00222698	0.00543304	
1417	-0.00326365	0.0054258	
1417.2	-0.00304856	0.00541856	
1417.4	-0.00330627	0.00541134	
1417.6	-0.00452374	0.00540412	
1417.8	-0.00439738	0.00539692	
1418	-0.00418961	0.00538972	
1418.2	-0.00461455	0.00538253	
1418.4	-0.00457841	0.00537536	
1418.6	-0.00440271	0.00536819	
1418.8	-0.0050498	0.00536103	
1419	-0.0046751	0.00535388	
1419.2	-0.00386702	0.00534674	
1419.4	-0.0044073	0.00533961	
1419.6	-0.00438633	0.00533249	
1419.8	-0.00365614	0.00532538	
1420	-0.0043262	0.00531828	
1420.2	-0.00447621	0.00531119	
1420.4	-0.00398015	0.00530411	
1420.6	-0.0038992	0.00529704	
1420.8	-0.00476923	0.00528997	
1421	-0.00444516	0.00528292	
1421.2	-0.00402322	0.00527588	
1421.4	-0.00442692	0.00526884	
1421.6	-0.00442249	0.00526182	
1421.8	-0.00431285	0.0052548	
1422	-0.00491094	0.00524779	
1422.2	-0.00474474	0.0052408	
1422.4	-0.00405674	0.00523381	
1422.6	-0.00470725	0.00522683	
1422.8	-0.00508967	0.00521986	
1423	-0.00410807	0.0052129	
1423.2	-0.00423606	0.00520595	
1423.4	-0.00467872	0.00519901	
1423.6	-0.00392788	0.00519207	
1423.8	-0.00410364	0.00518515	
1424	-0.00489004	0.00517824	
1424.2	-0.00372879	0.00517133	
1424.4	-0.00355097	0.00516444	
1424.6	-0.00345019	0.00515755	
1424.8	-0.00287211	0.00515067	
1425	-0.00183886	0.0051438	
1425.2	-0.00249896	0.00513695	
1425.4	-0.00299618	0.0051301	
1425.6	-0.00257584	0.00512326	
1425.8	-0.00330646	0.00511642	
1426	-0.00342427	0.0051096	
1426.2	-0.00281328	0.00510279	
1426.4	-0.00318675	0.00509598	
1426.6	-0.00379435	0.00508919	
1426.8	-0.00335187	0.0050824	
1427	-0.00329864	0.00507563	
1427.2	-0.00406234	0.00506886	
1427.4	-0.00352587	0.0050621	
1427.6	-0.003296	0.00505535	
1427.8	-0.00356212	0.00504861	
1428	-0.00348997	0.00504188	
1428.2	-0.00291584	0.00503515	
1428.4	-0.00343022	0.00502844	
1428.6	-0.00304073	0.00502174	
1428.8	-0.00248043	0.00501504	
1429	-0.00295758	0.00500835	
1429.2	-0.00351697	0.00500167	
1429.4	-0.00322555	0.00499501	
1429.6	-0.0033257	0.00498834	
1429.8	-0.00384711	0.00498169	
1430	-0.00321095	0.00497505	
1430.2	-0.00308874	0.00496842	
1430.4	-0.00373499	0.00496179	
1430.6	-0.00325758	0.00495518	
1430.8	-0.0029014	0.00494857	
1431	-0.00342195	0.00494197	
1431.2	-0.00356977	0.00493538	
1431.4	-0.00293683	0.0049288	
1431.6	-0.00399924	0.00492223	
1431.8	-0.0041423	0.00491566	
1432	-0.00386053	0.00490911	
1432.2	-0.00451462	0.00490256	
1432.4	-0.004855	0.00489603	
1432.6	-0.00447994	0.0048895	
1432.8	-0.00490339	0.00488298	
1433	-0.00547954	0.00487647	
1433.2	-0.00525986	0.00486997	
1433.4	-0.00539732	0.00486347	
1433.6	-0.00588161	0.00485699	
1433.8	-0.00554852	0.00485051	
1434	-0.00491807	0.00484404	
1434.2	-0.00527898	0.00483758	
1434.4	-0.00490066	0.00483113	
1434.6	-0.00405678	0.00482469	
1434.8	-0.00398469	0.00481826	
1435	-0.00391618	0.00481183	
1435.2	-0.00329978	0.00480542	
1435.4	-0.00292381	0.00479901	
1435.6	-0.00338791	0.00479261	
1435.8	-0.00272943	0.00478622	
1436	-0.00275492	0.00477984	
1436.2	-0.00379674	0.00477346	
1436.4	-0.00345347	0.0047671	
1436.6	-0.00312621	0.00476074	
1436.8	-0.00414363	0.00475439	
1437	-0.00423236	0.00474806	
1437.2	-0.00435531	0.00474172	
1437.4	-0.00513738	0.0047354	
1437.6	-0.00540431	0.00472909	
1437.8	-0.00568711	0.00472278	
1438	-0.00603587	0.00471648	
1438.2	-0.00641637	0.00471019	
1438.4	-0.00626797	0.00470391	
1438.6	-0.00635779	0.00469764	
1438.8	-0.00666178	0.00469138	
1439	-0.00652172	0.00468512	
1439.2	-0.00651546	0.00467888	
1439.4	-0.0068017	0.00467264	
1439.6	-0.00688995	0.00466641	
1439.8	-0.00670346	0.00466018	
