Conc1	1E-07	
Start1	1020	
Stop1	1439.8	
Kobs	0.00667149751962277	
Error Kobs	0.000270021651385573	
Koff	0	
Error Koff	0	
Time1	Data1	Fit1	
1020	0.01271417	0	
1020.2	0.01142563	0.00030168	
1020.4	0.00998304	0.00060169	
1020.6	0.00902805	0.00090004	
1020.8	0.00792391	0.00119675	
1021	0.00682411	0.00149182	
1021.2	0.00628736	0.00178525	
1021.4	0.00605433	0.00207707	
1021.6	0.00575842	0.00236727	
1021.8	0.00602698	0.00265587	
1022	0.00663643	0.00294288	
1022.2	0.00777578	0.0032283	
1022.4	0.00837885	0.00351214	
1022.6	0.0095008	0.00379442	
1022.8	0.01017401	0.00407514	
1023	0.01059814	0.0043543	
1023.2	0.0111464	0.00463193	
1023.4	0.0115587	0.00490802	
1023.6	0.01221132	0.00518258	
1023.8	0.0127769	0.00545563	
1024	0.01312494	0.00572717	
1024.2	0.01353503	0.00599721	
1024.4	0.01374546	0.00626576	
1024.6	0.01405944	0.00653282	
1024.8	0.014144	0.00679841	
1025	0.01478759	0.00706254	
1025.2	0.01524005	0.0073252	
1025.4	0.01542176	0.00758641	
1025.6	0.01587508	0.00784618	
1025.8	0.01672953	0.00810452	
1026	0.01703479	0.00836142	
1026.2	0.01782848	0.00861691	
1026.4	0.0180315	0.00887099	
1026.6	0.01840829	0.00912366	
1026.8	0.01910117	0.00937494	
1027	0.01935627	0.00962483	
1027.2	0.02017184	0.00987334	
1027.4	0.02070317	0.01012047	
1027.6	0.02089933	0.01036624	
1027.8	0.02112987	0.01061066	
1028	0.0212159	0.01085372	
1028.2	0.02172061	0.01109544	
1028.4	0.02209297	0.01133582	
1028.6	0.02269242	0.01157488	
1028.8	0.02361357	0.01181262	
1029	0.02413711	0.01204904	
1029.2	0.02450655	0.01228416	
1029.4	0.02525015	0.01251798	
1029.6	0.02622613	0.0127505	
1029.8	0.02669298	0.01298175	
1030	0.02681152	0.01321171	
1030.2	0.02726614	0.01344041	
1030.4	0.02721919	0.01366784	
1030.6	0.02720661	0.01389401	
1030.8	0.02772341	0.01411894	
1031	0.02796312	0.01434262	
1031.2	0.02824941	0.01456507	
1031.4	0.02838908	0.01478628	
1031.6	0.02813413	0.01500628	
1031.8	0.02811417	0.01522506	
1032	0.02834792	0.01544263	
1032.2	0.02892656	0.015659	
1032.4	0.02922213	0.01587418	
1032.6	0.02936811	0.01608817	
1032.8	0.02953543	0.01630097	
1033	0.02967996	0.0165126	
1033.2	0.03036399	0.01672306	
1033.4	0.03071888	0.01693236	
1033.6	0.03069956	0.0171405	
1033.8	0.03061637	0.01734749	
1034	0.03049528	0.01755334	
1034.2	0.03056165	0.01775805	
1034.4	0.03071991	0.01796163	
1034.6	0.03095987	0.01816408	
1034.8	0.03141546	0.01836542	
1035	0.03174674	0.01856564	
1035.2	0.03205439	0.01876476	
1035.4	0.03241925	0.01896278	
1035.6	0.03227457	0.0191597	
1035.8	0.03236909	0.01935554	
1036	0.03235159	0.0195503	
1036.2	0.0322977	0.01974398	
1036.4	0.03227181	0.01993659	
1036.6	0.0323383	0.02012813	
1036.8	0.03287235	0.02031862	
1037	0.03330166	0.02050805	
1037.2	0.033593	0.02069644	
1037.4	0.03370591	0.02088379	
1037.6	0.033595	0.0210701	
1037.8	0.03384539	0.02125538	
1038	0.03415968	0.02143964	
1038.2	0.03433894	0.02162289	
1038.4	0.03452567	0.02180512	
1038.6	0.03477817	0.02198634	
1038.8	0.03491629	0.02216656	
1039	0.03479584	0.02234579	
1039.2	0.03499498	0.02252402	
1039.4	0.03479271	0.02270128	
1039.6	0.0345593	0.02287755	
1039.8	0.03497578	0.02305285	
1040	0.0352305	0.02322718	
1040.2	0.03545165	0.02340055	
1040.4	0.03565437	0.02357296	
1040.6	0.03593322	0.02374441	
1040.8	0.03627059	0.02391492	
1041	0.03630078	0.02408449	
1041.2	0.03686236	0.02425312	
1041.4	0.03723059	0.02442082	
1041.6	0.03768033	0.0245876	
1041.8	0.0379528	0.02475345	
1042	0.03811025	0.02491839	
1042.2	0.03824879	0.02508241	
1042.4	0.03800892	0.02524553	
1042.6	0.03777215	0.02540775	
1042.8	0.03774096	0.02556907	
1043	0.03743546	0.0257295	
1043.2	0.03743836	0.02588904	
1043.4	0.03759071	0.02604771	
1043.6	0.0378648	0.02620549	
1043.8	0.03836785	0.02636241	
1044	0.03867495	0.02651846	
1044.2	0.03859764	0.02667364	
1044.4	0.03885586	0.02682797	
1044.6	0.03882225	0.02698145	
1044.8	0.03896592	0.02713408	
1045	0.03918949	0.02728586	
1045.2	0.03976131	0.02743681	
1045.4	0.0395715	0.02758692	
1045.6	0.03974016	0.02773621	
1045.8	0.03923496	0.02788466	
1046	0.03915817	0.0280323	
1046.2	0.03909226	0.02817913	
1046.4	0.03850547	0.02832514	
1046.6	0.03858933	0.02847034	
1046.8	0.03882033	0.02861475	
1047	0.03841432	0.02875835	
1047.2	0.0382606	0.02890117	
1047.4	0.03857095	0.02904319	
1047.6	0.03838818	0.02918443	
1047.8	0.03843516	0.02932489	
1048	0.03864465	0.02946457	
1048.2	0.03862076	0.02960348	
1048.4	0.03890148	0.02974163	
1048.6	0.03890897	0.02987901	
1048.8	0.03909006	0.03001563	
1049	0.03945845	0.0301515	
1049.2	0.03964978	0.03028661	
1049.4	0.03972245	0.03042098	
1049.6	0.03989117	0.03055461	
1049.8	0.03996853	0.0306875	
1050	0.04032388	0.03081966	
1050.2	0.04087897	0.03095108	
1050.4	0.0408768	0.03108178	
1050.6	0.04107457	0.03121176	
1050.8	0.04115923	0.03134102	
1051	0.04105426	0.03146956	
1051.2	0.0409748	0.0315974	
1051.4	0.04088094	0.03172453	
1051.6	0.04054085	0.03185095	
1051.8	0.04038631	0.03197668	
1052	0.04028872	0.03210172	
1052.2	0.04036257	0.03222606	
1052.4	0.04016651	0.03234972	
1052.6	0.03999489	0.03247269	
1052.8	0.03975573	0.03259498	
1053	0.04002734	0.0327166	
1053.2	0.04037904	0.03283755	
1053.4	0.04040066	0.03295783	
1053.6	0.04064201	0.03307744	
1053.8	0.04116754	0.0331964	
1054	0.04132538	0.03331469	
1054.2	0.04176097	0.03343233	
1054.4	0.04187714	0.03354933	
1054.6	0.04215915	0.03366567	
1054.8	0.04248708	0.03378138	
1055	0.04294423	0.03389644	
1055.2	0.04314002	0.03401087	
1055.4	0.04327269	0.03412467	
1055.6	0.04362524	0.03423784	
1055.8	0.04358467	0.03435038	
1056	0.04377802	0.0344623	
1056.2	0.04405706	0.0345736	
1056.4	0.04374454	0.03468429	
1056.6	0.04344595	0.03479437	
1056.8	0.04308427	0.03490384	
1057	0.04333089	0.0350127	
1057.2	0.04350744	0.03512096	
1057.4	0.04309973	0.03522863	
1057.6	0.04344553	0.0353357	
1057.8	0.04320711	0.03544218	
1058	0.04311942	0.03554807	
1058.2	0.04284073	0.03565337	
1058.4	0.04297529	0.0357581	
1058.6	0.04267347	0.03586224	
1058.8	0.04262927	0.03596581	
1059	0.04296353	0.03606881	
1059.2	0.0426776	0.03617124	
1059.4	0.04235817	0.0362731	
1059.6	0.04235253	0.0363744	
1059.8	0.04202834	0.03647514	
1060	0.04226868	0.03657532	
1060.2	0.04210306	0.03667495	
1060.4	0.04174946	0.03677403	
1060.6	0.04160183	0.03687257	
1060.8	0.0418107	0.03697055	
1061	0.04213401	0.037068	
1061.2	0.04241475	0.03716491	
1061.4	0.04231998	0.03726128	
1061.6	0.04277753	0.03735713	
1061.8	0.04282851	0.03745244	
1062	0.04327245	0.03754722	
1062.2	0.04313938	0.03764148	
1062.4	0.04378119	0.03773522	
1062.6	0.04405929	0.03782845	
1062.8	0.04419473	0.03792116	
1063	0.04424593	0.03801335	
1063.2	0.0437338	0.03810504	
1063.4	0.04376284	0.03819622	
1063.6	0.04386498	0.03828689	
1063.8	0.04399668	0.03837707	
1064	0.04412471	0.03846675	
1064.2	0.04432433	0.03855593	
1064.4	0.04435435	0.03864462	
1064.6	0.04412687	0.03873282	
1064.8	0.04377276	0.03882053	
1065	0.04363041	0.03890776	
1065.2	0.04355139	0.0389945	
1065.4	0.04312287	0.03908077	
1065.6	0.04318733	0.03916656	
1065.8	0.04294557	0.03925188	
1066	0.04288886	0.03933672	
1066.2	0.04300893	0.0394211	
1066.4	0.04332813	0.03950501	
1066.6	0.04323174	0.03958845	
1066.8	0.0432363	0.03967144	
1067	0.04343231	0.03975397	
1067.2	0.04351115	0.03983604	
1067.4	0.04371258	0.03991766	
1067.6	0.04352661	0.03999882	
1067.8	0.04379525	0.04007954	
1068	0.0441178	0.04015981	
1068.2	0.0443286	0.04023964	
1068.4	0.04426859	0.04031903	
1068.6	0.04424696	0.04039798	
1068.8	0.04434528	0.04047649	
1069	0.04449512	0.04055457	
1069.2	0.04431438	0.04063222	
1069.4	0.04429845	0.04070944	
1069.6	0.04427874	0.04078623	
1069.8	0.04427561	0.0408626	
1070	0.04438232	0.04093855	
1070.2	0.0446442	0.04101408	
1070.4	0.04427274	0.04108919	
1070.6	0.04428796	0.04116388	
1070.8	0.04431577	0.04123817	
1071	0.04410748	0.04131204	
1071.2	0.04355529	0.0413855	
1071.4	0.04317591	0.04145856	
1071.6	0.04315413	0.04153122	
1071.8	0.0434057	0.04160347	
1072	0.04361842	0.04167532	
1072.2	0.04360687	0.04174678	
1072.4	0.04364436	0.04181784	
1072.6	0.04386864	0.04188851	
1072.8	0.04420373	0.04195879	
1073	0.04428849	0.04202868	
1073.2	0.04457632	0.04209819	
1073.4	0.04508034	0.04216731	
1073.6	0.04551795	0.04223605	
1073.8	0.04569452	0.04230441	
1074	0.045759	0.04237239	
1074.2	0.0459726	0.04244	
1074.4	0.04561116	0.04250723	
1074.6	0.04546191	0.04257409	
1074.8	0.04520179	0.04264059	
1075	0.04513256	0.04270671	
1075.2	0.04510514	0.04277247	
1075.4	0.04530743	0.04283787	
1075.6	0.04523826	0.0429029	
1075.8	0.04468441	0.04296758	
1076	0.04457643	0.0430319	
1076.2	0.04435421	0.04309586	
1076.4	0.04424718	0.04315947	
1076.6	0.04442298	0.04322273	
1076.8	0.04455349	0.04328564	
1077	0.04473044	0.0433482	
1077.2	0.04487674	0.04341042	
1077.4	0.04533432	0.04347229	
1077.6	0.04544106	0.04353382	
1077.8	0.04521071	0.04359501	
1078	0.04530787	0.04365586	
1078.2	0.04525035	0.04371638	
1078.4	0.0449854	0.04377656	
1078.6	0.04487586	0.04383641	
1078.8	0.04489557	0.04389593	
1079	0.04498558	0.04395512	
1079.2	0.04500372	0.04401398	
1079.4	0.0448366	0.04407252	
1079.6	0.04418053	0.04413074	
1079.8	0.04358309	0.04418863	
1080	0.043553	0.0442462	
1080.2	0.04337879	0.04430346	
1080.4	0.04340046	0.0443604	
1080.6	0.0434942	0.04441702	
1080.8	0.04375269	0.04447334	
1081	0.04401676	0.04452934	
1081.2	0.04386121	0.04458503	
1081.4	0.04414971	0.04464041	
1081.6	0.04417561	0.04469549	
1081.8	0.04445684	0.04475026	
1082	0.04468628	0.04480473	
1082.2	0.04506352	0.0448589	
1082.4	0.04523554	0.04491277	
1082.6	0.04552166	0.04496635	
1082.8	0.04566392	0.04501962	
1083	0.04613695	0.04507261	
1083.2	0.04600988	0.0451253	
1083.4	0.04604318	0.0451777	
1083.6	0.04574052	0.04522981	
1083.8	0.04556164	0.04528163	
1084	0.04560297	0.04533316	
1084.2	0.04542417	0.04538442	
1084.4	0.04546837	0.04543538	
1084.6	0.04513475	0.04548607	
1084.8	0.04513742	0.04553648	
1085	0.04508701	0.0455866	
1085.2	0.04482016	0.04563645	
1085.4	0.0450485	0.04568603	
1085.6	0.04507097	0.04573533	
1085.8	0.04514362	0.04578436	
1086	0.04529919	0.04583312	
1086.2	0.0454277	0.04588161	
1086.4	0.04579411	0.04592983	
1086.6	0.04621241	0.04597778	
1086.8	0.04630059	0.04602547	
1087	0.04649101	0.0460729	
1087.2	0.04636086	0.04612006	
1087.4	0.04661287	0.04616697	
1087.6	0.04653399	0.04621361	
1087.8	0.04601159	0.04626	
1088	0.04610005	0.04630613	
1088.2	0.04600737	0.04635201	
1088.4	0.04594631	0.04639763	
1088.6	0.04531508	0.046443	
1088.8	0.04543477	0.04648812	
1089	0.0452149	0.04653299	
1089.2	0.04469037	0.04657761	
1089.4	0.04449562	0.04662199	
1089.6	0.04412029	0.04666612	
1089.8	0.04404878	0.04671001	
1090	0.04382731	0.04675365	
1090.2	0.043498	0.04679706	
1090.4	0.04398752	0.04684022	
1090.6	0.04395986	0.04688315	
1090.8	0.04432977	0.04692584	
1091	0.04442529	0.04696829	
1091.2	0.04431497	0.04701051	
1091.4	0.04444241	0.04705249	
1091.6	0.04433671	0.04709425	
1091.8	0.04452854	0.04713577	
1092	0.04492512	0.04717706	
1092.2	0.0450288	0.04721813	
1092.4	0.04489044	0.04725896	
1092.6	0.04450243	0.04729958	
1092.8	0.04472673	0.04733997	
1093	0.0445596	0.04738013	
1093.2	0.04422632	0.04742007	
1093.4	0.04404106	0.0474598	
1093.6	0.04392055	0.0474993	
1093.8	0.04391264	0.04753858	
1094	0.04363631	0.04757765	
1094.2	0.04385361	0.0476165	
1094.4	0.04422625	0.04765514	
1094.6	0.04448177	0.04769357	
1094.8	0.04490044	0.04773178	
1095	0.04466703	0.04776978	
1095.2	0.04462532	0.04780757	
1095.4	0.04528208	0.04784515	
1095.6	0.04533921	0.04788252	
1095.8	0.0458247	0.04791969	
1096	0.04524524	0.04795665	
1096.2	0.04526393	0.04799341	
1096.4	0.04491591	0.04802997	
1096.6	0.04488096	0.04806632	
1096.8	0.04479422	0.04810247	
1097	0.04445673	0.04813843	
1097.2	0.0442044	0.04817418	
1097.4	0.04434215	0.04820974	
1097.6	0.04431576	0.0482451	
1097.8	0.04413174	0.04828026	
1098	0.04422162	0.04831523	
1098.2	0.04425563	0.04835001	
1098.4	0.04435375	0.0483846	
1098.6	0.0448027	0.04841899	
1098.8	0.04497095	0.0484532	
1099	0.04488542	0.04848721	
1099.2	0.04513385	0.04852104	
1099.4	0.04559451	0.04855468	
1099.6	0.04534198	0.04858813	
1099.8	0.04524697	0.0486214	
1100	0.04485858	0.04865449	
1100.2	0.04487476	0.04868739	
1100.4	0.04506062	0.04872012	
1100.6	0.04527095	0.04875266	
1100.8	0.0456109	0.04878502	
1101	0.04580309	0.0488172	
1101.2	0.04618226	0.0488492	
1101.4	0.04653537	0.04888103	
1101.6	0.04642801	0.04891268	
1101.8	0.0461979	0.04894416	
1102	0.04666055	0.04897546	
1102.2	0.0467379	0.04900659	
1102.4	0.04711196	0.04903755	
1102.6	0.04694012	0.04906834	
1102.8	0.04661023	0.04909896	
1103	0.04635223	0.04912941	
1103.2	0.04613466	0.04915969	
1103.4	0.0458972	0.0491898	
1103.6	0.04563087	0.04921974	
1103.8	0.04541425	0.04924953	
1104	0.04526769	0.04927914	
1104.2	0.04455768	0.04930859	
1104.4	0.04453068	0.04933788	
1104.6	0.04461857	0.04936701	
1104.8	0.04499824	0.04939598	
1105	0.04458029	0.04942479	
1105.2	0.04477076	0.04945344	
1105.4	0.04476802	0.04948193	
1105.6	0.04456433	0.04951026	
1105.8	0.04467972	0.04953843	
1106	0.04527112	0.04956645	
1106.2	0.04514392	0.04959432	
1106.4	0.04489227	0.04962203	
1106.6	0.04453024	0.04964959	
1106.8	0.04455849	0.049677	
1107	0.04453141	0.04970425	
1107.2	0.0444462	0.04973136	
1107.4	0.04467512	0.04975831	
1107.6	0.04497568	0.04978512	
1107.8	0.04499759	0.04981177	
1108	0.04501876	0.04983828	
1108.2	0.04461906	0.04986465	
1108.4	0.04469586	0.04989087	
1108.6	0.04500188	0.04991694	
1108.8	0.04468656	0.04994287	
1109	0.04420391	0.04996866	
1109.2	0.04429874	0.0499943	
1109.4	0.04392855	0.0500198	
1109.6	0.04368522	0.05004516	
1109.8	0.04372534	0.05007038	
1110	0.04361512	0.05009547	
1110.2	0.04313774	0.05012041	
1110.4	0.04285822	0.05014521	
1110.6	0.04276201	0.05016988	
1110.8	0.04309692	0.05019442	
1111	0.04319328	0.05021881	
1111.2	0.04335883	0.05024307	
1111.4	0.043342	0.0502672	
1111.6	0.04392029	0.0502912	
1111.8	0.04448797	0.05031506	
1112	0.04504028	0.05033879	
1112.2	0.04486786	0.05036239	
1112.4	0.04484287	0.05038586	
1112.6	0.04491157	0.0504092	
1112.8	0.04493517	0.05043241	
1113	0.04516056	0.05045549	
1113.2	0.04531073	0.05047844	
1113.4	0.04506091	0.05050127	
1113.6	0.04537837	0.05052397	
1113.8	0.04526977	0.05054655	
1114	0.04528941	0.050569	
1114.2	0.0451691	0.05059133	
1114.4	0.0454671	0.05061353	
1114.6	0.04547312	0.05063561	
1114.8	0.04537149	0.05065757	
1115	0.04482182	0.05067941	
1115.2	0.04442354	0.05070113	
1115.4	0.0441267	0.05072272	
1115.6	0.0444411	0.0507442	
1115.8	0.04416615	0.05076556	
1116	0.04435181	0.0507868	
1116.2	0.04396279	0.05080793	
1116.4	0.04399176	0.05082894	
1116.6	0.04374951	0.05084983	
1116.8	0.04420905	0.0508706	
1117	0.04435003	0.05089126	
1117.2	0.04417825	0.05091181	
1117.4	0.04413822	0.05093224	
1117.6	0.0444132	0.05095257	
1117.8	0.04452348	0.05097277	
1118	0.04498707	0.05099287	
1118.2	0.04499331	0.05101286	
1118.4	0.04566117	0.05103273	
1118.6	0.04537757	0.0510525	
1118.8	0.04503128	0.05107215	
1119	0.04477517	0.0510917	
1119.2	0.04464882	0.05111114	
1119.4	0.04462859	0.05113047	
1119.6	0.04459779	0.0511497	
1119.8	0.04448606	0.05116882	
1120	0.04438368	0.05118783	
1120.2	0.04439426	0.05120674	
1120.4	0.04432408	0.05122555	
1120.6	0.04411127	0.05124425	
1120.8	0.04477221	0.05126284	
1121	0.04440622	0.05128134	
1121.2	0.04410083	0.05129973	
1121.4	0.04416783	0.05131802	
1121.6	0.04425167	0.05133621	
1121.8	0.0444808	0.0513543	
1122	0.0445537	0.05137229	
1122.2	0.04477385	0.05139018	
1122.4	0.04515235	0.05140797	
1122.6	0.04505981	0.05142566	
1122.8	0.04515195	0.05144326	
1123	0.04530585	0.05146076	
1123.2	0.04558495	0.05147816	
1123.4	0.04564062	0.05149546	
1123.6	0.04578425	0.05151267	
1123.8	0.04566338	0.05152979	
1124	0.04565933	0.05154681	
1124.2	0.04604667	0.05156373	
1124.4	0.04612212	0.05158057	
1124.6	0.04636288	0.0515973	
1124.8	0.04649382	0.05161395	
1125	0.04592256	0.05163051	
1125.2	0.04576975	0.05164697	
1125.4	0.0455713	0.05166334	
1125.6	0.04529345	0.05167962	
1125.8	0.04511273	0.05169582	
1126	0.04544453	0.05171192	
1126.2	0.04589249	0.05172793	
1126.4	0.04566047	0.05174386	
1126.6	0.04573931	0.0517597	
1126.8	0.04583488	0.05177545	
1127	0.04570572	0.05179111	
1127.2	0.04551625	0.05180668	
1127.4	0.04524246	0.05182217	
1127.6	0.0454455	0.05183758	
1127.8	0.04538773	0.0518529	
1128	0.04533908	0.05186813	
1128.2	0.04544587	0.05188328	
1128.4	0.04547144	0.05189835	
1128.6	0.04578241	0.05191334	
1128.8	0.04537848	0.05192824	
1129	0.04496517	0.05194306	
1129.2	0.04465247	0.05195779	
1129.4	0.04453927	0.05197245	
1129.6	0.04443025	0.05198702	
1129.8	0.04461362	0.05200152	
1130	0.04478738	0.05201593	
1130.2	0.04484823	0.05203026	
1130.4	0.0446092	0.05204452	
1130.6	0.04423735	0.0520587	
1130.8	0.04405284	0.05207279	
1131	0.04363493	0.05208681	
1131.2	0.0437129	0.05210076	
1131.4	0.04373837	0.05211462	
1131.6	0.04405626	0.05212841	
1131.8	0.04386483	0.05214213	
1132	0.04366565	0.05215576	
1132.2	0.0439446	0.05216932	
1132.4	0.04352877	0.05218281	
1132.6	0.04374758	0.05219622	
1132.8	0.04330273	0.05220956	
1133	0.04311927	0.05222283	
1133.2	0.04319	0.05223602	
1133.4	0.04309192	0.05224914	
1133.6	0.0431113	0.05226218	
1133.8	0.04323934	0.05227516	
1134	0.04363273	0.05228806	
1134.2	0.04370202	0.05230089	
1134.4	0.04370912	0.05231365	
1134.6	0.04353658	0.05232634	
1134.8	0.04412124	0.05233896	
1135	0.04464014	0.05235151	
1135.2	0.04502211	0.05236399	
1135.4	0.04526299	0.0523764	
1135.6	0.04563885	0.05238874	
1135.8	0.04490872	0.05240102	
1136	0.04481244	0.05241323	
1136.2	0.04445562	0.05242537	
1136.4	0.04367904	0.05243744	
1136.6	0.04373481	0.05244944	
1136.8	0.04335835	0.05246138	
1137	0.04295983	0.05247326	
1137.2	0.04308019	0.05248507	
1137.4	0.04259915	0.05249681	
1137.6	0.04235271	0.05250849	
1137.8	0.04243464	0.0525201	
1138	0.04262924	0.05253165	
1138.2	0.04234884	0.05254313	
1138.4	0.04259287	0.05255456	
1138.6	0.04275798	0.05256592	
1138.8	0.04314874	0.05257721	
1139	0.043209	0.05258845	
1139.2	0.04310606	0.05259962	
1139.4	0.04314781	0.05261073	
1139.6	0.04292453	0.05262178	
1139.8	0.04227919	0.05263276	
1140	0.06129495	0.05264374	
1140.2	0.06156881	0.05257355	
1140.4	0.06148691	0.05250345	
1140.6	0.06168686	0.05243344	
1140.8	0.06195777	0.05236352	
1141	0.06193787	0.0522937	
1141.2	0.0620692	0.05222397	
1141.4	0.06245797	0.05215433	
1141.6	0.06280113	0.05208479	
1141.8	0.06282824	0.05201534	
1142	0.06297244	0.05194598	
1142.2	0.06300182	0.05187672	
1142.4	0.06275581	0.05180755	
1142.6	0.0628436	0.05173846	
1142.8	0.06327985	0.05166948	
1143	0.06338329	0.05160058	
1143.2	0.06310931	0.05153177	
1143.4	0.06297629	0.05146306	
1143.6	0.0630017	0.05139444	
1143.8	0.06335603	0.05132591	
1144	0.06305346	0.05125747	
1144.2	0.06256454	0.05118913	
1144.4	0.06202879	0.05112087	
1144.6	0.06153344	0.0510527	
1144.8	0.06129281	0.05098463	
1145	0.06055127	0.05091665	
1145.2	0.05996313	0.05084875	
1145.4	0.05965673	0.05078095	
1145.6	0.05930731	0.05071324	
1145.8	0.05893234	0.05064562	
1146	0.05910586	0.05057809	
1146.2	0.05885943	0.05051065	
1146.4	0.05883737	0.05044329	
1146.6	0.05882553	0.05037603	
1146.8	0.05875397	0.05030886	
1147	0.05843977	0.05024178	
1147.2	0.05845355	0.05017479	
1147.4	0.05879949	0.05010788	
1147.6	0.05876499	0.05004107	
1147.8	0.05899869	0.04997434	
1148	0.05861495	0.04990771	
1148.2	0.05869609	0.04984116	
1148.4	0.05874643	0.0497747	
1148.6	0.05800667	0.04970833	
1148.8	0.05795685	0.04964205	
1149	0.05707441	0.04957585	
1149.2	0.05672413	0.04950975	
1149.4	0.05675969	0.04944373	
1149.6	0.05673169	0.0493778	
1149.8	0.05693656	0.04931196	
1150	0.05702401	0.04924621	
1150.2	0.05628752	0.04918055	
1150.4	0.05599453	0.04911497	
1150.6	0.05558737	0.04904948	
1150.8	0.05543805	0.04898407	
1151	0.0552266	0.04891876	
1151.2	0.05538852	0.04885353	
1151.4	0.05572102	0.04878839	
1151.6	0.05546531	0.04872333	
1151.8	0.05564235	0.04865836	
1152	0.05564742	0.04859348	
1152.2	0.05541719	0.04852869	
1152.4	0.05517095	0.04846398	
1152.6	0.05517511	0.04839936	
1152.8	0.05535678	0.04833482	
1153	0.05524627	0.04827037	
1153.2	0.05537617	0.04820601	
1153.4	0.05532447	0.04814173	
1153.6	0.05511607	0.04807754	
1153.8	0.05517413	0.04801343	
1154	0.05462367	0.04794941	
1154.2	0.05402486	0.04788547	
1154.4	0.05397521	0.04782162	
1154.6	0.05328054	0.04775785	
1154.8	0.0529986	0.04769417	
1155	0.05245347	0.04763058	
1155.2	0.05190093	0.04756707	
1155.4	0.05133883	0.04750364	
1155.6	0.05071461	0.0474403	
1155.8	0.05033724	0.04737704	
1156	0.04987366	0.04731387	
1156.2	0.04961136	0.04725078	
1156.4	0.04992986	0.04718777	
1156.6	0.05026125	0.04712485	
1156.8	0.05027731	0.04706202	
1157	0.05038541	0.04699926	
1157.2	0.05063541	0.04693659	
1157.4	0.05075463	0.04687401	
1157.6	0.05071237	0.04681151	
1157.8	0.0509062	0.04674909	
1158	0.05081054	0.04668675	
1158.2	0.05076119	0.0466245	
1158.4	0.05015734	0.04656233	
1158.6	0.05002329	0.04650024	
1158.8	0.05016409	0.04643824	
1159	0.05004803	0.04637632	
1159.2	0.0498158	0.04631448	
1159.4	0.04947111	0.04625272	
1159.6	0.04934535	0.04619105	
1159.8	0.04912023	0.04612946	
1160	0.04906246	0.04606795	
1160.2	0.04881428	0.04600652	
1160.4	0.04866768	0.04594518	
1160.6	0.04869851	0.04588391	
1160.8	0.04849258	0.04582273	
1161	0.04863523	0.04576163	
1161.2	0.04850383	0.04570061	
1161.4	0.04832748	0.04563967	
1161.6	0.04776248	0.04557882	
1161.8	0.0476187	0.04551804	
1162	0.04719531	0.04545735	
1162.2	0.04667424	0.04539673	
1162.4	0.04639809	0.0453362	
1162.6	0.04687065	0.04527575	
1162.8	0.04657947	0.04521538	
1163	0.04702139	0.04515509	
1163.2	0.0467096	0.04509488	
1163.4	0.04663368	0.04503475	
1163.6	0.04653714	0.0449747	
1163.8	0.04648182	0.04491473	
1164	0.04609114	0.04485484	
1164.2	0.04595782	0.04479503	
1164.4	0.04620617	0.0447353	
1164.6	0.04659877	0.04467565	
1164.8	0.04652959	0.04461608	
1165	0.04684005	0.04455659	
1165.2	0.0468951	0.04449717	
1165.4	0.04689771	0.04443784	
1165.6	0.04656513	0.04437859	
1165.8	0.04672063	0.04431941	
1166	0.04660606	0.04426032	
1166.2	0.04696937	0.0442013	
1166.4	0.04717391	0.04414236	
1166.6	0.0472868	0.0440835	
1166.8	0.04703448	0.04402472	
1167	0.04736874	0.04396602	
1167.2	0.04663643	0.04390739	
1167.4	0.04646947	0.04384884	
1167.6	0.04596035	0.04379038	
1167.8	0.04594721	0.04373199	
1168	0.04601329	0.04367367	
1168.2	0.04598639	0.04361544	
1168.4	0.04569184	0.04355728	
1168.6	0.04577764	0.0434992	
1168.8	0.04520337	0.0434412	
1169	0.04512559	0.04338327	
1169.2	0.04537614	0.04332543	
1169.4	0.04528134	0.04326766	
1169.6	0.04495668	0.04320996	
1169.8	0.04506619	0.04315235	
1170	0.04550714	0.04309481	
1170.2	0.04545777	0.04303734	
1170.4	0.0451328	0.04297996	
1170.6	0.04482793	0.04292265	
1170.8	0.04417202	0.04286541	
1171	0.0439042	0.04280826	
1171.2	0.04345841	0.04275117	
1171.4	0.04358391	0.04269417	
1171.6	0.04346702	0.04263724	
1171.8	0.04375255	0.04258039	
1172	0.04343675	0.04252361	
1172.2	0.04303589	0.04246691	
1172.4	0.04291507	0.04241028	
1172.6	0.04305189	0.04235373	
1172.8	0.04305665	0.04229726	
1173	0.04347018	0.04224086	
1173.2	0.04334392	0.04218453	
1173.4	0.04329524	0.04212829	
1173.6	0.04311115	0.04207211	
1173.8	0.04334248	0.04201601	
1174	0.04361678	0.04195999	
1174.2	0.04295907	0.04190404	
1174.4	0.04310978	0.04184816	
1174.6	0.04275634	0.04179236	
1174.8	0.04233145	0.04173664	
1175	0.04237854	0.04168098	
1175.2	0.04243997	0.04162541	
1175.4	0.04243852	0.0415699	
1175.6	0.04225117	0.04151447	
1175.8	0.04216586	0.04145912	
1176	0.04194863	0.04140383	
1176.2	0.04195947	0.04134863	
1176.4	0.04190258	0.04129349	
1176.6	0.04179865	0.04123843	
1176.8	0.04196255	0.04118344	
1177	0.04171048	0.04112853	
1177.2	0.04147404	0.04107369	
1177.4	0.04180968	0.04101892	
1177.6	0.04169914	0.04096422	
1177.8	0.04192103	0.0409096	
1178	0.04192295	0.04085505	
1178.2	0.04172694	0.04080058	
1178.4	0.04210487	0.04074617	
1178.6	0.04217941	0.04069184	
1178.8	0.04222002	0.04063758	
1179	0.04223948	0.0405834	
1179.2	0.04196044	0.04052928	
1179.4	0.04139215	0.04047524	
1179.6	0.04110594	0.04042127	
1179.8	0.04086649	0.04036737	
1180	0.04067992	0.04031354	
1180.2	0.04031733	0.04025979	
1180.4	0.03995222	0.04020611	
1180.6	0.03935404	0.0401525	
1180.8	0.03920047	0.04009896	
1181	0.03908127	0.04004549	
1181.2	0.03899304	0.03999209	
1181.4	0.03892643	0.03993876	
1181.6	0.0386196	0.03988551	
1181.8	0.03840322	0.03983233	
1182	0.03810757	0.03977921	
1182.2	0.03829625	0.03972617	
1182.4	0.03871824	0.0396732	
1182.6	0.03887996	0.0396203	
1182.8	0.03862935	0.03956747	
1183	0.03850032	0.03951471	
1183.2	0.03836241	0.03946202	
1183.4	0.03838215	0.0394094	
1183.6	0.03858214	0.03935685	
1183.8	0.03880447	0.03930437	
1184	0.03856452	0.03925196	
1184.2	0.03822677	0.03919963	
1184.4	0.03819519	0.03914736	
1184.6	0.03820916	0.03909516	
1184.8	0.03869984	0.03904303	
1185	0.03852956	0.03899097	
1185.2	0.03862471	0.03893898	
1185.4	0.03846011	0.03888705	
1185.6	0.03788392	0.0388352	
1185.8	0.03786352	0.03878342	
1186	0.03812922	0.0387317	
1186.2	0.03826454	0.03868006	
1186.4	0.03838683	0.03862848	
1186.6	0.03830391	0.03857698	
1186.8	0.03809612	0.03852554	
1187	0.03819337	0.03847417	
1187.2	0.03837128	0.03842286	
1187.4	0.03832332	0.03837163	
1187.6	0.03803091	0.03832047	
1187.8	0.03753707	0.03826937	
1188	0.03739606	0.03821834	
1188.2	0.0377071	0.03816738	
1188.4	0.03819637	0.03811649	
1188.6	0.03850143	0.03806566	
1188.8	0.03889041	0.0380149	
1189	0.03836915	0.03796422	
1189.2	0.03851182	0.03791359	
1189.4	0.03857365	0.03786304	
1189.6	0.03852673	0.03781255	
1189.8	0.03876634	0.03776213	
1190	0.03863135	0.03771178	
1190.2	0.03856606	0.0376615	
1190.4	0.03834411	0.03761128	
1190.6	0.03824182	0.03756113	
1190.8	0.03826399	0.03751104	
1191	0.03810634	0.03746102	
1191.2	0.03777925	0.03741107	
1191.4	0.03729986	0.03736119	
1191.6	0.03689188	0.03731137	
1191.8	0.03654803	0.03726162	
1192	0.03671035	0.03721193	
1192.2	0.03693677	0.03716232	
1192.4	0.03707366	0.03711276	
1192.6	0.03690865	0.03706328	
1192.8	0.03706973	0.03701386	
1193	0.03665228	0.0369645	
1193.2	0.03685336	0.03691521	
1193.4	0.03696033	0.03686599	
1193.6	0.0362049	0.03681683	
1193.8	0.03605618	0.03676774	
1194	0.03582901	0.03671871	
1194.2	0.03588251	0.03666975	
1194.4	0.0360644	0.03662086	
1194.6	0.03640257	0.03657203	
1194.8	0.03638044	0.03652326	
1195	0.03633377	0.03647456	
1195.2	0.03629006	0.03642592	
1195.4	0.03640874	0.03637735	
1195.6	0.03643153	0.03632885	
1195.8	0.03644844	0.03628041	
1196	0.0368829	0.03623203	
1196.2	0.03768392	0.03618372	
1196.4	0.03787661	0.03613547	
1196.6	0.03792518	0.03608729	
1196.8	0.03828	0.03603917	
1197	0.03774811	0.03599111	
1197.2	0.03772381	0.03594312	
1197.4	0.0372115	0.03589519	
1197.6	0.0366861	0.03584733	
1197.8	0.03671607	0.03579953	
1198	0.03616873	0.0357518	
1198.2	0.03596533	0.03570413	
1198.4	0.03605202	0.03565652	
1198.6	0.03543581	0.03560897	
1198.8	0.03497416	0.03556149	
1199	0.03487153	0.03551407	
1199.2	0.03449959	0.03546672	
1199.4	0.03421808	0.03541943	
1199.6	0.03407614	0.0353722	
1199.8	0.03395068	0.03532503	
1200	0.03417719	0.03527793	
1200.2	0.03440358	0.03523089	
1200.4	0.03440091	0.03518391	
1200.6	0.03432095	0.035137	
1200.8	0.03434496	0.03509015	
1201	0.03405279	0.03504336	
1201.2	0.0344483	0.03499663	
1201.4	0.03466725	0.03494996	
1201.6	0.03471554	0.03490336	
1201.8	0.03489495	0.03485682	
1202	0.03477656	0.03481034	
1202.2	0.03493619	0.03476393	
1202.4	0.03527199	0.03471757	
1202.6	0.03498515	0.03467128	
1202.8	0.03507296	0.03462505	
1203	0.03474206	0.03457888	
1203.2	0.03464472	0.03453277	
1203.4	0.03396062	0.03448672	
1203.6	0.0337466	0.03444074	
1203.8	0.03345923	0.03439482	
1204	0.03328022	0.03434895	
1204.2	0.03298621	0.03430315	
1204.4	0.03264369	0.03425741	
1204.6	0.03227328	0.03421173	
1204.8	0.03212875	0.03416611	
1205	0.03200293	0.03412056	
1205.2	0.03247042	0.03407506	
1205.4	0.03262903	0.03402962	
1205.6	0.03262459	0.03398425	
1205.8	0.03336433	0.03393893	
1206	0.03366138	0.03389368	
1206.2	0.03343202	0.03384849	
1206.4	0.03347496	0.03380335	
1206.6	0.03330212	0.03375828	
1206.8	0.03296263	0.03371326	
1207	0.03268404	0.03366831	
1207.2	0.03234103	0.03362342	
1207.4	0.03178254	0.03357858	
1207.6	0.03162634	0.03353381	
1207.8	0.03161307	0.0334891	
1208	0.03142026	0.03344444	
1208.2	0.03127497	0.03339985	
1208.4	0.03155034	0.03335531	
1208.6	0.03171979	0.03331083	
1208.8	0.03211694	0.03326642	
1209	0.03230183	0.03322206	
1209.2	0.03295098	0.03317776	
1209.4	0.03327574	0.03313352	
1209.6	0.03337379	0.03308934	
1209.8	0.03363736	0.03304522	
1210	0.03308678	0.03300116	
1210.2	0.03267077	0.03295715	
1210.4	0.03268528	0.03291321	
1210.6	0.03269757	0.03286932	
1210.8	0.03265481	0.03282549	
1211	0.03244746	0.03278172	
1211.2	0.03187326	0.03273801	
1211.4	0.03182579	0.03269436	
1211.6	0.03136806	0.03265076	
1211.8	0.03141921	0.03260722	
1212	0.03142938	0.03256375	
1212.2	0.03140655	0.03252032	
1212.4	0.03159854	0.03247696	
1212.6	0.03174085	0.03243366	
1212.8	0.03197269	0.03239041	
1213	0.03184655	0.03234722	
1213.2	0.03208392	0.03230409	
1213.4	0.03168187	0.03226101	
1213.6	0.03084883	0.032218	
1213.8	0.03096956	0.03217504	
1214	0.03059955	0.03213213	
1214.2	0.03071088	0.03208929	
1214.4	0.03056764	0.0320465	
1214.6	0.03088632	0.03200377	
1214.8	0.03087197	0.0319611	
1215	0.03020757	0.03191848	
1215.2	0.02994814	0.03187592	
1215.4	0.02984897	0.03183341	
1215.6	0.02941528	0.03179097	
1215.8	0.02980497	0.03174858	
1216	0.03009715	0.03170624	
1216.2	0.02991092	0.03166397	
1216.4	0.02987691	0.03162174	
1216.6	0.03029007	0.03157958	
1216.8	0.03034606	0.03153747	
1217	0.03065975	0.03149542	
1217.2	0.03097179	0.03145342	
1217.4	0.03111738	0.03141148	
1217.6	0.03147538	0.0313696	
1217.8	0.03193522	0.03132777	
1218	0.03180114	0.031286	
1218.2	0.03213991	0.03124428	
1218.4	0.03211081	0.03120262	
1218.6	0.03227524	0.03116101	
1218.8	0.0315089	0.03111946	
1219	0.03107708	0.03107797	
1219.2	0.03124513	0.03103653	
1219.4	0.03095229	0.03099514	
1219.6	0.0307685	0.03095381	
1219.8	0.03077286	0.03091254	
1220	0.03048282	0.03087132	
1220.2	0.02988359	0.03083016	
1220.4	0.02983947	0.03078905	
1220.6	0.030018	0.03074799	
1220.8	0.0297616	0.03070699	
1221	0.02958124	0.03066605	
1221.2	0.02948134	0.03062516	
1221.4	0.02914538	0.03058432	
1221.6	0.02909136	0.03054354	
1221.8	0.02867561	0.03050281	
1222	0.02854982	0.03046214	
1222.2	0.02859011	0.03042152	
1222.4	0.02862662	0.03038096	
1222.6	0.02828468	0.03034045	
1222.8	0.02797158	0.03029999	
1223	0.02840085	0.03025959	
1223.2	0.02897355	0.03021924	
1223.4	0.02933559	0.03017895	
1223.6	0.0299352	0.0301387	
1223.8	0.02998611	0.03009852	
1224	0.03013071	0.03005838	
1224.2	0.02997473	0.0300183	
1224.4	0.02995819	0.02997828	
1224.6	0.02965277	0.0299383	
1224.8	0.02937682	0.02989838	
1225	0.02872062	0.02985852	
1225.2	0.02860491	0.0298187	
1225.4	0.0278585	0.02977894	
1225.6	0.02782639	0.02973923	
1225.8	0.02748947	0.02969958	
1226	0.0272871	0.02965998	
1226.2	0.0272093	0.02962043	
1226.4	0.02698265	0.02958093	
1226.6	0.02655755	0.02954149	
1226.8	0.02628785	0.0295021	
1227	0.02630443	0.02946276	
1227.2	0.02673805	0.02942347	
1227.4	0.02677288	0.02938424	
1227.6	0.02708434	0.02934506	
1227.8	0.02727809	0.02930593	
1228	0.02744689	0.02926685	
1228.2	0.02726824	0.02922783	
1228.4	0.02735054	0.02918886	
1228.6	0.02749516	0.02914994	
1228.8	0.02742713	0.02911107	
1229	0.02707376	0.02907225	
1229.2	0.0272921	0.02903348	
1229.4	0.02704036	0.02899477	
1229.6	0.02728445	0.02895611	
1229.8	0.02714798	0.0289175	
1230	0.02712276	0.02887894	
1230.2	0.02697571	0.02884043	
1230.4	0.02681907	0.02880198	
1230.6	0.02694681	0.02876357	
1230.8	0.02675872	0.02872522	
1231	0.02710277	0.02868692	
1231.2	0.02735708	0.02864866	
1231.4	0.0274353	0.02861046	
1231.6	0.02778385	0.02857231	
1231.8	0.02788137	0.02853422	
1232	0.02762669	0.02849617	
1232.2	0.02721023	0.02845817	
1232.4	0.02690842	0.02842022	
1232.6	0.02695664	0.02838233	
1232.8	0.02671891	0.02834448	
1233	0.02629375	0.02830669	
1233.2	0.02621115	0.02826894	
1233.4	0.02616113	0.02823125	
1233.6	0.0261327	0.02819361	
1233.8	0.02579782	0.02815601	
1234	0.02585646	0.02811847	
1234.2	0.02573005	0.02808098	
1234.4	0.02554054	0.02804353	
1234.6	0.02585986	0.02800614	
1234.8	0.02584116	0.0279688	
1235	0.02574352	0.0279315	
1235.2	0.02527692	0.02789426	
1235.4	0.02542471	0.02785706	
1235.6	0.02552703	0.02781992	
1235.8	0.02554739	0.02778282	
1236	0.02541883	0.02774578	
1236.2	0.02536807	0.02770878	
1236.4	0.02595049	0.02767183	
1236.6	0.02632807	0.02763494	
1236.8	0.02625607	0.02759809	
1237	0.02620539	0.02756129	
1237.2	0.02671075	0.02752454	
1237.4	0.02701607	0.02748783	
1237.6	0.02709025	0.02745118	
1237.8	0.02713062	0.02741458	
1238	0.02719263	0.02737802	
1238.2	0.02715244	0.02734152	
1238.4	0.02697998	0.02730506	
1238.6	0.02697648	0.02726865	
1238.8	0.02699074	0.02723229	
1239	0.02634598	0.02719598	
1239.2	0.02602339	0.02715972	
1239.4	0.02632672	0.0271235	
1239.6	0.02611308	0.02708733	
1239.8	0.02590745	0.02705122	
1240	0.025865	0.02701515	
1240.2	0.02621822	0.02697912	
1240.4	0.02593876	0.02694315	
1240.6	0.02545903	0.02690722	
1240.8	0.02529022	0.02687134	
1241	0.02536504	0.02683551	
1241.2	0.0252527	0.02679973	
1241.4	0.02495367	0.026764	
1241.6	0.02487932	0.02672831	
1241.8	0.02498761	0.02669267	
1242	0.02488081	0.02665708	
1242.2	0.02500564	0.02662153	
1242.4	0.02482422	0.02658603	
1242.6	0.02446469	0.02655058	
1242.8	0.02475774	0.02651518	
1243	0.0242675	0.02647983	
1243.2	0.02451994	0.02644452	
1243.4	0.02457546	0.02640926	
1243.6	0.02453543	0.02637404	
1243.8	0.02469178	0.02633887	
1244	0.02495701	0.02630375	
1244.2	0.02521874	0.02626868	
1244.4	0.02487366	0.02623365	
1244.6	0.02479124	0.02619867	
1244.8	0.02450862	0.02616374	
1245	0.02472595	0.02612885	
1245.2	0.0246926	0.02609401	
1245.4	0.02470909	0.02605922	
1245.6	0.02517654	0.02602447	
1245.8	0.0256693	0.02598977	
1246	0.0258848	0.02595511	
1246.2	0.02610449	0.02592051	
1246.4	0.02606075	0.02588594	
1246.6	0.02608029	0.02585143	
1246.8	0.02625482	0.02581696	
1247	0.02612646	0.02578253	
1247.2	0.02604795	0.02574815	
1247.4	0.02605892	0.02571382	
1247.6	0.02596896	0.02567953	
1247.8	0.02573041	0.02564529	
1248	0.02583566	0.0256111	
1248.2	0.02543334	0.02557695	
1248.4	0.02488659	0.02554284	
1248.6	0.02443152	0.02550878	
1248.8	0.02434592	0.02547477	
1249	0.02434066	0.0254408	
1249.2	0.02396373	0.02540688	
1249.4	0.02379335	0.025373	
1249.6	0.02388865	0.02533917	
1249.8	0.02389936	0.02530538	
1250	0.02377803	0.02527164	
1250.2	0.02357494	0.02523794	
1250.4	0.0233803	0.02520429	
1250.6	0.02354303	0.02517068	
1250.8	0.02323925	0.02513712	
1251	0.02349041	0.0251036	
1251.2	0.02350714	0.02507012	
1251.4	0.02348633	0.0250367	
1251.6	0.02328616	0.02500331	
1251.8	0.02347653	0.02496997	
1252	0.02388675	0.02493668	
1252.2	0.02392127	0.02490343	
1252.4	0.02416296	0.02487022	
1252.6	0.02434235	0.02483706	
1252.8	0.0245702	0.02480394	
1253	0.02431108	0.02477087	
1253.2	0.02434257	0.02473784	
1253.4	0.02462918	0.02470485	
1253.6	0.02424191	0.02467191	
1253.8	0.02408003	0.02463901	
1254	0.02373541	0.02460616	
1254.2	0.0237079	0.02457335	
1254.4	0.02368344	0.02454058	
1254.6	0.02377165	0.02450786	
1254.8	0.0233323	0.02447518	
1255	0.0231213	0.02444254	
1255.2	0.02281382	0.02440995	
1255.4	0.02265671	0.0243774	
1255.6	0.0228917	0.0243449	
1255.8	0.02324593	0.02431244	
1256	0.0231702	0.02428002	
1256.2	0.02322813	0.02424764	
1256.4	0.02313599	0.02421531	
1256.6	0.02309626	0.02418302	
1256.8	0.02336466	0.02415078	
1257	0.02343607	0.02411857	
1257.2	0.02382391	0.02408641	
1257.4	0.02393536	0.0240543	
1257.6	0.02347099	0.02402222	
1257.8	0.02371472	0.02399019	
1258	0.02368569	0.0239582	
1258.2	0.02374423	0.02392625	
1258.4	0.0235477	0.02389435	
1258.6	0.02325181	0.02386249	
1258.8	0.02298424	0.02383067	
1259	0.02276225	0.0237989	
1259.2	0.02285927	0.02376716	
1259.4	0.0226599	0.02373547	
1259.6	0.02284994	0.02370382	
1259.8	0.022821	0.02367221	
1260	0.02254521	0.02364065	
1260.2	0.02244752	0.02360913	
1260.4	0.02236104	0.02357765	
1260.6	0.02250228	0.02354621	
1260.8	0.02312209	0.02351481	
1261	0.02320333	0.02348346	
1261.2	0.02329397	0.02345214	
1261.4	0.02318843	0.02342087	
1261.6	0.02261272	0.02338964	
1261.8	0.02263726	0.02335845	
1262	0.02214893	0.02332731	
1262.2	0.02176777	0.0232962	
1262.4	0.02138253	0.02326514	
1262.6	0.02124623	0.02323412	
1262.8	0.02096468	0.02320314	
1263	0.0205089	0.0231722	
1263.2	0.02035035	0.0231413	
1263.4	0.02053234	0.02311044	
1263.6	0.02109224	0.02307963	
1263.8	0.02118567	0.02304885	
1264	0.02157977	0.02301812	
1264.2	0.02178752	0.02298743	
1264.4	0.0219513	0.02295678	
1264.6	0.02203783	0.02292616	
1264.8	0.02282698	0.02289559	
1265	0.02298312	0.02286507	
1265.2	0.02319489	0.02283458	
1265.4	0.02344603	0.02280413	
1265.6	0.02351799	0.02277372	
1265.8	0.02360105	0.02274335	
1266	0.02306097	0.02271303	
1266.2	0.02327604	0.02268274	
1266.4	0.02326226	0.0226525	
1266.6	0.0233868	0.02262229	
1266.8	0.02305475	0.02259213	
1267	0.0229991	0.022562	
1267.2	0.02291215	0.02253192	
1267.4	0.02308672	0.02250187	
1267.6	0.02266803	0.02247187	
1267.8	0.02250517	0.02244191	
1268	0.02236118	0.02241198	
1268.2	0.02191463	0.0223821	
1268.4	0.02136508	0.02235225	
1268.6	0.02133695	0.02232245	
1268.8	0.02177704	0.02229268	
1269	0.02155495	0.02226296	
1269.2	0.02138046	0.02223327	
1269.4	0.02146573	0.02220363	
1269.6	0.02102122	0.02217402	
1269.8	0.0207247	0.02214445	
1270	0.02074222	0.02211492	
1270.2	0.02138811	0.02208544	
1270.4	0.0212901	0.02205599	
1270.6	0.02157791	0.02202658	
1270.8	0.02126316	0.02199721	
1271	0.02134009	0.02196788	
1271.2	0.02084483	0.02193858	
1271.4	0.02015113	0.02190933	
1271.6	0.01980445	0.02188012	
1271.8	0.01984673	0.02185094	
1272	0.01972049	0.02182181	
1272.2	0.01951381	0.02179271	
1272.4	0.01958295	0.02176365	
1272.6	0.01992973	0.02173463	
1272.8	0.02013419	0.02170565	
1273	0.02013929	0.02167671	
1273.2	0.02026754	0.0216478	
1273.4	0.02036313	0.02161894	
1273.6	0.02054536	0.02159011	
1273.8	0.02095293	0.02156132	
1274	0.0209706	0.02153257	
1274.2	0.02116456	0.02150386	
1274.4	0.02108627	0.02147519	
1274.6	0.02122593	0.02144655	
1274.8	0.02093954	0.02141795	
1275	0.02091163	0.02138939	
1275.2	0.02046303	0.02136087	
1275.4	0.01999571	0.02133239	
1275.6	0.02020183	0.02130395	
1275.8	0.01988776	0.02127554	
1276	0.01987457	0.02124717	
1276.2	0.01972098	0.02121884	
1276.4	0.02006119	0.02119055	
1276.6	0.02011198	0.02116229	
1276.8	0.02018552	0.02113407	
1277	0.02010065	0.02110589	
1277.2	0.01991789	0.02107775	
1277.4	0.02041909	0.02104964	
1277.6	0.020668	0.02102158	
1277.8	0.02047346	0.02099355	
1278	0.02067398	0.02096555	
1278.2	0.0208405	0.0209376	
1278.4	0.02060821	0.02090968	
1278.6	0.02135383	0.0208818	
1278.8	0.02130829	0.02085395	
1279	0.02137126	0.02082615	
1279.2	0.02140289	0.02079838	
1279.4	0.02116713	0.02077064	
1279.6	0.0208988	0.02074295	
1279.8	0.02061059	0.02071529	
1280	0.02081071	0.02068767	
1280.2	0.02064801	0.02066008	
1280.4	0.02053087	0.02063253	
1280.6	0.02016999	0.02060502	
1280.8	0.01989137	0.02057755	
1281	0.01947924	0.02055011	
1281.2	0.01934295	0.02052271	
1281.4	0.01951184	0.02049534	
1281.6	0.01884557	0.02046801	
1281.8	0.01862734	0.02044072	
1282	0.01876191	0.02041347	
1282.2	0.01839015	0.02038625	
1282.4	0.01819589	0.02035906	
1282.6	0.0184525	0.02033192	
1282.8	0.0183162	0.0203048	
1283	0.01816663	0.02027773	
1283.2	0.01812992	0.02025069	
1283.4	0.01786034	0.02022369	
1283.6	0.01764659	0.02019672	
1283.8	0.01800059	0.02016979	
1284	0.01836942	0.0201429	
1284.2	0.0187381	0.02011604	
1284.4	0.01860571	0.02008922	
1284.6	0.01896371	0.02006243	
1284.8	0.01905851	0.02003568	
1285	0.01933281	0.02000896	
1285.2	0.01944318	0.01998228	
1285.4	0.01943011	0.01995564	
1285.6	0.01942475	0.01992903	
1285.8	0.01958437	0.01990245	
1286	0.01954627	0.01987592	
1286.2	0.01937564	0.01984941	
1286.4	0.0192936	0.01982295	
1286.6	0.01919801	0.01979651	
1286.8	0.01928219	0.01977012	
1287	0.01851853	0.01974376	
1287.2	0.01859864	0.01971743	
1287.4	0.01826739	0.01969114	
1287.6	0.01828516	0.01966488	
1287.8	0.01862976	0.01963866	
1288	0.01838373	0.01961247	
1288.2	0.01844	0.01958632	
1288.4	0.01828105	0.01956021	
1288.6	0.01874001	0.01953412	
1288.8	0.01863322	0.01950808	
1289	0.0184563	0.01948206	
1289.2	0.01823493	0.01945609	
1289.4	0.01823093	0.01943014	
1289.6	0.01821815	0.01940424	
1289.8	0.01790622	0.01937836	
1290	0.01766721	0.01935252	
1290.2	0.01774071	0.01932672	
1290.4	0.01768169	0.01930095	
1290.6	0.01764584	0.01927521	
1290.8	0.01752382	0.01924951	
1291	0.01765098	0.01922384	
1291.2	0.01832811	0.01919821	
1291.4	0.01826448	0.01917261	
1291.6	0.01795719	0.01914704	
1291.8	0.01766689	0.01912151	
1292	0.01738723	0.01909602	
1292.2	0.01741515	0.01907055	
1292.4	0.01727599	0.01904513	
1292.6	0.01708917	0.01901973	
1292.8	0.0167266	0.01899437	
1293	0.01640187	0.01896904	
1293.2	0.01643985	0.01894375	
1293.4	0.01654551	0.01891849	
1293.6	0.01657397	0.01889326	
1293.8	0.01689743	0.01886807	
1294	0.01749752	0.01884291	
1294.2	0.01792503	0.01881779	
1294.4	0.01826753	0.01879269	
1294.6	0.01837674	0.01876764	
1294.8	0.01858867	0.01874261	
1295	0.01921648	0.01871762	
1295.2	0.01953895	0.01869266	
1295.4	0.01943649	0.01866774	
1295.6	0.0193407	0.01864284	
1295.8	0.01935569	0.01861799	
1296	0.01942849	0.01859316	
1296.2	0.01885344	0.01856837	
1296.4	0.0186227	0.01854361	
1296.6	0.01841779	0.01851888	
1296.8	0.01831456	0.01849419	
1297	0.01836345	0.01846953	
1297.2	0.01793059	0.0184449	
1297.4	0.0179003	0.01842031	
1297.6	0.01832797	0.01839575	
1297.8	0.01893621	0.01837122	
1298	0.01871235	0.01834672	
1298.2	0.01830943	0.01832226	
1298.4	0.0179436	0.01829782	
1298.6	0.01749883	0.01827343	
1298.8	0.01751094	0.01824906	
1299	0.01759276	0.01822473	
1299.2	0.01754657	0.01820043	
1299.4	0.01750822	0.01817616	
1299.6	0.01752222	0.01815192	
1299.8	0.0173283	0.01812772	
1300	0.01751903	0.01810355	
1300.2	0.01727299	0.01807941	
1300.4	0.01737441	0.0180553	
1300.6	0.01758583	0.01803122	
1300.8	0.01805222	0.01800718	
1301	0.01830093	0.01798317	
1301.2	0.01805097	0.01795919	
1301.4	0.01854908	0.01793524	
1301.6	0.0187825	0.01791133	
1301.8	0.01889821	0.01788745	
1302	0.01867579	0.01786359	
1302.2	0.01875899	0.01783977	
1302.4	0.01838141	0.01781599	
1302.6	0.01834791	0.01779223	
1302.8	0.01818442	0.01776851	
1303	0.01820344	0.01774481	
1303.2	0.0183	0.01772115	
1303.4	0.01807139	0.01769752	
1303.6	0.01780969	0.01767393	
1303.8	0.0178607	0.01765036	
1304	0.017994	0.01762682	
1304.2	0.0177453	0.01760332	
1304.4	0.01790311	0.01757985	
1304.6	0.01807906	0.01755641	
1304.8	0.01789096	0.017533	
1305	0.01779672	0.01750962	
1305.2	0.01734095	0.01748627	
1305.4	0.01707611	0.01746295	
1305.6	0.0168774	0.01743967	
1305.8	0.01703585	0.01741641	
1306	0.01705966	0.01739319	
1306.2	0.01642583	0.01737	
1306.4	0.01583342	0.01734684	
1306.6	0.01604698	0.01732371	
1306.8	0.01582402	0.01730061	
1307	0.01577982	0.01727754	
1307.2	0.01576034	0.0172545	
1307.4	0.01555354	0.01723149	
1307.6	0.01554222	0.01720852	
1307.8	0.01615306	0.01718557	
1308	0.01640033	0.01716266	
1308.2	0.01676034	0.01713977	
1308.4	0.01710651	0.01711692	
1308.6	0.0172268	0.01709409	
1308.8	0.01742728	0.0170713	
1309	0.0180568	0.01704854	
1309.2	0.01776985	0.0170258	
1309.4	0.0181106	0.0170031	
1309.6	0.01825331	0.01698043	
1309.8	0.01827278	0.01695779	
1310	0.01793748	0.01693517	
1310.2	0.01763709	0.01691259	
1310.4	0.01756823	0.01689004	
1310.6	0.01735134	0.01686752	
1310.8	0.01687934	0.01684503	
1311	0.01660039	0.01682257	
1311.2	0.01658223	0.01680014	
1311.4	0.01645977	0.01677774	
1311.6	0.0163757	0.01675536	
1311.8	0.01654299	0.01673302	
1312	0.01640806	0.01671071	
1312.2	0.01609707	0.01668843	
1312.4	0.01616022	0.01666618	
1312.6	0.01632062	0.01664395	
1312.8	0.01622372	0.01662176	
1313	0.01620466	0.0165996	
1313.2	0.01588455	0.01657746	
1313.4	0.01580955	0.01655536	
1313.6	0.01561377	0.01653328	
1313.8	0.01558809	0.01651124	
1314	0.0157991	0.01648922	
1314.2	0.01615195	0.01646723	
1314.4	0.01598938	0.01644528	
1314.6	0.01608755	0.01642335	
1314.8	0.01651734	0.01640145	
1315	0.01694311	0.01637958	
1315.2	0.01701776	0.01635774	
1315.4	0.0172312	0.01633593	
1315.6	0.01730563	0.01631414	
1315.8	0.01755257	0.01629239	
1316	0.01704942	0.01627067	
1316.2	0.01663717	0.01624897	
1316.4	0.01665607	0.0162273	
1316.6	0.01652709	0.01620567	
1316.8	0.01651283	0.01618406	
1317	0.01639331	0.01616248	
1317.2	0.0160479	0.01614093	
1317.4	0.01588836	0.0161194	
1317.6	0.01607716	0.01609791	
1317.8	0.01631663	0.01607644	
1318	0.01644078	0.01605501	
1318.2	0.01610899	0.0160336	
1318.4	0.01627597	0.01601222	
1318.6	0.01658456	0.01599087	
1318.8	0.01706731	0.01596955	
1319	0.0171984	0.01594825	
1319.2	0.0168763	0.01592699	
1319.4	0.01694791	0.01590575	
1319.6	0.01658402	0.01588454	
1319.8	0.01633837	0.01586336	
1320	0.01584451	0.01584221	
1320.2	0.01570801	0.01582109	
1320.4	0.01594711	0.01579999	
1320.6	0.01607369	0.01577892	
1320.8	0.0159345	0.01575788	
1321	0.01558346	0.01573687	
1321.2	0.01519136	0.01571589	
1321.4	0.0152546	0.01569493	
1321.6	0.01512977	0.015674	
1321.8	0.01487709	0.0156531	
1322	0.01452876	0.01563223	
1322.2	0.01469782	0.01561139	
1322.4	0.01539326	0.01559057	
1322.6	0.01583634	0.01556978	
1322.8	0.01595422	0.01554902	
1323	0.01556122	0.01552829	
1323.2	0.01565252	0.01550758	
1323.4	0.0156363	0.0154869	
1323.6	0.01568919	0.01546625	
1323.8	0.0158566	0.01544563	
1324	0.01610291	0.01542504	
1324.2	0.01627174	0.01540447	
1324.4	0.01617107	0.01538393	
1324.6	0.01597256	0.01536341	
1324.8	0.01559022	0.01534293	
1325	0.01526028	0.01532247	
1325.2	0.01486929	0.01530204	
1325.4	0.01499967	0.01528163	
1325.6	0.01482166	0.01526126	
1325.8	0.01450414	0.01524091	
1326	0.01448399	0.01522059	
1326.2	0.01431872	0.01520029	
1326.4	0.01448404	0.01518002	
1326.6	0.0143396	0.01515978	
1326.8	0.01401159	0.01513957	
1327	0.01386573	0.01511938	
1327.2	0.01412156	0.01509922	
1327.4	0.01410299	0.01507909	
1327.6	0.0141826	0.01505898	
1327.8	0.01425718	0.0150389	
1328	0.01453244	0.01501885	
1328.2	0.01433517	0.01499882	
1328.4	0.01428156	0.01497882	
1328.6	0.01437421	0.01495885	
1328.8	0.01410713	0.0149389	
1329	0.01403524	0.01491898	
1329.2	0.01436438	0.01489909	
1329.4	0.01436936	0.01487922	
1329.6	0.01428116	0.01485938	
1329.8	0.01406025	0.01483957	
1330	0.01402042	0.01481978	
1330.2	0.0137465	0.01480002	
1330.4	0.01382334	0.01478029	
1330.6	0.01373552	0.01476058	
1330.8	0.01353658	0.0147409	
1331	0.01384762	0.01472124	
1331.2	0.01371918	0.01470161	
1331.4	0.01368671	0.01468201	
1331.6	0.01360092	0.01466243	
1331.8	0.01360741	0.01464288	
1332	0.01387539	0.01462335	
1332.2	0.01391212	0.01460386	
1332.4	0.01409387	0.01458438	
1332.6	0.01384579	0.01456494	
1332.8	0.01407741	0.01454551	
1333	0.01393711	0.01452612	
1333.2	0.01413246	0.01450675	
1333.4	0.01397801	0.01448741	
1333.6	0.01407219	0.01446809	
1333.8	0.0135175	0.0144488	
1334	0.01324157	0.01442953	
1334.2	0.01284393	0.01441029	
1334.4	0.0127282	0.01439108	
1334.6	0.01288848	0.01437189	
1334.8	0.01299439	0.01435272	
1335	0.01327914	0.01433358	
1335.2	0.01301107	0.01431447	
1335.4	0.0131054	0.01429539	
1335.6	0.01305453	0.01427632	
1335.8	0.0132275	0.01425729	
1336	0.01363179	0.01423828	
1336.2	0.01381464	0.01421929	
1336.4	0.01360891	0.01420033	
1336.6	0.0135868	0.0141814	
1336.8	0.01370046	0.01416249	
1337	0.01360999	0.0141436	
1337.2	0.01351634	0.01412474	
1337.4	0.01327125	0.01410591	
1337.6	0.01289733	0.0140871	
1337.8	0.01234525	0.01406832	
1338	0.01223355	0.01404956	
1338.2	0.01215538	0.01403082	
1338.4	0.01239881	0.01401211	
1338.6	0.01221	0.01399343	
1338.8	0.01208704	0.01397477	
1339	0.01197536	0.01395614	
1339.2	0.01188629	0.01393753	
1339.4	0.01145598	0.01391894	
1339.6	0.01114014	0.01390038	
1339.8	0.01138769	0.01388185	
1340	0.0113	0.01386334	
1340.2	0.01173638	0.01384485	
1340.4	0.01181227	0.01382639	
1340.6	0.012116	0.01380796	
1340.8	0.01229599	0.01378954	
1341	0.01259414	0.01377116	
1341.2	0.01231123	0.0137528	
1341.4	0.01232992	0.01373446	
1341.6	0.01259986	0.01371614	
1341.8	0.01285583	0.01369785	
1342	0.01321545	0.01367959	
1342.2	0.01304807	0.01366135	
1342.4	0.01301113	0.01364313	
1342.6	0.01234285	0.01362494	
1342.8	0.01240394	0.01360677	
1343	0.01223244	0.01358863	
1343.2	0.01166547	0.01357051	
1343.4	0.01130114	0.01355242	
1343.6	0.01122589	0.01353434	
1343.8	0.0115744	0.0135163	
1344	0.01163243	0.01349828	
1344.2	0.01197788	0.01348028	
1344.4	0.01183029	0.0134623	
1344.6	0.01182773	0.01344435	
1344.8	0.01160127	0.01342642	
1345	0.01163158	0.01340852	
1345.2	0.0114446	0.01339064	
1345.4	0.0115928	0.01337279	
1345.6	0.01174296	0.01335496	
1345.8	0.01199607	0.01333715	
1346	0.01194131	0.01331936	
1346.2	0.01165692	0.0133016	
1346.4	0.01162176	0.01328387	
1346.6	0.01143823	0.01326615	
1346.8	0.01180303	0.01324847	
1347	0.01166183	0.0132308	
1347.2	0.01180303	0.01321316	
1347.4	0.0119771	0.01319554	
1347.6	0.01223508	0.01317794	
1347.8	0.01259681	0.01316037	
1348	0.01253307	0.01314282	
1348.2	0.01230806	0.0131253	
1348.4	0.01234325	0.0131078	
1348.6	0.01218899	0.01309032	
1348.8	0.01223047	0.01307287	
1349	0.01245998	0.01305543	
1349.2	0.01240809	0.01303803	
1349.4	0.01246771	0.01302064	
1349.6	0.01250294	0.01300328	
1349.8	0.01274281	0.01298594	
1350	0.01264866	0.01296862	
1350.2	0.01233722	0.01295133	
1350.4	0.01219158	0.01293406	
1350.6	0.01191938	0.01291682	
1350.8	0.01157595	0.01289959	
1351	0.01142962	0.01288239	
1351.2	0.01127406	0.01286521	
1351.4	0.01082962	0.01284806	
1351.6	0.01054264	0.01283093	
1351.8	0.01022016	0.01281382	
1352	0.01030135	0.01279673	
1352.2	0.01039707	0.01277967	
1352.4	0.0103811	0.01276263	
1352.6	0.0103915	0.01274561	
1352.8	0.01066409	0.01272862	
1353	0.01093903	0.01271164	
1353.2	0.0110217	0.01269469	
1353.4	0.01115872	0.01267777	
1353.6	0.01161875	0.01266086	
1353.8	0.01169603	0.01264398	
1354	0.01179383	0.01262712	
1354.2	0.0119036	0.01261028	
1354.4	0.01246146	0.01259347	
1354.6	0.01234233	0.01257668	
1354.8	0.01252692	0.01255991	
1355	0.01282614	0.01254316	
1355.2	0.01237915	0.01252643	
1355.4	0.01219537	0.01250973	
1355.6	0.0120721	0.01249305	
1355.8	0.0119734	0.01247639	
1356	0.01214301	0.01245976	
1356.2	0.01226863	0.01244314	
1356.4	0.01184385	0.01242655	
1356.6	0.01188128	0.01240998	
1356.8	0.01207664	0.01239343	
1357	0.01175785	0.01237691	
1357.2	0.0117698	0.0123604	
1357.4	0.01188499	0.01234392	
1357.6	0.0118186	0.01232746	
1357.8	0.01154232	0.01231103	
1358	0.01154256	0.01229461	
1358.2	0.0115628	0.01227822	
1358.4	0.01141912	0.01226184	
1358.6	0.01117377	0.01224549	
1358.8	0.01115853	0.01222917	
1359	0.01077669	0.01221286	
1359.2	0.01042789	0.01219657	
1359.4	0.01059615	0.01218031	
1359.6	0.01044385	0.01216407	
1359.8	0.01032009	0.01214785	
1360	0.01029891	0.01213165	
1360.2	0.01037743	0.01211548	
1360.4	0.0104469	0.01209932	
1360.6	0.0106366	0.01208319	
1360.8	0.01074408	0.01206708	
1361	0.01089139	0.01205099	
1361.2	0.01125346	0.01203492	
1361.4	0.01096575	0.01201887	
1361.6	0.01072442	0.01200284	
1361.8	0.01085165	0.01198684	
1362	0.01063291	0.01197086	
1362.2	0.01058883	0.01195489	
1362.4	0.01049035	0.01193895	
1362.6	0.01063105	0.01192303	
1362.8	0.01024838	0.01190713	
1363	0.0103429	0.01189126	
1363.2	0.01047477	0.0118754	
1363.4	0.01041733	0.01185957	
1363.6	0.01022466	0.01184375	
1363.8	0.01027188	0.01182796	
1364	0.00982738	0.01181219	
1364.2	0.00976258	0.01179644	
1364.4	0.00969327	0.01178071	
1364.6	0.0094236	0.011765	
1364.8	0.00955777	0.01174931	
1365	0.00954381	0.01173365	
1365.2	0.00911933	0.011718	
1365.4	0.00881763	0.01170238	
1365.6	0.00866744	0.01168677	
1365.8	0.00857042	0.01167119	
1366	0.00831887	0.01165563	
1366.2	0.00829629	0.01164008	
1366.4	0.00852331	0.01162456	
1366.6	0.00852638	0.01160906	
1366.8	0.00837441	0.01159358	
1367	0.00893279	0.01157812	
1367.2	0.00884301	0.01156269	
1367.4	0.00874919	0.01154727	
1367.6	0.00894494	0.01153187	
1367.8	0.00903201	0.01151649	
1368	0.00884981	0.01150114	
1368.2	0.0090831	0.0114858	
1368.4	0.00917705	0.01147049	
1368.6	0.00941073	0.01145519	
1368.8	0.00928371	0.01143992	
1369	0.0090178	0.01142466	
1369.2	0.00886071	0.01140943	
1369.4	0.00832968	0.01139422	
1369.6	0.00845158	0.01137902	
1369.8	0.00861639	0.01136385	
1370	0.00864424	0.0113487	
1370.2	0.00903929	0.01133356	
1370.4	0.00981526	0.01131845	
1370.6	0.00971846	0.01130336	
1370.8	0.00943613	0.01128829	
1371	0.00973906	0.01127324	
1371.2	0.00988944	0.0112582	
1371.4	0.01010457	0.01124319	
1371.6	0.010255	0.0112282	
1371.8	0.01029571	0.01121323	
1372	0.01035077	0.01119828	
1372.2	0.01014992	0.01118335	
1372.4	0.01010032	0.01116843	
1372.6	0.00970541	0.01115354	
1372.8	0.00939507	0.01113867	
1373	0.00925535	0.01112382	
1373.2	0.0091619	0.01110898	
1373.4	0.00852889	0.01109417	
1373.6	0.00871999	0.01107938	
1373.8	0.00840957	0.01106461	
1374	0.00838373	0.01104985	
1374.2	0.00868847	0.01103512	
1374.4	0.00893841	0.0110204	
1374.6	0.00832323	0.01100571	
1374.8	0.00852262	0.01099103	
1375	0.0093347	0.01097638	
1375.2	0.00988584	0.01096174	
1375.4	0.00985135	0.01094713	
1375.6	0.00998097	0.01093253	
1375.8	0.00986108	0.01091795	
1376	0.00950764	0.01090339	
1376.2	0.00952297	0.01088885	
1376.4	0.00979952	0.01087433	
1376.6	0.0101411	0.01085983	
1376.8	0.01059854	0.01084535	
1377	0.01050543	0.01083089	
1377.2	0.01048506	0.01081645	
1377.4	0.01003026	0.01080203	
1377.6	0.01018522	0.01078762	
1377.8	0.00989076	0.01077324	
1378	0.00957792	0.01075887	
1378.2	0.00931947	0.01074453	
1378.4	0.00898521	0.0107302	
1378.6	0.00866735	0.01071589	
1378.8	0.00891113	0.01070161	
1379	0.00877428	0.01068734	
1379.2	0.00847308	0.01067309	
1379.4	0.00817801	0.01065885	
1379.6	0.00768355	0.01064464	
1379.8	0.0075643	0.01063045	
1380	0.00744229	0.01061627	
1380.2	0.00761387	0.01060212	
1380.4	0.00762276	0.01058798	
1380.6	0.00773883	0.01057386	
1380.8	0.00731438	0.01055976	
1381	0.0068728	0.01054568	
1381.2	0.00698331	0.01053162	
1381.4	0.0067228	0.01051758	
1381.6	0.00636208	0.01050355	
1381.8	0.00584261	0.01048955	
1382	0.00576813	0.01047556	
1382.2	0.00576646	0.01046159	
1382.4	0.00616335	0.01044764	
1382.6	0.00635203	0.01043371	
1382.8	0.00647116	0.0104198	
1383	0.0065441	0.01040591	
1383.2	0.00679798	0.01039203	
1383.4	0.00695485	0.01037817	
1383.6	0.00712522	0.01036434	
1383.8	0.00795286	0.01035052	
1384	0.0081742	0.01033671	
1384.2	0.00829016	0.01032293	
1384.4	0.00840234	0.01030917	
1384.6	0.00865474	0.01029542	
1384.8	0.00881068	0.01028169	
1385	0.00866235	0.01026798	
1385.2	0.0084286	0.01025429	
1385.4	0.00837038	0.01024062	
1385.6	0.00786522	0.01022696	
1385.8	0.00742993	0.01021333	
1386	0.00729119	0.01019971	
1386.2	0.00711982	0.01018611	
1386.4	0.00711364	0.01017252	
1386.6	0.00688314	0.01015896	
1386.8	0.00677625	0.01014541	
1387	0.00647996	0.01013189	
1387.2	0.0064251	0.01011838	
1387.4	0.00624114	0.01010488	
1387.6	0.00638501	0.01009141	
1387.8	0.00658698	0.01007795	
1388	0.00634111	0.01006452	
1388.2	0.00641314	0.0100511	
1388.4	0.00643021	0.01003769	
1388.6	0.00622684	0.01002431	
1388.8	0.00632392	0.01001094	
1389	0.00571395	0.00999759	
1389.2	0.0054212	0.00998426	
1389.4	0.00562742	0.00997095	
1389.6	0.00544986	0.00995766	
1389.8	0.00537582	0.00994438	
1390	0.00581992	0.00993112	
1390.2	0.00610791	0.00991788	
1390.4	0.00644921	0.00990465	
1390.6	0.00672603	0.00989144	
1390.8	0.00744294	0.00987825	
1391	0.00749749	0.00986508	
1391.2	0.0079725	0.00985193	
1391.4	0.00811969	0.00983879	
1391.6	0.0083466	0.00982567	
1391.8	0.00842063	0.00981257	
1392	0.0081424	0.00979949	
1392.2	0.0079876	0.00978642	
1392.4	0.0077006	0.00977337	
1392.6	0.00744451	0.00976034	
1392.8	0.00747335	0.00974732	
1393	0.00702967	0.00973433	
1393.2	0.00681528	0.00972135	
1393.4	0.00692707	0.00970838	
1393.6	0.00676602	0.00969544	
1393.8	0.00644665	0.00968251	
1394	0.00619735	0.0096696	
1394.2	0.00571015	0.00965671	
1394.4	0.0060131	0.00964383	
1394.6	0.00596517	0.00963097	
1394.8	0.00620783	0.00961813	
1395	0.00592795	0.0096053	
1395.2	0.00629168	0.0095925	
1395.4	0.00614	0.00957971	
1395.6	0.006225	0.00956693	
1395.8	0.00645669	0.00955418	
1396	0.00611388	0.00954144	
1396.2	0.00584099	0.00952871	
1396.4	0.00566719	0.00951601	
1396.6	0.00558766	0.00950332	
1396.8	0.00559521	0.00949065	
1397	0.00602119	0.00947799	
1397.2	0.00575312	0.00946535	
1397.4	0.00573157	0.00945273	
1397.6	0.0057847	0.00944013	
1397.8	0.00567043	0.00942754	
1398	0.00570794	0.00941497	
1398.2	0.00586744	0.00940242	
1398.4	0.00626794	0.00938988	
1398.6	0.00606401	0.00937736	
1398.8	0.00607919	0.00936485	
1399	0.00620664	0.00935237	
1399.2	0.0060513	0.0093399	
1399.4	0.00572442	0.00932744	
1399.6	0.00552164	0.00931501	
1399.8	0.00545093	0.00930259	
1400	0.0045821	0.00929018	
1400.2	0.0043377	0.00927779	
1400.4	0.00406526	0.00926542	
1400.6	0.00392972	0.00925307	
1400.8	0.00437364	0.00924073	
1401	0.004723	0.00922841	
1401.2	0.00439467	0.0092161	
1401.4	0.00436576	0.00920381	
1401.6	0.00446412	0.00919154	
1401.8	0.0047082	0.00917929	
1402	0.00527351	0.00916705	
1402.2	0.00552417	0.00915482	
1402.4	0.00580146	0.00914261	
1402.6	0.00608497	0.00913042	
1402.8	0.00622898	0.00911825	
1403	0.00600343	0.00910609	
1403.2	0.00588298	0.00909395	
1403.4	0.00576349	0.00908182	
1403.6	0.00550481	0.00906971	
1403.8	0.00544318	0.00905762	
1404	0.00547596	0.00904554	
1404.2	0.00569729	0.00903348	
1404.4	0.0053352	0.00902144	
1404.6	0.0054699	0.00900941	
1404.8	0.0057164	0.00899739	
1405	0.00553544	0.0089854	
1405.2	0.00510345	0.00897341	
1405.4	0.00483708	0.00896145	
1405.6	0.00465029	0.0089495	
1405.8	0.00485516	0.00893757	
1406	0.00481943	0.00892565	
1406.2	0.00506491	0.00891375	
1406.4	0.00539154	0.00890186	
1406.6	0.00531752	0.00888999	
1406.8	0.00541465	0.00887814	
1407	0.00519628	0.0088663	
1407.2	0.00504803	0.00885448	
1407.4	0.00500478	0.00884267	
1407.6	0.00479751	0.00883088	
1407.8	0.00496069	0.0088191	
1408	0.00493486	0.00880735	
1408.2	0.00471099	0.0087956	
1408.4	0.00419343	0.00878387	
1408.6	0.00444697	0.00877216	
1408.8	0.00405879	0.00876046	
1409	0.00368506	0.00874878	
1409.2	0.00351314	0.00873712	
1409.4	0.00323793	0.00872547	
1409.6	0.00290148	0.00871383	
1409.8	0.00281069	0.00870221	
1410	0.0028831	0.00869061	
1410.2	0.00306637	0.00867902	
1410.4	0.00332042	0.00866745	
1410.6	0.00341938	0.00865589	
1410.8	0.00380331	0.00864435	
1411	0.00375529	0.00863282	
1411.2	0.00388746	0.00862131	
1411.4	0.00423276	0.00860982	
1411.6	0.00398403	0.00859834	
1411.8	0.00397221	0.00858687	
1412	0.00390831	0.00857542	
1412.2	0.00390603	0.00856399	
1412.4	0.00399562	0.00855257	
1412.6	0.00459106	0.00854116	
1412.8	0.00454323	0.00852977	
1413	0.00446026	0.0085184	
1413.2	0.00450896	0.00850704	
1413.4	0.00414422	0.0084957	
1413.6	0.00405331	0.00848437	
1413.8	0.00415699	0.00847306	
1414	0.00400575	0.00846176	
1414.2	0.00384603	0.00845048	
1414.4	0.00391274	0.00843921	
1414.6	0.00396769	0.00842796	
1414.8	0.00390992	0.00841672	
1415	0.00362988	0.00840549	
1415.2	0.003229	0.00839429	
1415.4	0.0031225	0.00838309	
1415.6	0.00306333	0.00837192	
1415.8	0.00341056	0.00836075	
1416	0.00383101	0.0083496	
1416.2	0.00387404	0.00833847	
1416.4	0.00414822	0.00832735	
1416.6	0.0044117	0.00831625	
1416.8	0.00413921	0.00830516	
1417	0.00389971	0.00829408	
1417.2	0.00402623	0.00828303	
1417.4	0.00410336	0.00827198	
1417.6	0.00401418	0.00826095	
1417.8	0.00382005	0.00824994	
1418	0.00316601	0.00823893	
1418.2	0.00322932	0.00822795	
1418.4	0.00297338	0.00821698	
1418.6	0.00302546	0.00820602	
1418.8	0.00257009	0.00819508	
1419	0.00226721	0.00818415	
1419.2	0.00192619	0.00817324	
1419.4	0.00220807	0.00816234	
1419.6	0.00239331	0.00815146	
1419.8	0.00275421	0.00814059	
1420	0.0025732	0.00812973	
1420.2	0.00268896	0.00811889	
1420.4	0.00269975	0.00810807	
1420.6	0.00281318	0.00809726	
1420.8	0.00286487	0.00808646	
1421	0.0027895	0.00807568	
1421.2	0.00303411	0.00806491	
1421.4	0.00288861	0.00805415	
1421.6	0.00283176	0.00804341	
1421.8	0.00296476	0.00803269	
1422	0.0029145	0.00802198	
1422.2	0.00310036	0.00801128	
1422.4	0.00337895	0.0080006	
1422.6	0.00341592	0.00798993	
1422.8	0.00310746	0.00797928	
1423	0.00314141	0.00796864	
1423.2	0.00282458	0.00795801	
1423.4	0.003254	0.0079474	
1423.6	0.00300302	0.0079368	
1423.8	0.00290713	0.00792622	
1424	0.00299163	0.00791565	
1424.2	0.00290318	0.0079051	
1424.4	0.00302196	0.00789456	
1424.6	0.00267984	0.00788403	
1424.8	0.00240829	0.00787352	
1425	0.00210986	0.00786302	
1425.2	0.00207663	0.00785253	
1425.4	0.00227481	0.00784206	
1425.6	0.00243544	0.00783161	
1425.8	0.0020928	0.00782116	
1426	0.00240006	0.00781074	
1426.2	0.00300037	0.00780032	
1426.4	0.00337077	0.00778992	
1426.6	0.00325207	0.00777953	
1426.8	0.00364265	0.00776916	
1427	0.00373957	0.0077588	
1427.2	0.00324994	0.00774845	
1427.4	0.00345428	0.00773812	
1427.6	0.00316728	0.0077278	
1427.8	0.0031991	0.0077175	
1428	0.00332115	0.00770721	
1428.2	0.00272645	0.00769693	
1428.4	0.00277121	0.00768667	
1428.6	0.00185116	0.00767642	
1428.8	0.00167479	0.00766618	
1429	0.00169091	0.00765596	
1429.2	0.00140035	0.00764575	
1429.4	0.00164186	0.00763556	
1429.6	0.00141006	0.00762538	
1429.8	0.00113038	0.00761521	
1430	0.00159564	0.00760505	
1430.2	0.00144879	0.00759491	
1430.4	0.00087258	0.00758479	
1430.6	0.00118831	0.00757467	
1430.8	0.00122125	0.00756457	
1431	0.00112875	0.00755449	
1431.2	0.00131577	0.00754441	
1431.4	0.00155744	0.00753435	
1431.6	0.00181411	0.00752431	
1431.8	0.00192756	0.00751427	
1432	0.00220222	0.00750425	
1432.2	0.00244894	0.00749425	
1432.4	0.00305462	0.00748426	
1432.6	0.00306476	0.00747428	
1432.8	0.0033897	0.00746431	
1433	0.00381036	0.00745436	
1433.2	0.00396859	0.00744442	
1433.4	0.00419785	0.00743449	
1433.6	0.00416747	0.00742458	
1433.8	0.00405216	0.00741468	
1434	0.00387327	0.00740479	
1434.2	0.00356667	0.00739492	
1434.4	0.00349936	0.00738506	
1434.6	0.00349438	0.00737521	
1434.8	0.00308467	0.00736537	
1435	0.00298638	0.00735555	
1435.2	0.00273426	0.00734575	
1435.4	0.00237394	0.00733595	
1435.6	0.00240697	0.00732617	
1435.8	0.00203163	0.0073164	
1436	0.00194302	0.00730664	
1436.2	0.00195067	0.0072969	
1436.4	0.00151107	0.00728717	
1436.6	0.00132486	0.00727746	
1436.8	0.00122473	0.00726775	
1437	0.00122574	0.00725806	
1437.2	0.00098765	0.00724838	
1437.4	0.00090641	0.00723872	
1437.6	0.00056885	0.00722907	
1437.8	0.00050791	0.00721943	
1438	0.00050025	0.0072098	
1438.2	0.00063166	0.00720019	
1438.4	0.00071113	0.00719059	
1438.6	0.0006112	0.007181	
1438.8	0.00076777	0.00717142	
1439	0.00100658	0.00716186	
1439.2	0.00125538	0.00715231	
1439.4	0.00150703	0.00714277	
1439.6	0.00148368	0.00713325	
1439.8	0.00150472	0.00712374	
