Conc1	1.25E-08	
Start1	1020	
Stop1	1439.8	
Kobs	0.00268952251398478	
Error Kobs	2.74739490525457E-05	
Koff	0	
Error Koff	0	
Time1	Data1	Fit1	
1020	0.01009178	0	
1020.2	0.00993341	0.00105763	
1020.4	0.00982078	0.00211081	
1020.6	0.00942888	0.00315956	
1020.8	0.00919535	0.0042039	
1021	0.00926391	0.00524384	
1021.2	0.00907685	0.00627941	
1021.4	0.00926707	0.00731062	
1021.6	0.00947465	0.0083375	
1021.8	0.00960467	0.00936005	
1022	0.0099314	0.0103783	
1022.2	0.01045942	0.01139226	
1022.4	0.01127855	0.01240196	
1022.6	0.0114993	0.01340741	
1022.8	0.01240483	0.01440863	
1023	0.01323787	0.01540564	
1023.2	0.01366275	0.01639845	
1023.4	0.01454446	0.01738709	
1023.6	0.01559885	0.01837156	
1023.8	0.01643873	0.0193519	
1024	0.01770217	0.02032811	
1024.2	0.01858293	0.02130021	
1024.4	0.01939508	0.02226822	
1024.6	0.02049736	0.02323216	
1024.8	0.02165339	0.02419204	
1025	0.02308008	0.02514789	
1025.2	0.02414828	0.02609971	
1025.4	0.02532803	0.02704753	
1025.6	0.02647419	0.02799136	
1025.8	0.0273161	0.02893122	
1026	0.02798942	0.02986712	
1026.2	0.02874313	0.03079909	
1026.4	0.02948687	0.03172714	
1026.6	0.03010643	0.03265128	
1026.8	0.03098294	0.03357153	
1027	0.03187827	0.03448791	
1027.2	0.03270921	0.03540044	
1027.4	0.03366074	0.03630912	
1027.6	0.03416359	0.03721398	
1027.8	0.03477513	0.03811504	
1028	0.03580435	0.0390123	
1028.2	0.0367105	0.03990579	
1028.4	0.03794829	0.04079552	
1028.6	0.03928485	0.04168151	
1028.8	0.03999696	0.04256377	
1029	0.04113281	0.04344232	
1029.2	0.04209514	0.04431717	
1029.4	0.04299938	0.04518833	
1029.6	0.04413522	0.04605584	
1029.8	0.04478329	0.04691969	
1030	0.04513509	0.04777991	
1030.2	0.04620377	0.04863651	
1030.4	0.04713648	0.04948951	
1030.6	0.04780663	0.05033891	
1030.8	0.04838362	0.05118475	
1031	0.04907594	0.05202702	
1031.2	0.04942394	0.05286575	
1031.4	0.04989249	0.05370095	
1031.6	0.05007515	0.05453264	
1031.8	0.05126924	0.05536083	
1032	0.05245964	0.05618553	
1032.2	0.05366071	0.05700677	
1032.4	0.05453336	0.05782455	
1032.6	0.05546277	0.05863888	
1032.8	0.05627141	0.0594498	
1033	0.05712939	0.06025729	
1033.2	0.05831184	0.0610614	
1033.4	0.05992536	0.06186212	
1033.6	0.06118622	0.06265947	
1033.8	0.06233688	0.06345346	
1034	0.06358492	0.06424412	
1034.2	0.06513503	0.06503144	
1034.4	0.06658487	0.06581546	
1034.6	0.06758077	0.06659617	
1034.8	0.06850376	0.06737361	
1035	0.06937765	0.06814777	
1035.2	0.07049766	0.06891867	
1035.4	0.07143092	0.06968633	
1035.6	0.07212606	0.07045076	
1035.8	0.07366363	0.07121197	
1036	0.07465432	0.07196999	
1036.2	0.07565789	0.07272481	
1036.4	0.07684718	0.07347645	
1036.6	0.07766091	0.07422494	
1036.8	0.07857433	0.07497027	
1037	0.07940551	0.07571247	
1037.2	0.08101583	0.07645154	
1037.4	0.08245826	0.07718751	
1037.6	0.08341888	0.07792038	
1037.8	0.08429924	0.07865016	
1038	0.08531971	0.07937688	
1038.2	0.08602172	0.08010054	
1038.4	0.08696643	0.08082115	
1038.6	0.08720248	0.08153873	
1038.8	0.08788873	0.08225329	
1039	0.08894623	0.08296485	
1039.2	0.09010294	0.08367341	
1039.4	0.09072723	0.08437899	
1039.6	0.09174507	0.0850816	
1039.8	0.09300452	0.08578126	
1040	0.09388627	0.08647797	
1040.2	0.09530255	0.08717175	
1040.4	0.09671147	0.08786261	
1040.6	0.09743145	0.08855056	
1040.8	0.09891052	0.08923562	
1041	0.10003052	0.0899178	
1041.2	0.10169213	0.09059711	
1041.4	0.10287423	0.09127356	
1041.6	0.10441163	0.09194716	
1041.8	0.10554566	0.09261793	
1042	0.10677224	0.09328587	
1042.2	0.10754928	0.09395101	
1042.4	0.10851282	0.09461335	
1042.6	0.10955327	0.0952729	
1042.8	0.1110746	0.09592968	
1043	0.11201174	0.09658369	
1043.2	0.11291854	0.09723495	
1043.4	0.11354967	0.09788347	
1043.6	0.11471223	0.09852926	
1043.8	0.11567575	0.09917234	
1044	0.11659972	0.09981271	
1044.2	0.11750631	0.10045038	
1044.4	0.11850228	0.10108537	
1044.6	0.11951675	0.10171769	
1044.8	0.12042043	0.10234735	
1045	0.12105047	0.10297436	
1045.2	0.12211761	0.10359874	
1045.4	0.12310738	0.10422048	
1045.6	0.12445791	0.10483961	
1045.8	0.12530848	0.10545614	
1046	0.1260177	0.10607007	
1046.2	0.12705755	0.10668141	
1046.4	0.12761575	0.10729019	
1046.6	0.12842874	0.1078964	
1046.8	0.12898604	0.10850007	
1047	0.12955397	0.10910119	
1047.2	0.13041966	0.10969978	
1047.4	0.13144006	0.11029586	
1047.6	0.132669	0.11088943	
1047.8	0.13368294	0.1114805	
1048	0.13489751	0.11206908	
1048.2	0.13624775	0.11265519	
1048.4	0.13762309	0.11323883	
1048.6	0.13856548	0.11382002	
1048.8	0.13944071	0.11439876	
1049	0.1401315	0.11497506	
1049.2	0.14120338	0.11554894	
1049.4	0.14177813	0.11612041	
1049.6	0.14282466	0.11668947	
1049.8	0.14379939	0.11725613	
1050	0.14460323	0.11782042	
1050.2	0.14551702	0.11838233	
1050.4	0.14590761	0.11894187	
1050.6	0.14700956	0.11949906	
1050.8	0.14805238	0.12005391	
1051	0.14883488	0.12060642	
1051.2	0.14997643	0.1211566	
1051.4	0.15083465	0.12170448	
1051.6	0.15150819	0.12225004	
1051.8	0.15205603	0.12279331	
1052	0.15259397	0.1233343	
1052.2	0.1532669	0.12387301	
1052.4	0.15349155	0.12440945	
1052.6	0.15385572	0.12494364	
1052.8	0.15478959	0.12547557	
1053	0.15521263	0.12600527	
1053.2	0.15569938	0.12653275	
1053.4	0.15600039	0.127058	
1053.6	0.15688495	0.12758104	
1053.8	0.15808851	0.12810188	
1054	0.15885476	0.12862053	
1054.2	0.15970396	0.129137	
1054.4	0.16076609	0.12965129	
1054.6	0.16173357	0.13016342	
1054.8	0.1627518	0.1306734	
1055	0.16357661	0.13118123	
1055.2	0.16469755	0.13168692	
1055.4	0.16503719	0.13219049	
1055.6	0.16575592	0.13269194	
1055.8	0.16639679	0.13319128	
1056	0.16684773	0.13368851	
1056.2	0.16742265	0.13418366	
1056.4	0.1680454	0.13467672	
1056.6	0.16857095	0.1351677	
1056.8	0.16949713	0.13565662	
1057	0.16985357	0.13614349	
1057.2	0.17002653	0.1366283	
1057.4	0.17069234	0.13711108	
1057.6	0.17147645	0.13759182	
1057.8	0.17210064	0.13807055	
1058	0.17230769	0.13854725	
1058.2	0.17239628	0.13902195	
1058.4	0.17249867	0.13949466	
1058.6	0.17246047	0.13996537	
1058.8	0.17274872	0.14043411	
1059	0.17291358	0.14090087	
1059.2	0.17294076	0.14136567	
1059.4	0.17343552	0.14182851	
1059.6	0.17388326	0.14228941	
1059.8	0.17441561	0.14274837	
1060	0.17428119	0.14320539	
1060.2	0.17437631	0.14366049	
1060.4	0.17454587	0.14411368	
1060.6	0.174819	0.14456496	
1060.8	0.17532643	0.14501435	
1061	0.17557825	0.14546184	
1061.2	0.17596779	0.14590745	
1061.4	0.17640598	0.14635118	
1061.6	0.17629804	0.14679305	
1061.8	0.17629468	0.14723306	
1062	0.17630407	0.14767121	
1062.2	0.17609637	0.14810753	
1062.4	0.17635667	0.148542	
1062.6	0.17672168	0.14897465	
1062.8	0.17700628	0.14940548	
1063	0.17753328	0.1498345	
1063.2	0.17797009	0.15026171	
1063.4	0.1786468	0.15068712	
1063.6	0.17909881	0.15111075	
1063.8	0.17903711	0.15153259	
1064	0.17904927	0.15195265	
1064.2	0.17935717	0.15237095	
1064.4	0.17956668	0.15278749	
1064.6	0.18012474	0.15320228	
1064.8	0.18000707	0.15361532	
1065	0.18004296	0.15402662	
1065.2	0.18011627	0.1544362	
1065.4	0.18018999	0.15484405	
1065.6	0.18007106	0.15525018	
1065.8	0.18024234	0.15565461	
1066	0.18008267	0.15605733	
1066.2	0.18062516	0.15645836	
1066.4	0.18149217	0.1568577	
1066.6	0.18193588	0.15725536	
1066.8	0.18228123	0.15765135	
1067	0.18292665	0.15804567	
1067.2	0.18355682	0.15843833	
1067.4	0.18413931	0.15882935	
1067.6	0.18402153	0.15921871	
1067.8	0.18418211	0.15960644	
1068	0.18497438	0.15999254	
1068.2	0.18531445	0.16037701	
1068.4	0.18518071	0.16075986	
1068.6	0.18574335	0.1611411	
1068.8	0.18571287	0.16152074	
1069	0.18604994	0.16189879	
1069.2	0.18584223	0.16227524	
1069.4	0.1856883	0.1626501	
1069.6	0.18523672	0.16302339	
1069.8	0.18520952	0.16339511	
1070	0.18525076	0.16376527	
1070.2	0.18575195	0.16413387	
1070.4	0.18600832	0.16450092	
1070.6	0.18582278	0.16486642	
1070.8	0.18591658	0.16523038	
1071	0.18602107	0.16559282	
1071.2	0.18609509	0.16595373	
1071.4	0.18637829	0.16631312	
1071.6	0.18623878	0.166671	
1071.8	0.18678016	0.16702737	
1072	0.1873878	0.16738224	
1072.2	0.18735658	0.16773562	
1072.4	0.18733616	0.16808751	
1072.6	0.18830427	0.16843793	
1072.8	0.18839373	0.16878687	
1073	0.18841652	0.16913434	
1073.2	0.18818966	0.16948034	
1073.4	0.18815273	0.1698249	
1073.6	0.18841228	0.170168	
1073.8	0.18873627	0.17050966	
1074	0.18886493	0.17084988	
1074.2	0.18876585	0.17118867	
1074.4	0.18878794	0.17152603	
1074.6	0.18861493	0.17186198	
1074.8	0.18884786	0.17219651	
1075	0.18877365	0.17252964	
1075.2	0.18901395	0.17286136	
1075.4	0.18900035	0.17319169	
1075.6	0.18892842	0.17352062	
1075.8	0.18915255	0.17384818	
1076	0.1894556	0.17417435	
1076.2	0.1892302	0.17449915	
1076.4	0.18951705	0.17482259	
1076.6	0.18978746	0.17514466	
1076.8	0.1894734	0.17546538	
1077	0.18970699	0.17578476	
1077.2	0.18947453	0.17610278	
1077.4	0.18933777	0.17641947	
1077.6	0.18965643	0.17673483	
1077.8	0.18952736	0.17704886	
1078	0.18913933	0.17736157	
1078.2	0.18930191	0.17767296	
1078.4	0.18958204	0.17798304	
1078.6	0.18953674	0.17829182	
1078.8	0.18980343	0.1785993	
1079	0.18993871	0.17890548	
1079.2	0.18997249	0.17921038	
1079.4	0.18974524	0.17951399	
1079.6	0.19007548	0.17981633	
1079.8	0.19020432	0.18011739	
1080	0.19057467	0.18041719	
1080.2	0.19086923	0.18071573	
1080.4	0.19124304	0.18101301	
1080.6	0.19130436	0.18130904	
1080.8	0.19173636	0.18160382	
1081	0.19193206	0.18189736	
1081.2	0.19157025	0.18218967	
1081.4	0.19173612	0.18248075	
1081.6	0.19161965	0.18277061	
1081.8	0.1913417	0.18305924	
1082	0.19119086	0.18334666	
1082.2	0.19180994	0.18363287	
1082.4	0.19172083	0.18391788	
1082.6	0.19133645	0.18420168	
1082.8	0.19148747	0.1844843	
1083	0.19147304	0.18476572	
1083.2	0.19127882	0.18504596	
1083.4	0.1913578	0.18532502	
1083.6	0.19127232	0.18560291	
1083.8	0.19163858	0.18587963	
1084	0.19212381	0.18615518	
1084.2	0.19196741	0.18642957	
1084.4	0.19224711	0.18670281	
1084.6	0.19240301	0.1869749	
1084.8	0.19262175	0.18724585	
1085	0.19258802	0.18751565	
1085.2	0.19223515	0.18778432	
1085.4	0.19215142	0.18805186	
1085.6	0.19151465	0.18831828	
1085.8	0.19182734	0.18858357	
1086	0.19228277	0.18884775	
1086.2	0.19259398	0.18911081	
1086.4	0.19214122	0.18937277	
1086.6	0.19184114	0.18963363	
1086.8	0.19203153	0.18989338	
1087	0.19186441	0.19015205	
1087.2	0.191816	0.19040963	
1087.4	0.1916933	0.19066612	
1087.6	0.19175804	0.19092154	
1087.8	0.19190888	0.19117588	
1088	0.1916755	0.19142915	
1088.2	0.19134568	0.19168135	
1088.4	0.19125702	0.19193249	
1088.6	0.1910512	0.19218258	
1088.8	0.19104385	0.19243161	
1089	0.1909427	0.1926796	
1089.2	0.19049175	0.19292654	
1089.4	0.19055505	0.19317245	
1089.6	0.19059433	0.19341731	
1089.8	0.19147881	0.19366115	
1090	0.19177869	0.19390397	
1090.2	0.19182759	0.19414576	
1090.4	0.19145167	0.19438653	
1090.6	0.19210404	0.19462629	
1090.8	0.19229229	0.19486505	
1091	0.19292521	0.19510279	
1091.2	0.19334946	0.19533954	
1091.4	0.19392374	0.19557529	
1091.6	0.19414216	0.19581005	
1091.8	0.19453269	0.19604382	
1092	0.1947787	0.19627661	
1092.2	0.19474934	0.19650842	
1092.4	0.19461727	0.19673925	
1092.6	0.19471066	0.19696912	
1092.8	0.19493251	0.19719801	
1093	0.19469205	0.19742594	
1093.2	0.19486485	0.19765291	
1093.4	0.19475112	0.19787893	
1093.6	0.19489961	0.198104	
1093.8	0.19477563	0.19832812	
1094	0.19440046	0.1985513	
1094.2	0.19395047	0.19877353	
1094.4	0.19374686	0.19899484	
1094.6	0.19396261	0.19921521	
1094.8	0.19370884	0.19943465	
1095	0.19390084	0.19965318	
1095.2	0.19376235	0.19987078	
1095.4	0.19382431	0.20008746	
1095.6	0.19369304	0.20030324	
1095.8	0.19432161	0.20051811	
1096	0.19469809	0.20073207	
1096.2	0.19445833	0.20094513	
1096.4	0.19433366	0.2011573	
1096.6	0.19457331	0.20136857	
1096.8	0.1946934	0.20157895	
1097	0.19470331	0.20178845	
1097.2	0.19526317	0.20199707	
1097.4	0.19516443	0.20220481	
1097.6	0.19536716	0.20241168	
1097.8	0.19510442	0.20261767	
1098	0.19515389	0.2028228	
1098.2	0.19488956	0.20302707	
1098.4	0.19478796	0.20323048	
1098.6	0.19451368	0.20343303	
1098.8	0.19422586	0.20363472	
1099	0.1941474	0.20383557	
1099.2	0.19412987	0.20403558	
1099.4	0.19400941	0.20423474	
1099.6	0.19418873	0.20443307	
1099.8	0.19452059	0.20463056	
1100	0.19479333	0.20482722	
1100.2	0.19437029	0.20502305	
1100.4	0.19399748	0.20521806	
1100.6	0.19406292	0.20541225	
1100.8	0.19396488	0.20560562	
1101	0.19416385	0.20579818	
1101.2	0.19434259	0.20598992	
1101.4	0.19434192	0.20618086	
1101.6	0.19462621	0.206371	
1101.8	0.19463753	0.20656034	
1102	0.19481254	0.20674888	
1102.2	0.19509827	0.20693662	
1102.4	0.19580975	0.20712358	
1102.6	0.19631557	0.20730975	
1102.8	0.19651568	0.20749514	
1103	0.19639698	0.20767975	
1103.2	0.19674378	0.20786358	
1103.4	0.19707846	0.20804664	
1103.6	0.1973326	0.20822892	
1103.8	0.19716093	0.20841044	
1104	0.19746769	0.2085912	
1104.2	0.19683544	0.20877119	
1104.4	0.19642398	0.20895043	
1104.6	0.19623864	0.20912892	
1104.8	0.19595758	0.20930665	
1105	0.19591583	0.20948364	
1105.2	0.19570512	0.20965988	
1105.4	0.19526513	0.20983538	
1105.6	0.19541161	0.21001014	
1105.8	0.19517905	0.21018416	
1106	0.19561332	0.21035746	
1106.2	0.19610437	0.21053002	
1106.4	0.1962503	0.21070186	
1106.6	0.19596213	0.21087297	
1106.8	0.19565683	0.21104337	
1107	0.19541701	0.21121305	
1107.2	0.19599867	0.21138201	
1107.4	0.19607316	0.21155027	
1107.6	0.19604919	0.21171781	
1107.8	0.19582163	0.21188465	
1108	0.19591605	0.21205079	
1108.2	0.19557235	0.21221623	
1108.4	0.19592937	0.21238097	
1108.6	0.1958562	0.21254502	
1108.8	0.19598026	0.21270838	
1109	0.19604082	0.21287106	
1109.2	0.19608618	0.21303305	
1109.4	0.19569005	0.21319435	
1109.6	0.19579609	0.21335498	
1109.8	0.19556422	0.21351493	
1110	0.195818	0.21367421	
1110.2	0.19595329	0.21383282	
1110.4	0.19570548	0.21399076	
1110.6	0.1956078	0.21414804	
1110.8	0.19557116	0.21430466	
1111	0.19564943	0.21446061	
1111.2	0.19595556	0.21461591	
1111.4	0.19597321	0.21477056	
1111.6	0.19626141	0.21492456	
1111.8	0.19644763	0.21507791	
1112	0.19701313	0.21523061	
1112.2	0.19719588	0.21538267	
1112.4	0.1977666	0.21553409	
1112.6	0.19764863	0.21568487	
1112.8	0.19769962	0.21583502	
1113	0.19738092	0.21598454	
1113.2	0.19729182	0.21613343	
1113.4	0.19700217	0.21628169	
1113.6	0.19692484	0.21642933	
1113.8	0.19709527	0.21657635	
1114	0.19694047	0.21672275	
1114.2	0.19675474	0.21686853	
1114.4	0.19635979	0.2170137	
1114.6	0.19610585	0.21715826	
1114.8	0.19632812	0.21730221	
1115	0.19644411	0.21744555	
1115.2	0.19691045	0.21758829	
1115.4	0.19735173	0.21773043	
1115.6	0.19787128	0.21787198	
1115.8	0.19832919	0.21801293	
1116	0.19869062	0.21815328	
1116.2	0.198315	0.21829304	
1116.4	0.19850691	0.21843222	
1116.6	0.19865318	0.21857081	
1116.8	0.19900256	0.21870882	
1117	0.19904329	0.21884624	
1117.2	0.19924752	0.21898309	
1117.4	0.19914805	0.21911936	
1117.6	0.19904764	0.21925506	
1117.8	0.19923024	0.21939019	
1118	0.19860216	0.21952475	
1118.2	0.19866032	0.21965874	
1118.4	0.19861209	0.21979217	
1118.6	0.19828677	0.21992504	
1118.8	0.19808766	0.22005735	
1119	0.19796086	0.2201891	
1119.2	0.19833693	0.2203203	
1119.4	0.19816921	0.22045095	
1119.6	0.19817392	0.22058104	
1119.8	0.19841312	0.22071059	
1120	0.19812121	0.2208396	
1120.2	0.19799655	0.22096806	
1120.4	0.19804818	0.22109598	
1120.6	0.19860055	0.22122336	
1120.8	0.19913924	0.22135021	
1121	0.19911341	0.22147652	
1121.2	0.19943987	0.2216023	
1121.4	0.19945415	0.22172756	
1121.6	0.19971649	0.22185228	
1121.8	0.19968341	0.22197648	
1122	0.19929102	0.22210016	
1122.2	0.19950807	0.22222332	
1122.4	0.19917065	0.22234596	
1122.6	0.19902891	0.22246808	
1122.8	0.19883211	0.22258969	
1123	0.19892504	0.22271079	
1123.2	0.1991702	0.22283137	
1123.4	0.19901684	0.22295146	
1123.6	0.19929359	0.22307103	
1123.8	0.19892497	0.2231901	
1124	0.19882532	0.22330868	
1124.2	0.1988655	0.22342675	
1124.4	0.19888597	0.22354432	
1124.6	0.19954776	0.22366141	
1124.8	0.19986546	0.22377799	
1125	0.19994517	0.22389409	
1125.2	0.20036561	0.2240097	
1125.4	0.19999969	0.22412483	
1125.6	0.19964112	0.22423946	
1125.8	0.19929214	0.22435362	
1126	0.19937405	0.2244673	
1126.2	0.19949973	0.2245805	
1126.4	0.19940226	0.22469322	
1126.6	0.19934665	0.22480546	
1126.8	0.19907073	0.22491724	
1127	0.19899847	0.22502854	
1127.2	0.19908361	0.22513938	
1127.4	0.19879514	0.22524975	
1127.6	0.1985894	0.22535966	
1127.8	0.1984361	0.2254691	
1128	0.19841482	0.22557808	
1128.2	0.19805174	0.22568661	
1128.4	0.19843723	0.22579468	
1128.6	0.19892593	0.22590229	
1128.8	0.19846481	0.22600945	
1129	0.19853668	0.22611616	
1129.2	0.19838966	0.22622242	
1129.4	0.19782911	0.22632823	
1129.6	0.19789771	0.2264336	
1129.8	0.19789763	0.22653852	
1130	0.19809248	0.22664301	
1130.2	0.19790318	0.22674705	
1130.4	0.19815748	0.22685066	
1130.6	0.1978457	0.22695383	
1130.8	0.19797475	0.22705656	
1131	0.19786609	0.22715887	
1131.2	0.19772779	0.22726074	
1131.4	0.19765878	0.22736219	
1131.6	0.19792941	0.2274632	
1131.8	0.19785771	0.2275638	
1132	0.19761656	0.22766397	
1132.2	0.19799833	0.22776371	
1132.4	0.19844821	0.22786304	
1132.6	0.19849892	0.22796195	
1132.8	0.19840066	0.22806045	
1133	0.19881772	0.22815853	
1133.2	0.19908099	0.2282562	
1133.4	0.19932847	0.22835345	
1133.6	0.19952157	0.2284503	
1133.8	0.19945381	0.22854674	
1134	0.19932638	0.22864277	
1134.2	0.19924716	0.2287384	
1134.4	0.19935804	0.22883363	
1134.6	0.19905075	0.22892846	
1134.8	0.19959588	0.22902288	
1135	0.19958132	0.22911691	
1135.2	0.19954125	0.22921055	
1135.4	0.19980043	0.22930379	
1135.6	0.19998886	0.22939664	
1135.8	0.19985017	0.2294891	
1136	0.199995	0.22958117	
1136.2	0.20036504	0.22967285	
1136.4	0.19985407	0.22976414	
1136.6	0.19942155	0.22985506	
1136.8	0.19962351	0.22994559	
1137	0.19961814	0.23003573	
1137.2	0.19975153	0.2301255	
1137.4	0.19982924	0.23021489	
1137.6	0.19950334	0.23030391	
1137.8	0.19941486	0.23039255	
1138	0.1991854	0.23048082	
1138.2	0.19928698	0.23056871	
1138.4	0.19935414	0.23065624	
1138.6	0.1996227	0.2307434	
1138.8	0.19988436	0.23083019	
1139	0.19984216	0.23091662	
1139.2	0.19988321	0.23100268	
1139.4	0.20010587	0.23108838	
1139.6	0.20014852	0.23117372	
1139.8	0.20014847	0.2312587	
1140	0.22351203	0.23134371	
1140.2	0.22205386	0.2312193	
1140.4	0.22049206	0.23109496	
1140.6	0.21891638	0.23097069	
1140.8	0.21718547	0.23084648	
1141	0.21554954	0.23072234	
1141.2	0.21394979	0.23059827	
1141.4	0.21261656	0.23047426	
1141.6	0.21141596	0.23035032	
1141.8	0.21049525	0.23022645	
1142	0.21005231	0.23010264	
1142.2	0.20987254	0.2299789	
1142.4	0.209447	0.22985523	
1142.6	0.20900415	0.22973162	
1142.8	0.20823745	0.22960808	
1143	0.20820012	0.22948461	
1143.2	0.20791138	0.2293612	
1143.4	0.20778628	0.22923786	
1143.6	0.20732617	0.22911459	
1143.8	0.20690953	0.22899138	
1144	0.20617867	0.22886823	
1144.2	0.20573624	0.22874516	
1144.4	0.20515579	0.22862215	
1144.6	0.20434328	0.2284992	
1144.8	0.20379387	0.22837633	
1145	0.2033839	0.22825352	
1145.2	0.20306098	0.22813077	
1145.4	0.20277124	0.22800809	
1145.6	0.20272677	0.22788548	
1145.8	0.20254984	0.22776293	
1146	0.20257125	0.22764045	
1146.2	0.2024278	0.22751803	
1146.4	0.20250008	0.22739568	
1146.6	0.20231748	0.2272734	
1146.8	0.20202901	0.22715118	
1147	0.20219576	0.22702903	
1147.2	0.20205371	0.22690694	
1147.4	0.20193019	0.22678492	
1147.6	0.20166864	0.22666296	
1147.8	0.20140004	0.22654107	
1148	0.20068782	0.22641925	
1148.2	0.2003504	0.22629749	
1148.4	0.20030821	0.22617579	
1148.6	0.19992725	0.22605417	
1148.8	0.19998312	0.2259326	
1149	0.20000549	0.22581111	
1149.2	0.2000845	0.22568967	
1149.4	0.20064077	0.22556831	
1149.6	0.20097418	0.225447	
1149.8	0.20083047	0.22532577	
1150	0.20063899	0.2252046	
1150.2	0.2006105	0.22508349	
1150.4	0.20018557	0.22496245	
1150.6	0.20001439	0.22484147	
1150.8	0.19968619	0.22472056	
1151	0.2003944	0.22459972	
1151.2	0.19979646	0.22447894	
1151.4	0.1991578	0.22435822	
1151.6	0.19894085	0.22423757	
1151.8	0.19885268	0.22411698	
1152	0.1984033	0.22399646	
1152.2	0.19818199	0.22387601	
1152.4	0.19772342	0.22375562	
1152.6	0.19732301	0.22363529	
1152.8	0.19707586	0.22351503	
1153	0.19699823	0.22339483	
1153.2	0.19713021	0.2232747	
1153.4	0.19752202	0.22315463	
1153.6	0.19727236	0.22303462	
1153.8	0.19728819	0.22291469	
1154	0.19688013	0.22279481	
1154.2	0.19706007	0.222675	
1154.4	0.1968702	0.22255526	
1154.6	0.19715099	0.22243557	
1154.8	0.19703607	0.22231596	
1155	0.19686156	0.2221964	
1155.2	0.19645477	0.22207692	
1155.4	0.19672742	0.22195749	
1155.6	0.19696869	0.22183813	
1155.8	0.19721213	0.22171884	
1156	0.19707248	0.22159961	
1156.2	0.19700219	0.22148044	
1156.4	0.19664241	0.22136133	
1156.6	0.19685832	0.2212423	
1156.8	0.19667569	0.22112332	
1157	0.19668401	0.22100441	
1157.2	0.19667418	0.22088556	
1157.4	0.19651238	0.22076678	
1157.6	0.19685485	0.22064806	
1157.8	0.19715124	0.2205294	
1158	0.1968614	0.22041081	
1158.2	0.19718316	0.22029228	
1158.4	0.19694604	0.22017382	
1158.6	0.19688003	0.22005542	
1158.8	0.19691134	0.21993708	
1159	0.19653916	0.21981881	
1159.2	0.19686974	0.2197006	
1159.4	0.19704869	0.21958245	
1159.6	0.19691133	0.21946437	
1159.8	0.19700323	0.21934635	
1160	0.19685848	0.21922839	
1160.2	0.19694257	0.2191105	
1160.4	0.19662288	0.21899267	
1160.6	0.19680846	0.21887491	
1160.8	0.19689815	0.21875721	
1161	0.19677246	0.21863957	
1161.2	0.19651687	0.21852199	
1161.4	0.19646393	0.21840448	
1161.6	0.19675666	0.21828703	
1161.8	0.19643967	0.21816964	
1162	0.19584551	0.21805232	
1162.2	0.19578263	0.21793506	
1162.4	0.19582146	0.21781786	
1162.6	0.19562819	0.21770073	
1162.8	0.19540298	0.21758366	
1163	0.19522266	0.21746665	
1163.2	0.19486132	0.21734971	
1163.4	0.19490308	0.21723283	
1163.6	0.1949302	0.21711601	
1163.8	0.19511735	0.21699925	
1164	0.19510173	0.21688256	
1164.2	0.19550164	0.21676593	
1164.4	0.19581379	0.21664936	
1164.6	0.19611092	0.21653285	
1164.8	0.19609109	0.21641641	
1165	0.19597223	0.21630003	
1165.2	0.19585815	0.21618371	
1165.4	0.19539082	0.21606746	
1165.6	0.19522828	0.21595127	
1165.8	0.19487058	0.21583514	
1166	0.19469594	0.21571907	
1166.2	0.19488941	0.21560306	
1166.4	0.19512619	0.21548712	
1166.6	0.19463217	0.21537124	
1166.8	0.19454169	0.21525542	
1167	0.19470828	0.21513967	
1167.2	0.19409034	0.21502397	
1167.4	0.1946937	0.21490834	
1167.6	0.19490253	0.21479277	
1167.8	0.19488824	0.21467727	
1168	0.19462381	0.21456182	
1168.2	0.19497136	0.21444644	
1168.4	0.19508634	0.21433112	
1168.6	0.19480815	0.21421586	
1168.8	0.19456714	0.21410066	
1169	0.19440406	0.21398553	
1169.2	0.19411111	0.21387045	
1169.4	0.19368729	0.21375544	
1169.6	0.1938895	0.21364049	
1169.8	0.19382778	0.21352561	
1170	0.19380655	0.21341078	
1170.2	0.19385431	0.21329602	
1170.4	0.19382713	0.21318132	
1170.6	0.19336652	0.21306668	
1170.8	0.19331409	0.2129521	
1171	0.19324254	0.21283758	
1171.2	0.19315772	0.21272312	
1171.4	0.19358318	0.21260873	
1171.6	0.19332533	0.2124944	
1171.8	0.19314387	0.21238013	
1172	0.19313098	0.21226592	
1172.2	0.19299749	0.21215177	
1172.4	0.19264078	0.21203768	
1172.6	0.19232938	0.21192366	
1172.8	0.19231219	0.21180969	
1173	0.19233278	0.21169579	
1173.2	0.19216084	0.21158195	
1173.4	0.19210238	0.21146817	
1173.6	0.19190254	0.21135445	
1173.8	0.19151912	0.21124079	
1174	0.19159736	0.21112719	
1174.2	0.19150084	0.21101366	
1174.4	0.19182883	0.21090018	
1174.6	0.1917575	0.21078677	
1174.8	0.19226969	0.21067342	
1175	0.19228933	0.21056013	
1175.2	0.19231784	0.2104469	
1175.4	0.19233402	0.21033373	
1175.6	0.19213668	0.21022062	
1175.8	0.19190603	0.21010757	
1176	0.19203832	0.20999458	
1176.2	0.19198979	0.20988165	
1176.4	0.1916306	0.20976879	
1176.6	0.1914957	0.20965598	
1176.8	0.1914703	0.20954324	
1177	0.19123909	0.20943055	
1177.2	0.19089583	0.20931793	
1177.4	0.19069579	0.20920537	
1177.6	0.19019671	0.20909287	
1177.8	0.19050468	0.20898042	
1178	0.19059024	0.20886804	
1178.2	0.1905361	0.20875572	
1178.4	0.19053619	0.20864346	
1178.6	0.19033745	0.20853126	
1178.8	0.19041778	0.20841912	
1179	0.18982372	0.20830704	
1179.2	0.18940483	0.20819502	
1179.4	0.18948309	0.20808306	
1179.6	0.18901992	0.20797117	
1179.8	0.18888741	0.20785933	
1180	0.1891238	0.20774755	
1180.2	0.18917686	0.20763583	
1180.4	0.18859835	0.20752417	
1180.6	0.18904672	0.20741257	
1180.8	0.18935072	0.20730104	
1181	0.18974333	0.20718956	
1181.2	0.18999189	0.20707814	
1181.4	0.19026782	0.20696678	
1181.6	0.19022992	0.20685548	
1181.8	0.19065605	0.20674424	
1182	0.19047635	0.20663307	
1182.2	0.1906911	0.20652195	
1182.4	0.19061284	0.20641089	
1182.6	0.19034826	0.20629989	
1182.8	0.19016026	0.20618895	
1183	0.18967672	0.20607807	
1183.2	0.18958859	0.20596725	
1183.4	0.18902708	0.20585649	
1183.6	0.18859971	0.20574578	
1183.8	0.18885546	0.20563514	
1184	0.1887086	0.20552456	
1184.2	0.18862717	0.20541404	
1184.4	0.18837118	0.20530357	
1184.6	0.18871767	0.20519317	
1184.8	0.18859441	0.20508283	
1185	0.18863495	0.20497254	
1185.2	0.18826514	0.20486231	
1185.4	0.18817754	0.20475215	
1185.6	0.1879909	0.20464204	
1185.8	0.18822427	0.20453199	
1186	0.18893986	0.204422	
1186.2	0.18925734	0.20431207	
1186.4	0.18939518	0.2042022	
1186.6	0.18939223	0.20409239	
1186.8	0.18971358	0.20398264	
1187	0.18970167	0.20387294	
1187.2	0.18984448	0.20376331	
1187.4	0.18978309	0.20365373	
1187.6	0.18985367	0.20354422	
1187.8	0.18954831	0.20343476	
1188	0.18921801	0.20332536	
1188.2	0.18871703	0.20321602	
1188.4	0.1884093	0.20310674	
1188.6	0.18790365	0.20299752	
1188.8	0.18728934	0.20288835	
1189	0.18712889	0.20277925	
1189.2	0.18670486	0.2026702	
1189.4	0.18671945	0.20256121	
1189.6	0.18692155	0.20245228	
1189.8	0.18734676	0.20234341	
1190	0.18783282	0.2022346	
1190.2	0.18764104	0.20212585	
1190.4	0.18752412	0.20201715	
1190.6	0.1876504	0.20190851	
1190.8	0.18785742	0.20179994	
1191	0.18836549	0.20169142	
1191.2	0.18829038	0.20158295	
1191.4	0.18771663	0.20147455	
1191.6	0.18716984	0.20136621	
1191.8	0.18701986	0.20125792	
1192	0.18700354	0.20114969	
1192.2	0.1866512	0.20104152	
1192.4	0.18657814	0.20093341	
1192.6	0.18618573	0.20082535	
1192.8	0.18606078	0.20071736	
1193	0.18621011	0.20060942	
1193.2	0.18638844	0.20050154	
1193.4	0.18658602	0.20039372	
1193.6	0.1868532	0.20028596	
1193.8	0.18706537	0.20017825	
1194	0.18722128	0.2000706	
1194.2	0.18714329	0.19996301	
1194.4	0.18713617	0.19985548	
1194.6	0.18722752	0.19974801	
1194.8	0.18715426	0.19964059	
1195	0.18707923	0.19953323	
1195.2	0.18636186	0.19942593	
1195.4	0.18598124	0.19931869	
1195.6	0.18632772	0.1992115	
1195.8	0.18635511	0.19910437	
1196	0.18664431	0.1989973	
1196.2	0.18655833	0.19889029	
1196.4	0.18651272	0.19878334	
1196.6	0.1866284	0.19867644	
1196.8	0.18675559	0.1985696	
1197	0.18692462	0.19846281	
1197.2	0.18726428	0.19835609	
1197.4	0.18742031	0.19824942	
1197.6	0.18771641	0.19814281	
1197.8	0.18744563	0.19803626	
1198	0.18759165	0.19792976	
1198.2	0.18726622	0.19782332	
1198.4	0.18727654	0.19771694	
1198.6	0.18683799	0.19761062	
1198.8	0.18636396	0.19750435	
1199	0.18638534	0.19739814	
1199.2	0.18612926	0.19729199	
1199.4	0.18630044	0.19718589	
1199.6	0.18629586	0.19707985	
1199.8	0.18594617	0.19697387	
1200	0.18572388	0.19686795	
1200.2	0.18526866	0.19676208	
1200.4	0.18519425	0.19665627	
1200.6	0.18511481	0.19655051	
1200.8	0.18514495	0.19644482	
1201	0.18526193	0.19633918	
1201.2	0.18504203	0.19623359	
1201.4	0.18476835	0.19612807	
1201.6	0.18470103	0.1960226	
1201.8	0.18422924	0.19591718	
1202	0.1844979	0.19581183	
1202.2	0.18502885	0.19570653	
1202.4	0.18513523	0.19560129	
1202.6	0.18501114	0.1954961	
1202.8	0.1848992	0.19539097	
1203	0.18501449	0.1952859	
1203.2	0.18478495	0.19518088	
1203.4	0.18447817	0.19507592	
1203.6	0.18395215	0.19497101	
1203.8	0.18343425	0.19486617	
1204	0.18297898	0.19476138	
1204.2	0.18266709	0.19465664	
1204.4	0.18252385	0.19455196	
1204.6	0.18268506	0.19444734	
1204.8	0.18260792	0.19434277	
1205	0.18248401	0.19423826	
1205.2	0.18241131	0.19413381	
1205.4	0.1825623	0.19402941	
1205.6	0.18290143	0.19392507	
1205.8	0.18342607	0.19382079	
1206	0.18396842	0.19371656	
1206.2	0.18505704	0.19361238	
1206.4	0.18482248	0.19350827	
1206.6	0.1846183	0.19340421	
1206.8	0.18476773	0.1933002	
1207	0.18496923	0.19319625	
1207.2	0.18482543	0.19309236	
1207.4	0.18453889	0.19298852	
1207.6	0.18444418	0.19288474	
1207.8	0.18419702	0.19278101	
1208	0.18390352	0.19267735	
1208.2	0.18363362	0.19257373	
1208.4	0.18332588	0.19247017	
1208.6	0.1831578	0.19236667	
1208.8	0.18248129	0.19226322	
1209	0.18253077	0.19215983	
1209.2	0.18245814	0.1920565	
1209.4	0.18217552	0.19195322	
1209.6	0.18267532	0.19184999	
1209.8	0.1828814	0.19174682	
1210	0.18278818	0.19164371	
1210.2	0.18301568	0.19154065	
1210.4	0.1827536	0.19143765	
1210.6	0.18302367	0.1913347	
1210.8	0.1834313	0.19123181	
1211	0.18346981	0.19112897	
1211.2	0.18335483	0.19102619	
1211.4	0.183093	0.19092346	
1211.6	0.18291484	0.19082079	
1211.8	0.18249609	0.19071818	
1212	0.18243385	0.19061561	
1212.2	0.18234875	0.19051311	
1212.4	0.18193263	0.19041066	
1212.6	0.18162369	0.19030826	
1212.8	0.18106611	0.19020592	
1213	0.18063864	0.19010364	
1213.2	0.18022342	0.19000141	
1213.4	0.18017546	0.18989923	
1213.6	0.18022715	0.18979711	
1213.8	0.1795188	0.18969505	
1214	0.17974381	0.18959304	
1214.2	0.18023586	0.18949108	
1214.4	0.18040046	0.18938918	
1214.6	0.18046376	0.18928734	
1214.8	0.18074142	0.18918554	
1215	0.18117235	0.18908381	
1215.2	0.18126115	0.18898213	
1215.4	0.18126034	0.1888805	
1215.6	0.1812442	0.18877893	
1215.8	0.18132501	0.18867741	
1216	0.18154547	0.18857595	
1216.2	0.18143249	0.18847454	
1216.4	0.18117421	0.18837318	
1216.6	0.18093876	0.18827188	
1216.8	0.18013119	0.18817064	
1217	0.17932505	0.18806945	
1217.2	0.17903219	0.18796831	
1217.4	0.17867859	0.18786723	
1217.6	0.17832141	0.1877662	
1217.8	0.17792611	0.18766523	
1218	0.17803349	0.18756431	
1218.2	0.17801612	0.18746345	
1218.4	0.17779217	0.18736264	
1218.6	0.17788869	0.18726188	
1218.8	0.17855358	0.18716118	
1219	0.17877446	0.18706053	
1219.2	0.17901216	0.18695994	
1219.4	0.17910831	0.1868594	
1219.6	0.17940798	0.18675891	
1219.8	0.17958205	0.18665848	
1220	0.17936187	0.1865581	
1220.2	0.17956682	0.18645778	
1220.4	0.17975943	0.18635751	
1220.6	0.17938691	0.18625729	
1220.8	0.17923828	0.18615713	
1221	0.17928657	0.18605702	
1221.2	0.17969324	0.18595697	
1221.4	0.17969059	0.18585697	
1221.6	0.17940282	0.18575702	
1221.8	0.17928078	0.18565713	
1222	0.17896477	0.18555729	
1222.2	0.17879083	0.18545751	
1222.4	0.17881622	0.18535778	
1222.6	0.17898143	0.1852581	
1222.8	0.17912284	0.18515847	
1223	0.1792607	0.1850589	
1223.2	0.17906435	0.18495939	
1223.4	0.17885157	0.18485992	
1223.6	0.17892109	0.18476051	
1223.8	0.17860262	0.18466115	
1224	0.17833879	0.18456185	
1224.2	0.17861667	0.1844626	
1224.4	0.17805502	0.1843634	
1224.6	0.17813895	0.18426426	
1224.8	0.17815385	0.18416517	
1225	0.17797679	0.18406613	
1225.2	0.17792049	0.18396715	
1225.4	0.17761905	0.18386822	
1225.6	0.1779339	0.18376934	
1225.8	0.17784001	0.18367052	
1226	0.17764023	0.18357175	
1226.2	0.17770994	0.18347303	
1226.4	0.1774172	0.18337437	
1226.6	0.17750311	0.18327576	
1226.8	0.17730163	0.1831772	
1227	0.17702973	0.18307869	
1227.2	0.17697839	0.18298024	
1227.4	0.17700123	0.18288184	
1227.6	0.17654338	0.18278349	
1227.8	0.17663915	0.1826852	
1228	0.17647897	0.18258696	
1228.2	0.17633711	0.18248877	
1228.4	0.17591765	0.18239064	
1228.6	0.17614586	0.18229255	
1228.8	0.17555777	0.18219452	
1229	0.17608219	0.18209655	
1229.2	0.17625733	0.18199862	
1229.4	0.17654846	0.18190075	
1229.6	0.1769566	0.18180293	
1229.8	0.17668668	0.18170517	
1230	0.17668327	0.18160745	
1230.2	0.17654211	0.18150979	
1230.4	0.17607072	0.18141218	
1230.6	0.17643047	0.18131463	
1230.8	0.17620692	0.18121712	
1231	0.17615321	0.18111967	
1231.2	0.17624108	0.18102227	
1231.4	0.17582611	0.18092493	
1231.6	0.17586188	0.18082763	
1231.8	0.17601466	0.18073039	
1232	0.17567268	0.1806332	
1232.2	0.17579155	0.18053606	
1232.4	0.17557833	0.18043898	
1232.6	0.17562705	0.18034195	
1232.8	0.17571239	0.18024497	
1233	0.17595742	0.18014804	
1233.2	0.17604144	0.18005116	
1233.4	0.17602899	0.17995434	
1233.6	0.17580595	0.17985756	
1233.8	0.17594109	0.17976084	
1234	0.17545525	0.17966418	
1234.2	0.1752559	0.17956756	
1234.4	0.17514982	0.179471	
1234.6	0.17499082	0.17937448	
1234.8	0.17420429	0.17927802	
1235	0.17401467	0.17918161	
1235.2	0.17354525	0.17908526	
1235.4	0.17312505	0.17898895	
1235.6	0.17305867	0.1788927	
1235.8	0.17301932	0.1787965	
1236	0.17323716	0.17870035	
1236.2	0.17357799	0.17860425	
1236.4	0.17380813	0.1785082	
1236.6	0.17429194	0.17841221	
1236.8	0.17424681	0.17831627	
1237	0.17441264	0.17822038	
1237.2	0.17484654	0.17812454	
1237.4	0.17476074	0.17802875	
1237.6	0.17484372	0.17793301	
1237.8	0.1751898	0.17783733	
1238	0.17496139	0.17774169	
1238.2	0.17530733	0.17764611	
1238.4	0.17528151	0.17755058	
1238.6	0.17500149	0.1774551	
1238.8	0.17471516	0.17735967	
1239	0.17487457	0.17726429	
1239.2	0.17481171	0.17716897	
1239.4	0.17452369	0.17707369	
1239.6	0.17472901	0.17697847	
1239.8	0.17493375	0.1768833	
1240	0.17452013	0.17678818	
1240.2	0.17462336	0.17669311	
1240.4	0.17463117	0.17659809	
1240.6	0.17413592	0.17650312	
1240.8	0.17375653	0.17640821	
1241	0.17360058	0.17631334	
1241.2	0.17352098	0.17621853	
1241.4	0.17295762	0.17612376	
1241.6	0.17286887	0.17602905	
1241.8	0.17261503	0.17593439	
1242	0.17230936	0.17583978	
1242.2	0.17199178	0.17574522	
1242.4	0.17168915	0.17565071	
1242.6	0.17170703	0.17555625	
1242.8	0.17206506	0.17546185	
1243	0.17217434	0.17536749	
1243.2	0.17256707	0.17527318	
1243.4	0.17263642	0.17517893	
1243.6	0.17255254	0.17508473	
1243.8	0.17243994	0.17499057	
1244	0.17212799	0.17489647	
1244.2	0.1725163	0.17480242	
1244.4	0.17232851	0.17470841	
1244.6	0.17181839	0.17461446	
1244.8	0.17196773	0.17452056	
1245	0.17188995	0.17442671	
1245.2	0.17176003	0.17433291	
1245.4	0.17149116	0.17423916	
1245.6	0.17149173	0.17414547	
1245.8	0.1711592	0.17405182	
1246	0.17098744	0.17395822	
1246.2	0.17094389	0.17386467	
1246.4	0.17119685	0.17377117	
1246.6	0.17118463	0.17367773	
1246.8	0.17135198	0.17358433	
1247	0.17130938	0.17349098	
1247.2	0.17211785	0.17339769	
1247.4	0.17197146	0.17330444	
1247.6	0.17185721	0.17321124	
1247.8	0.17185157	0.1731181	
1248	0.17171892	0.173025	
1248.2	0.17215454	0.17293196	
1248.4	0.17227542	0.17283896	
1248.6	0.17180833	0.17274601	
1248.8	0.17198808	0.17265312	
1249	0.17190752	0.17256027	
1249.2	0.1714298	0.17246748	
1249.4	0.17117005	0.17237473	
1249.6	0.17081438	0.17228203	
1249.8	0.17087626	0.17218939	
1250	0.17098837	0.17209679	
1250.2	0.17100133	0.17200424	
1250.4	0.17068532	0.17191175	
1250.6	0.17032493	0.1718193	
1250.8	0.17066258	0.1717269	
1251	0.17125636	0.17163455	
1251.2	0.17166144	0.17154226	
1251.4	0.17114682	0.17145001	
1251.6	0.17112668	0.17135781	
1251.8	0.17131296	0.17126566	
1252	0.17160986	0.17117356	
1252.2	0.17184341	0.17108151	
1252.4	0.17163705	0.17098951	
1252.6	0.17114522	0.17089756	
1252.8	0.17116234	0.17080566	
1253	0.17111759	0.1707138	
1253.2	0.17054326	0.170622	
1253.4	0.17029933	0.17053025	
1253.6	0.1703823	0.17043854	
1253.8	0.17018901	0.17034689	
1254	0.1700594	0.17025528	
1254.2	0.16978034	0.17016373	
1254.4	0.16937483	0.17007222	
1254.6	0.1690847	0.16998076	
1254.8	0.16939531	0.16988935	
1255	0.16937026	0.16979799	
1255.2	0.16902213	0.16970668	
1255.4	0.16871332	0.16961542	
1255.6	0.16851036	0.16952421	
1255.8	0.16867991	0.16943304	
1256	0.16851981	0.16934193	
1256.2	0.16872972	0.16925086	
1256.4	0.16887367	0.16915985	
1256.6	0.16933336	0.16906888	
1256.8	0.16942622	0.16897796	
1257	0.16951302	0.16888709	
1257.2	0.16934344	0.16879627	
1257.4	0.16916525	0.1687055	
1257.6	0.16911917	0.16861478	
1257.8	0.16910952	0.1685241	
1258	0.16871496	0.16843348	
1258.2	0.16863575	0.1683429	
1258.4	0.16825572	0.16825237	
1258.6	0.16833178	0.16816189	
1258.8	0.16838362	0.16807146	
1259	0.16863662	0.16798108	
1259.2	0.16806577	0.16789075	
1259.4	0.16808847	0.16780046	
1259.6	0.16777494	0.16771023	
1259.8	0.16792817	0.16762004	
1260	0.1678611	0.1675299	
1260.2	0.16792953	0.16743981	
1260.4	0.16762412	0.16734976	
1260.6	0.16753298	0.16725977	
1260.8	0.16757971	0.16716983	
1261	0.1677237	0.16707993	
1261.2	0.16779834	0.16699008	
1261.4	0.16808079	0.16690028	
1261.6	0.16821887	0.16681053	
1261.8	0.16840913	0.16672082	
1262	0.16822368	0.16663117	
1262.2	0.16849652	0.16654156	
1262.4	0.16838051	0.166452	
1262.6	0.16873215	0.16636249	
1262.8	0.1684922	0.16627303	
1263	0.16825612	0.16618361	
1263.2	0.16750359	0.16609424	
1263.4	0.1676471	0.16600492	
1263.6	0.1673701	0.16591565	
1263.8	0.16730912	0.16582643	
1264	0.16719916	0.16573726	
1264.2	0.16705853	0.16564813	
1264.4	0.1667869	0.16555905	
1264.6	0.16674049	0.16547002	
1264.8	0.16722971	0.16538104	
1265	0.16722205	0.1652921	
1265.2	0.16756583	0.16520321	
1265.4	0.16823984	0.16511437	
1265.6	0.16801594	0.16502558	
1265.8	0.16833363	0.16493684	
1266	0.16875981	0.16484814	
1266.2	0.16866404	0.16475949	
1266.4	0.16898585	0.16467089	
1266.6	0.16896741	0.16458234	
1266.8	0.16877512	0.16449383	
1267	0.16839049	0.16440537	
1267.2	0.16827987	0.16431696	
1267.4	0.16804059	0.1642286	
1267.6	0.16834304	0.16414029	
1267.8	0.16816422	0.16405202	
1268	0.16754088	0.1639638	
1268.2	0.16652592	0.16387562	
1268.4	0.1659952	0.1637875	
1268.6	0.16568149	0.16369942	
1268.8	0.16578705	0.16361139	
1269	0.16528734	0.1635234	
1269.2	0.16515898	0.16343547	
1269.4	0.16471925	0.16334758	
1269.6	0.16408909	0.16325974	
1269.8	0.16412599	0.16317194	
1270	0.16413277	0.1630842	
1270.2	0.16374386	0.1629965	
1270.4	0.16417129	0.16290884	
1270.6	0.16423125	0.16282124	
1270.8	0.16409384	0.16273368	
1271	0.16380967	0.16264617	
1271.2	0.16394944	0.1625587	
1271.4	0.16382103	0.16247128	
1271.6	0.16403113	0.16238391	
1271.8	0.1638227	0.16229659	
1272	0.16346272	0.16220931	
1272.2	0.16370946	0.16212208	
1272.4	0.16440302	0.1620349	
1272.6	0.16443948	0.16194777	
1272.8	0.16456328	0.16186068	
1273	0.16424431	0.16177363	
1273.2	0.16433083	0.16168664	
1273.4	0.16404019	0.16159969	
1273.6	0.16431631	0.16151279	
1273.8	0.16437245	0.16142593	
1274	0.16432647	0.16133913	
1274.2	0.16415488	0.16125236	
1274.4	0.16457458	0.16116565	
1274.6	0.16417774	0.16107898	
1274.8	0.16404618	0.16099236	
1275	0.16401886	0.16090578	
1275.2	0.16414274	0.16081925	
1275.4	0.16389271	0.16073277	
1275.6	0.16403366	0.16064634	
1275.8	0.16404846	0.16055995	
1276	0.16401552	0.1604736	
1276.2	0.16407276	0.16038731	
1276.4	0.16396678	0.16030106	
1276.6	0.16374157	0.16021486	
1276.8	0.16370976	0.1601287	
1277	0.16373845	0.16004259	
1277.2	0.16346022	0.15995652	
1277.4	0.16321843	0.1598705	
1277.6	0.16330997	0.15978453	
1277.8	0.16305381	0.15969861	
1278	0.16281787	0.15961273	
1278.2	0.16284696	0.15952689	
1278.4	0.16274858	0.15944111	
1278.6	0.16267288	0.15935537	
1278.8	0.16274212	0.15926967	
1279	0.16260794	0.15918402	
1279.2	0.16245444	0.15909842	
1279.4	0.16233859	0.15901286	
1279.6	0.16246252	0.15892735	
1279.8	0.16211028	0.15884189	
1280	0.16207749	0.15875647	
1280.2	0.1619649	0.1586711	
1280.4	0.16226882	0.15858577	
1280.6	0.16220039	0.15850049	
1280.8	0.16214607	0.15841525	
1281	0.16226825	0.15833006	
1281.2	0.16207492	0.15824492	
1281.4	0.16259032	0.15815982	
1281.6	0.16278737	0.15807477	
1281.8	0.16266826	0.15798976	
1282	0.16263204	0.1579048	
1282.2	0.16288974	0.15781989	
1282.4	0.16255411	0.15773502	
1282.6	0.16276461	0.1576502	
1282.8	0.16248988	0.15756542	
1283	0.16219503	0.15748068	
1283.2	0.16182281	0.157396	
1283.4	0.16182015	0.15731136	
1283.6	0.16161524	0.15722676	
1283.8	0.16142403	0.15714221	
1284	0.16144943	0.15705771	
1284.2	0.16113691	0.15697325	
1284.4	0.1611978	0.15688883	
1284.6	0.16094194	0.15680446	
1284.8	0.16077108	0.15672014	
1285	0.16107377	0.15663586	
1285.2	0.161182	0.15655163	
1285.4	0.16115729	0.15646744	
1285.6	0.16130202	0.1563833	
1285.8	0.16102215	0.15629921	
1286	0.16096893	0.15621515	
1286.2	0.16144198	0.15613115	
1286.4	0.1614803	0.15604719	
1286.6	0.16152916	0.15596327	
1286.8	0.16152583	0.1558794	
1287	0.16175524	0.15579557	
1287.2	0.16178085	0.15571179	
1287.4	0.16210102	0.15562806	
1287.6	0.1619999	0.15554437	
1287.8	0.16231652	0.15546072	
1288	0.16209778	0.15537712	
1288.2	0.16195879	0.15529357	
1288.4	0.16246775	0.15521005	
1288.6	0.16202746	0.15512659	
1288.8	0.16203435	0.15504317	
1289	0.16223537	0.15495979	
1289.2	0.16221822	0.15487646	
1289.4	0.16188825	0.15479317	
1289.6	0.16241272	0.15470993	
1289.8	0.16205502	0.15462674	
1290	0.16175885	0.15454358	
1290.2	0.16173954	0.15446048	
1290.4	0.16142718	0.15437741	
1290.6	0.16162035	0.1542944	
1290.8	0.16172526	0.15421142	
1291	0.16143776	0.15412849	
1291.2	0.16102555	0.15404561	
1291.4	0.16106335	0.15396277	
1291.6	0.16064721	0.15387998	
1291.8	0.16029209	0.15379723	
1292	0.16033434	0.15371452	
1292.2	0.16050767	0.15363186	
1292.4	0.16028214	0.15354924	
1292.6	0.16013371	0.15346667	
1292.8	0.16048893	0.15338414	
1293	0.16035259	0.15330166	
1293.2	0.16062689	0.15321922	
1293.4	0.16055349	0.15313682	
1293.6	0.16075771	0.15305447	
1293.8	0.16042155	0.15297216	
1294	0.15999167	0.1528899	
1294.2	0.16005044	0.15280768	
1294.4	0.16050786	0.15272551	
1294.6	0.16094095	0.15264338	
1294.8	0.16070026	0.15256129	
1295	0.16032858	0.15247925	
1295.2	0.16057855	0.15239726	
1295.4	0.16035298	0.1523153	
1295.6	0.16023434	0.15223339	
1295.8	0.15980201	0.15215153	
1296	0.15981007	0.15206971	
1296.2	0.15937775	0.15198793	
1296.4	0.15893835	0.1519062	
1296.6	0.1592116	0.15182451	
1296.8	0.15938142	0.15174286	
1297	0.15919054	0.15166126	
1297.2	0.15889543	0.15157971	
1297.4	0.15854957	0.15149819	
1297.6	0.15857496	0.15141672	
1297.8	0.15854641	0.1513353	
1298	0.15876001	0.15125391	
1298.2	0.15923326	0.15117258	
1298.4	0.15945438	0.15109128	
1298.6	0.15933145	0.15101003	
1298.8	0.15929772	0.15092882	
1299	0.15922753	0.15084766	
1299.2	0.15941585	0.15076654	
1299.4	0.1592683	0.15068546	
1299.6	0.15946385	0.15060443	
1299.8	0.15927689	0.15052344	
1300	0.15918733	0.1504425	
1300.2	0.15891894	0.1503616	
1300.4	0.15918474	0.15028074	
1300.6	0.15942546	0.15019992	
1300.8	0.15949093	0.15011915	
1301	0.15921742	0.15003842	
1301.2	0.15875912	0.14995774	
1301.4	0.15901142	0.1498771	
1301.6	0.15915025	0.1497965	
1301.8	0.15914523	0.14971594	
1302	0.1593147	0.14963543	
1302.2	0.15918361	0.14955496	
1302.4	0.15897667	0.14947454	
1302.6	0.15902304	0.14939416	
1302.8	0.15895753	0.14931382	
1303	0.15881661	0.14923353	
1303.2	0.15905023	0.14915327	
1303.4	0.15891867	0.14907307	
1303.6	0.1589993	0.1489929	
1303.8	0.15890625	0.14891278	
1304	0.15887235	0.1488327	
1304.2	0.15894635	0.14875266	
1304.4	0.15894677	0.14867267	
1304.6	0.15872527	0.14859272	
1304.8	0.15846862	0.14851281	
1305	0.15883969	0.14843295	
1305.2	0.15863489	0.14835313	
1305.4	0.15883212	0.14827335	
1305.6	0.1589595	0.14819361	
1305.8	0.15886865	0.14811392	
1306	0.15888562	0.14803427	
1306.2	0.15907165	0.14795466	
1306.4	0.15879918	0.1478751	
1306.6	0.15874265	0.14779558	
1306.8	0.15839573	0.1477161	
1307	0.15808765	0.14763666	
1307.2	0.15837184	0.14755727	
1307.4	0.15774266	0.14747792	
1307.6	0.15799837	0.14739861	
1307.8	0.15837986	0.14731935	
1308	0.15851238	0.14724012	
1308.2	0.15852088	0.14716094	
1308.4	0.15832333	0.14708181	
1308.6	0.15825717	0.14700271	
1308.8	0.15793224	0.14692366	
1309	0.15849879	0.14684465	
1309.2	0.15819706	0.14676568	
1309.4	0.15833881	0.14668676	
1309.6	0.15849099	0.14660788	
1309.8	0.15831179	0.14652904	
1310	0.15865696	0.14645024	
1310.2	0.1584341	0.14637148	
1310.4	0.15784948	0.14629277	
1310.6	0.15793344	0.1462141	
1310.8	0.15780823	0.14613547	
1311	0.15775958	0.14605689	
1311.2	0.15733272	0.14597834	
1311.4	0.15676043	0.14589984	
1311.6	0.15734515	0.14582138	
1311.8	0.15750631	0.14574297	
1312	0.15743653	0.14566459	
1312.2	0.15751511	0.14558626	
1312.4	0.15718585	0.14550797	
1312.6	0.15706665	0.14542972	
1312.8	0.15691406	0.14535151	
1313	0.15676267	0.14527335	
1313.2	0.15655827	0.14519523	
1313.4	0.15678979	0.14511715	
1313.6	0.1567754	0.14503911	
1313.8	0.15681846	0.14496111	
1314	0.15678499	0.14488316	
1314.2	0.15590638	0.14480525	
1314.4	0.15568779	0.14472738	
1314.6	0.15511488	0.14464955	
1314.8	0.15487959	0.14457176	
1315	0.15446398	0.14449402	
1315.2	0.1536183	0.14441631	
1315.4	0.15394206	0.14433865	
1315.6	0.15469073	0.14426103	
1315.8	0.15471941	0.14418345	
1316	0.15478732	0.14410592	
1316.2	0.15493188	0.14402842	
1316.4	0.15493465	0.14395097	
1316.6	0.15514197	0.14387356	
1316.8	0.15554936	0.14379619	
1317	0.15562009	0.14371886	
1317.2	0.15633744	0.14364158	
1317.4	0.15684335	0.14356433	
1317.6	0.15712201	0.14348713	
1317.8	0.15723223	0.14340997	
1318	0.15686229	0.14333285	
1318.2	0.1563927	0.14325577	
1318.4	0.15649668	0.14317873	
1318.6	0.15606693	0.14310174	
1318.8	0.15602285	0.14302478	
1319	0.15566187	0.14294787	
1319.2	0.15549653	0.142871	
1319.4	0.15544773	0.14279417	
1319.6	0.15524415	0.14271738	
1319.8	0.15474921	0.14264063	
1320	0.15424981	0.14256392	
1320.2	0.15376828	0.14248726	
1320.4	0.15366742	0.14241063	
1320.6	0.15384395	0.14233405	
1320.8	0.15425993	0.14225751	
1321	0.15424797	0.14218101	
1321.2	0.15441711	0.14210455	
1321.4	0.15451269	0.14202813	
1321.6	0.15425068	0.14195175	
1321.8	0.15416008	0.14187542	
1322	0.15411174	0.14179912	
1322.2	0.15416402	0.14172287	
1322.4	0.15412893	0.14164666	
1322.6	0.15387386	0.14157049	
1322.8	0.15367008	0.14149435	
1323	0.15327945	0.14141826	
1323.2	0.15324767	0.14134222	
1323.4	0.153018	0.14126621	
1323.6	0.15295916	0.14119024	
1323.8	0.15312941	0.14111431	
1324	0.15287598	0.14103843	
1324.2	0.15303809	0.14096258	
1324.4	0.15337381	0.14088678	
1324.6	0.15334091	0.14081102	
1324.8	0.15319263	0.14073529	
1325	0.15348192	0.14065961	
1325.2	0.15364252	0.14058397	
1325.4	0.15356381	0.14050837	
1325.6	0.15362943	0.14043281	
1325.8	0.15444977	0.14035729	
1326	0.15467749	0.14028181	
1326.2	0.15426466	0.14020637	
1326.4	0.1540913	0.14013098	
1326.6	0.15400762	0.14005562	
1326.8	0.15412348	0.1399803	
1327	0.15370085	0.13990503	
1327.2	0.15393298	0.13982979	
1327.4	0.15378788	0.1397546	
1327.6	0.15362608	0.13967944	
1327.8	0.15368208	0.13960433	
1328	0.15354089	0.13952926	
1328.2	0.15362048	0.13945422	
1328.4	0.15315471	0.13937923	
1328.6	0.15291641	0.13930428	
1328.8	0.1527167	0.13922937	
1329	0.15317844	0.13915449	
1329.2	0.15281082	0.13907966	
1329.4	0.15274909	0.13900487	
1329.6	0.15316371	0.13893012	
1329.8	0.1534641	0.13885541	
1330	0.15316477	0.13878074	
1330.2	0.152971	0.13870611	
1330.4	0.15320352	0.13863152	
1330.6	0.15283747	0.13855697	
1330.8	0.15274022	0.13848245	
1331	0.15239983	0.13840798	
1331.2	0.15219934	0.13833355	
1331.4	0.15188613	0.13825916	
1331.6	0.1519512	0.13818481	
1331.8	0.15202698	0.1381105	
1332	0.15230533	0.13803623	
1332.2	0.15235746	0.137962	
1332.4	0.15210332	0.13788781	
1332.6	0.15227514	0.13781366	
1332.8	0.1518758	0.13773955	
1333	0.15193464	0.13766548	
1333.2	0.15169325	0.13759145	
1333.4	0.15221364	0.13751746	
1333.6	0.15231836	0.13744351	
1333.8	0.15256637	0.1373696	
1334	0.15281365	0.13729572	
1334.2	0.1524898	0.13722189	
1334.4	0.15269852	0.1371481	
1334.6	0.15249143	0.13707435	
1334.8	0.15237306	0.13700063	
1335	0.15229937	0.13692696	
1335.2	0.15207933	0.13685333	
1335.4	0.15229337	0.13677973	
1335.6	0.15247353	0.13670618	
1335.8	0.15233217	0.13663266	
1336	0.15254163	0.13655919	
1336.2	0.15208618	0.13648575	
1336.4	0.15154297	0.13641235	
1336.6	0.15160544	0.136339	
1336.8	0.15115436	0.13626568	
1337	0.15145086	0.1361924	
1337.2	0.15152919	0.13611916	
1337.4	0.15159284	0.13604596	
1337.6	0.1511939	0.1359728	
1337.8	0.15118959	0.13589968	
1338	0.15126372	0.1358266	
1338.2	0.1512097	0.13575356	
1338.4	0.15214441	0.13568056	
1338.6	0.15190422	0.13560759	
1338.8	0.15169916	0.13553467	
1339	0.15188085	0.13546178	
1339.2	0.1523588	0.13538894	
1339.4	0.15254937	0.13531613	
1339.6	0.15216235	0.13524336	
1339.8	0.1516474	0.13517063	
1340	0.15166455	0.13509794	
1340.2	0.15119195	0.13502529	
1340.4	0.15125365	0.13495268	
1340.6	0.15172746	0.13488011	
1340.8	0.15155122	0.13480758	
1341	0.15163122	0.13473508	
1341.2	0.15150944	0.13466263	
1341.4	0.1511893	0.13459021	
1341.6	0.1512292	0.13451784	
1341.8	0.15123513	0.1344455	
1342	0.1511463	0.1343732	
1342.2	0.15090556	0.13430094	
1342.4	0.15119566	0.13422872	
1342.6	0.15083575	0.13415653	
1342.8	0.15059328	0.13408439	
1343	0.15082109	0.13401228	
1343.2	0.15082661	0.13394022	
1343.4	0.1504228	0.13386819	
1343.6	0.1502301	0.1337962	
1343.8	0.15074371	0.13372425	
1344	0.15105974	0.13365234	
1344.2	0.15118121	0.13358047	
1344.4	0.15151153	0.13350863	
1344.6	0.15187357	0.13343684	
1344.8	0.15201762	0.13336508	
1345	0.15233134	0.13329336	
1345.2	0.15259567	0.13322168	
1345.4	0.15254509	0.13315004	
1345.6	0.15267623	0.13307844	
1345.8	0.15209482	0.13300687	
1346	0.15169276	0.13293535	
1346.2	0.15152514	0.13286386	
1346.4	0.15156159	0.13279241	
1346.6	0.15127524	0.132721	
1346.8	0.15105638	0.13264963	
1347	0.15111716	0.13257829	
1347.2	0.1505992	0.132507	
1347.4	0.15060661	0.13243574	
1347.6	0.15087949	0.13236452	
1347.8	0.15072027	0.13229334	
1348	0.15035738	0.1322222	
1348.2	0.15031005	0.1321511	
1348.4	0.15012214	0.13208003	
1348.6	0.15010684	0.132009	
1348.8	0.15009579	0.13193802	
1349	0.15025726	0.13186706	
1349.2	0.14997948	0.13179615	
1349.4	0.14949422	0.13172528	
1349.6	0.14952315	0.13165444	
1349.8	0.14957355	0.13158364	
1350	0.14952459	0.13151288	
1350.2	0.14982785	0.13144216	
1350.4	0.14990713	0.13137147	
1350.6	0.15022579	0.13130083	
1350.8	0.15008008	0.13123022	
1351	0.15023452	0.13115965	
1351.2	0.15041332	0.13108912	
1351.4	0.15070921	0.13101862	
1351.6	0.15087855	0.13094817	
1351.8	0.15069726	0.13087775	
1352	0.15102648	0.13080737	
1352.2	0.15098091	0.13073702	
1352.4	0.15099523	0.13066672	
1352.6	0.15108378	0.13059645	
1352.8	0.15126928	0.13052622	
1353	0.15141717	0.13045603	
1353.2	0.15122212	0.13038588	
1353.4	0.15118365	0.13031576	
1353.6	0.15116119	0.13024568	
1353.8	0.1511027	0.13017564	
1354	0.15091444	0.13010564	
1354.2	0.15077847	0.13003567	
1354.4	0.15043359	0.12996574	
1354.6	0.15011752	0.12989585	
1354.8	0.14943236	0.129826	
1355	0.14975753	0.12975619	
1355.2	0.14946202	0.12968641	
1355.4	0.14904847	0.12961667	
1355.6	0.14902464	0.12954697	
1355.8	0.14879036	0.1294773	
1356	0.14857524	0.12940767	
1356.2	0.148291	0.12933808	
1356.4	0.14828102	0.12926853	
1356.6	0.14815546	0.12919901	
1356.8	0.1484372	0.12912954	
1357	0.14833571	0.12906009	
1357.2	0.1478586	0.12899069	
1357.4	0.14750642	0.12892133	
1357.6	0.14724213	0.128852	
1357.8	0.14703419	0.12878271	
1358	0.14670579	0.12871345	
1358.2	0.14655717	0.12864423	
1358.4	0.14646941	0.12857505	
1358.6	0.14673187	0.12850591	
1358.8	0.14661979	0.12843681	
1359	0.14708538	0.12836774	
1359.2	0.14711719	0.12829871	
1359.4	0.1477053	0.12822971	
1359.6	0.14838441	0.12816076	
1359.8	0.1484314	0.12809184	
1360	0.14874953	0.12802295	
1360.2	0.14934188	0.12795411	
1360.4	0.14944136	0.1278853	
1360.6	0.14971351	0.12781653	
1360.8	0.14967095	0.12774779	
1361	0.14911226	0.1276791	
1361.2	0.14885036	0.12761044	
1361.4	0.1488953	0.12754181	
1361.6	0.148671	0.12747323	
1361.8	0.14804585	0.12740468	
1362	0.1480706	0.12733616	
1362.2	0.14787518	0.12726769	
1362.4	0.14783446	0.12719925	
1362.6	0.14792839	0.12713084	
1362.8	0.1473425	0.12706248	
1363	0.14720099	0.12699415	
1363.2	0.14705596	0.12692586	
1363.4	0.14677931	0.1268576	
1363.6	0.14640636	0.12678938	
1363.8	0.14620835	0.1267212	
1364	0.1465319	0.12665305	
1364.2	0.14666781	0.12658495	
1364.4	0.14679551	0.12651687	
1364.6	0.14701428	0.12644884	
1364.8	0.14703115	0.12638084	
1365	0.14695733	0.12631288	
1365.2	0.14731631	0.12624495	
1365.4	0.14761227	0.12617706	
1365.6	0.14754132	0.12610921	
1365.8	0.14773818	0.12604139	
1366	0.14802996	0.12597361	
1366.2	0.14790109	0.12590587	
1366.4	0.1480669	0.12583816	
1366.6	0.14789442	0.12577049	
1366.8	0.14735204	0.12570285	
1367	0.14672731	0.12563526	
1367.2	0.14615427	0.1255677	
1367.4	0.14560833	0.12550017	
1367.6	0.14545998	0.12543268	
1367.8	0.14549413	0.12536523	
1368	0.14546112	0.12529781	
1368.2	0.14520943	0.12523043	
1368.4	0.14506073	0.12516309	
1368.6	0.14475332	0.12509578	
1368.8	0.14489782	0.12502851	
1369	0.14482798	0.12496127	
1369.2	0.14492962	0.12489407	
1369.4	0.14510746	0.12482691	
1369.6	0.14509896	0.12475978	
1369.8	0.14568647	0.12469269	
1370	0.14575555	0.12462564	
1370.2	0.14560744	0.12455862	
1370.4	0.14554562	0.12449164	
1370.6	0.14558021	0.12442469	
1370.8	0.14540076	0.12435778	
1371	0.14529949	0.12429091	
1371.2	0.14518818	0.12422407	
1371.4	0.14535737	0.12415726	
1371.6	0.14522703	0.1240905	
1371.8	0.14483354	0.12402377	
1372	0.14475236	0.12395707	
1372.2	0.14440897	0.12389041	
1372.4	0.14462324	0.12382379	
1372.6	0.14488902	0.1237572	
1372.8	0.1450879	0.12369065	
1373	0.14497652	0.12362413	
1373.2	0.14473985	0.12355765	
1373.4	0.14492871	0.12349121	
1373.6	0.14491962	0.1234248	
1373.8	0.14460483	0.12335843	
1374	0.14421412	0.12329209	
1374.2	0.14401246	0.12322579	
1374.4	0.14416041	0.12315952	
1374.6	0.14420617	0.12309329	
1374.8	0.14452763	0.1230271	
1375	0.14442212	0.12296094	
1375.2	0.14429407	0.12289482	
1375.4	0.14431084	0.12282873	
1375.6	0.14409602	0.12276268	
1375.8	0.14385883	0.12269666	
1376	0.14412507	0.12263068	
1376.2	0.14435305	0.12256473	
1376.4	0.14509988	0.12249882	
1376.6	0.14509502	0.12243295	
1376.8	0.14520348	0.12236711	
1377	0.14532328	0.1223013	
1377.2	0.14528064	0.12223553	
1377.4	0.14508941	0.1221698	
1377.6	0.14469523	0.1221041	
1377.8	0.14440063	0.12203844	
1378	0.14417565	0.12197281	
1378.2	0.14415583	0.12190722	
1378.4	0.14404	0.12184166	
1378.6	0.14363637	0.12177614	
1378.8	0.14342115	0.12171066	
1379	0.14278881	0.12164521	
1379.2	0.14253541	0.12157979	
1379.4	0.14230082	0.12151441	
1379.6	0.14207202	0.12144906	
1379.8	0.14197818	0.12138375	
1380	0.1422295	0.12131848	
1380.2	0.14265433	0.12125324	
1380.4	0.14272083	0.12118803	
1380.6	0.14278485	0.12112286	
1380.8	0.14312161	0.12105773	
1381	0.14338562	0.12099263	
1381.2	0.14341589	0.12092756	
1381.4	0.1436255	0.12086253	
1381.6	0.14379854	0.12079754	
1381.8	0.14390612	0.12073258	
1382	0.14368651	0.12066765	
1382.2	0.14362883	0.12060276	
1382.4	0.14387394	0.12053791	
1382.6	0.14390695	0.12047309	
1382.8	0.1437309	0.1204083	
1383	0.14333337	0.12034355	
1383.2	0.14348612	0.12027883	
1383.4	0.14344302	0.12021415	
1383.6	0.14323411	0.12014951	
1383.8	0.14324529	0.12008489	
1384	0.14306093	0.12002032	
1384.2	0.14251122	0.11995578	
1384.4	0.14195969	0.11989127	
1384.6	0.14236674	0.1198268	
1384.8	0.14237987	0.11976236	
1385	0.14262595	0.11969795	
1385.2	0.14269273	0.11963359	
1385.4	0.14257294	0.11956925	
1385.6	0.14271563	0.11950495	
1385.8	0.14265936	0.11944069	
1386	0.14257101	0.11937646	
1386.2	0.14261024	0.11931226	
1386.4	0.14320018	0.1192481	
1386.6	0.14269987	0.11918397	
1386.8	0.14233428	0.11911988	
1387	0.14202983	0.11905582	
1387.2	0.14244056	0.1189918	
1387.4	0.1422507	0.11892781	
1387.6	0.14215423	0.11886385	
1387.8	0.14219709	0.11879993	
1388	0.14200757	0.11873605	
1388.2	0.14140147	0.1186722	
1388.4	0.14143198	0.11860838	
1388.6	0.14178628	0.1185446	
1388.8	0.14167728	0.11848085	
1389	0.14190812	0.11841713	
1389.2	0.14177119	0.11835345	
1389.4	0.14188333	0.11828981	
1389.6	0.14223483	0.1182262	
1389.8	0.14197786	0.11816262	
1390	0.14189944	0.11809908	
1390.2	0.14202285	0.11803557	
1390.4	0.14233856	0.11797209	
1390.6	0.14175207	0.11790865	
1390.8	0.14168118	0.11784525	
1391	0.14171573	0.11778187	
1391.2	0.14170814	0.11771853	
1391.4	0.1418016	0.11765523	
1391.6	0.14176317	0.11759196	
1391.8	0.14136655	0.11752872	
1392	0.14100558	0.11746552	
1392.2	0.1407721	0.11740235	
1392.4	0.14093586	0.11733922	
1392.6	0.14071954	0.11727612	
1392.8	0.14061517	0.11721305	
1393	0.14065072	0.11715002	
1393.2	0.14063794	0.11708702	
1393.4	0.14066588	0.11702406	
1393.6	0.14050739	0.11696113	
1393.8	0.14059795	0.11689823	
1394	0.14088873	0.11683537	
1394.2	0.1411005	0.11677254	
1394.4	0.14126849	0.11670974	
1394.6	0.14108094	0.11664698	
1394.8	0.14129259	0.11658425	
1395	0.14177424	0.11652156	
1395.2	0.14168161	0.1164589	
1395.4	0.14168883	0.11639627	
1395.6	0.14122076	0.11633368	
1395.8	0.14083492	0.11627112	
1396	0.14077531	0.11620859	
1396.2	0.14069178	0.1161461	
1396.4	0.14035664	0.11608364	
1396.6	0.14024463	0.11602121	
1396.8	0.14006423	0.11595882	
1397	0.14002608	0.11589646	
1397.2	0.14006066	0.11583414	
1397.4	0.14006005	0.11577185	
1397.6	0.13996825	0.11570959	
1397.8	0.14009796	0.11564737	
1398	0.14003486	0.11558518	
1398.2	0.13989583	0.11552302	
1398.4	0.14007973	0.1154609	
1398.6	0.14042485	0.11539881	
1398.8	0.14069169	0.11533675	
1399	0.14070343	0.11527473	
1399.2	0.14056914	0.11521274	
1399.4	0.14043852	0.11515078	
1399.6	0.14029454	0.11508886	
1399.8	0.13977759	0.11502697	
1400	0.13981385	0.11496511	
1400.2	0.13969773	0.11490329	
1400.4	0.13962197	0.11484149	
1400.6	0.13974265	0.11477974	
1400.8	0.13959403	0.11471801	
1401	0.13967361	0.11465632	
1401.2	0.13967029	0.11459467	
1401.4	0.13945751	0.11453304	
1401.6	0.1394588	0.11447145	
1401.8	0.13949267	0.11440989	
1402	0.13966701	0.11434837	
1402.2	0.13966845	0.11428687	
1402.4	0.14026346	0.11422542	
1402.6	0.1402837	0.11416399	
1402.8	0.14025598	0.1141026	
1403	0.13991889	0.11404124	
1403.2	0.13994538	0.11397991	
1403.4	0.13980835	0.11391862	
1403.6	0.13975813	0.11385736	
1403.8	0.13935898	0.11379613	
1404	0.13928178	0.11373493	
1404.2	0.13892839	0.11367377	
1404.4	0.13833811	0.11361264	
1404.6	0.1377459	0.11355155	
1404.8	0.13723255	0.11349048	
1405	0.13693128	0.11342945	
1405.2	0.13688549	0.11336845	
1405.4	0.13699399	0.11330749	
1405.6	0.1372253	0.11324656	
1405.8	0.13741545	0.11318566	
1406	0.13741758	0.11312479	
1406.2	0.137259	0.11306396	
1406.4	0.13757656	0.11300315	
1406.6	0.13774688	0.11294239	
1406.8	0.13810789	0.11288165	
1407	0.13810034	0.11282095	
1407.2	0.13816288	0.11276028	
1407.4	0.13846619	0.11269964	
1407.6	0.13876891	0.11263903	
1407.8	0.13838832	0.11257846	
1408	0.13821714	0.11251792	
1408.2	0.13797917	0.11245741	
1408.4	0.13754171	0.11239694	
1408.6	0.13721347	0.11233649	
1408.8	0.13678594	0.11227608	
1409	0.13683831	0.11221571	
1409.2	0.13687328	0.11215536	
1409.4	0.1368167	0.11209505	
1409.6	0.13675997	0.11203477	
1409.8	0.13670023	0.11197452	
1410	0.13676505	0.11191431	
1410.2	0.13663329	0.11185412	
1410.4	0.13690543	0.11179397	
1410.6	0.13722692	0.11173385	
1410.8	0.13675708	0.11167377	
1411	0.13671429	0.11161371	
1411.2	0.13642083	0.11155369	
1411.4	0.13658173	0.1114937	
1411.6	0.13661363	0.11143375	
1411.8	0.13661266	0.11137382	
1412	0.13678232	0.11131393	
1412.2	0.13686885	0.11125407	
1412.4	0.13697014	0.11119424	
1412.6	0.13696852	0.11113445	
1412.8	0.13700484	0.11107468	
1413	0.13702341	0.11101495	
1413.2	0.13743417	0.11095525	
1413.4	0.13774848	0.11089558	
1413.6	0.1379212	0.11083595	
1413.8	0.13807095	0.11077635	
1414	0.13829886	0.11071678	
1414.2	0.13778064	0.11065724	
1414.4	0.13750789	0.11059773	
1414.6	0.13755869	0.11053825	
1414.8	0.13734188	0.11047881	
1415	0.13748627	0.1104194	
1415.2	0.13686054	0.11036002	
1415.4	0.13707679	0.11030067	
1415.6	0.137064	0.11024136	
1415.8	0.13766971	0.11018207	
1416	0.137821	0.11012282	
1416.2	0.13796154	0.1100636	
1416.4	0.13811604	0.11000442	
1416.6	0.13810562	0.10994526	
1416.8	0.13793619	0.10988614	
1417	0.1378865	0.10982704	
1417.2	0.13808652	0.10976798	
1417.4	0.13781702	0.10970895	
1417.6	0.13731335	0.10964996	
1417.8	0.1370969	0.10959099	
1418	0.13692607	0.10953206	
1418.2	0.13693804	0.10947316	
1418.4	0.1364936	0.10941429	
1418.6	0.13707265	0.10935545	
1418.8	0.13717841	0.10929664	
1419	0.13751469	0.10923787	
1419.2	0.13743253	0.10917912	
1419.4	0.13783145	0.10912041	
1419.6	0.13785466	0.10906173	
1419.8	0.13836244	0.10900308	
1420	0.13815463	0.10894446	
1420.2	0.13814661	0.10888588	
1420.4	0.13802432	0.10882732	
1420.6	0.13770374	0.1087688	
1420.8	0.13729986	0.10871031	
1421	0.13704483	0.10865185	
1421.2	0.13678008	0.10859342	
1421.4	0.13666215	0.10853502	
1421.6	0.13667904	0.10847666	
1421.8	0.1367384	0.10841832	
1422	0.13681309	0.10836002	
1422.2	0.13684598	0.10830175	
1422.4	0.13653901	0.10824351	
1422.6	0.13692393	0.1081853	
1422.8	0.1369875	0.10812712	
1423	0.13697679	0.10806897	
1423.2	0.13623569	0.10801086	
1423.4	0.13565355	0.10795277	
1423.6	0.13559289	0.10789472	
1423.8	0.13567846	0.1078367	
1424	0.135872	0.10777871	
1424.2	0.13551132	0.10772075	
1424.4	0.13534067	0.10766282	
1424.6	0.13509797	0.10760493	
1424.8	0.13502493	0.10754706	
1425	0.13541363	0.10748923	
1425.2	0.13598691	0.10743142	
1425.4	0.13636869	0.10737365	
1425.6	0.13653774	0.10731591	
1425.8	0.13680214	0.1072582	
1426	0.13707943	0.10720052	
1426.2	0.13728417	0.10714287	
1426.4	0.13731163	0.10708525	
1426.6	0.13747464	0.10702767	
1426.8	0.13738255	0.10697011	
1427	0.13701479	0.10691259	
1427.2	0.13625213	0.1068551	
1427.4	0.13602104	0.10679763	
1427.6	0.13624867	0.1067402	
1427.8	0.1363001	0.1066828	
1428	0.13614239	0.10662543	
1428.2	0.13612454	0.10656809	
1428.4	0.13611009	0.10651078	
1428.6	0.1359267	0.10645351	
1428.8	0.13573893	0.10639626	
1429	0.13591135	0.10633904	
1429.2	0.13597442	0.10628186	
1429.4	0.13582596	0.10622471	
1429.6	0.13588024	0.10616758	
1429.8	0.1361468	0.10611049	
1430	0.13562248	0.10605343	
1430.2	0.13542594	0.1059964	
1430.4	0.13546553	0.1059394	
1430.6	0.13519381	0.10588243	
1430.8	0.13457571	0.10582549	
1431	0.1342642	0.10576858	
1431.2	0.13341807	0.1057117	
1431.4	0.1333734	0.10565485	
1431.6	0.13318909	0.10559804	
1431.8	0.13327512	0.10554125	
1432	0.13367745	0.10548449	
1432.2	0.13400503	0.10542777	
1432.4	0.13368863	0.10537107	
1432.6	0.13372654	0.10531441	
1432.8	0.13378842	0.10525778	
1433	0.13420132	0.10520117	
1433.2	0.1344489	0.1051446	
1433.4	0.13481298	0.10508806	
1433.6	0.13491913	0.10503154	
1433.8	0.13456896	0.10497506	
1434	0.13417837	0.10491861	
1434.2	0.13447838	0.10486219	
1434.4	0.13453412	0.1048058	
1434.6	0.13398566	0.10474944	
1434.8	0.13393911	0.10469311	
1435	0.13397218	0.10463681	
1435.2	0.13357289	0.10458054	
1435.4	0.13395947	0.1045243	
1435.6	0.13389396	0.10446809	
1435.8	0.13393548	0.10441191	
1436	0.13392212	0.10435576	
1436.2	0.13395366	0.10429965	
1436.4	0.13402684	0.10424356	
1436.6	0.13401763	0.1041875	
1436.8	0.13409062	0.10413147	
1437	0.13414684	0.10407547	
1437.2	0.13430385	0.10401951	
1437.4	0.13442448	0.10396357	
1437.6	0.13382028	0.10390766	
1437.8	0.13322474	0.10385178	
1438	0.1330376	0.10379594	
1438.2	0.1329282	0.10374012	
1438.4	0.13273329	0.10368433	
1438.6	0.1327063	0.10362857	
1438.8	0.13306583	0.10357285	
1439	0.13334086	0.10351715	
1439.2	0.13356728	0.10346148	
1439.4	0.13399102	0.10340585	
1439.6	0.13415013	0.10335024	
1439.8	0.13441723	0.10329466	
