Conc1	2.5E-08	
Start1	1020	
Stop1	1439.8	
Kobs	0.00268952251398478	
Error Kobs	2.74739490525457E-05	
Koff	0	
Error Koff	0	
Time1	Data1	Fit1	
1020	0.00392082	0	
1020.2	0.00413765	0.00204923	
1020.4	0.00457541	0.00408235	
1020.6	0.00532688	0.00609948	
1020.8	0.00623649	0.00810074	
1021	0.00698846	0.01008627	
1021.2	0.00821908	0.01205619	
1021.4	0.00971114	0.01401061	
1021.6	0.01141685	0.01594967	
1021.8	0.01285046	0.01787348	
1022	0.01446484	0.01978216	
1022.2	0.01606273	0.02167583	
1022.4	0.01767671	0.02355461	
1022.6	0.0191569	0.02541862	
1022.8	0.02113436	0.02726796	
1023	0.02248037	0.02910277	
1023.2	0.02423884	0.03092315	
1023.4	0.02595989	0.03272921	
1023.6	0.02739491	0.03452107	
1023.8	0.02873982	0.03629884	
1024	0.03070645	0.03806263	
1024.2	0.03262336	0.03981255	
1024.4	0.03463594	0.04154871	
1024.6	0.03674617	0.04327121	
1024.8	0.03843695	0.04498017	
1025	0.04034494	0.0466757	
1025.2	0.04269904	0.04835789	
1025.4	0.04520344	0.05002685	
1025.6	0.04726184	0.05168269	
1025.8	0.04921394	0.0533255	
1026	0.05150062	0.0549554	
1026.2	0.05352763	0.05657248	
1026.4	0.05509194	0.05817685	
1026.6	0.05687467	0.05976859	
1026.8	0.05913852	0.06134783	
1027	0.06144004	0.06291464	
1027.2	0.0641269	0.06446913	
1027.4	0.06624948	0.0660114	
1027.6	0.06869734	0.06754154	
1027.8	0.07070511	0.06905965	
1028	0.07334336	0.07056582	
1028.2	0.07508545	0.07206014	
1028.4	0.07729549	0.07354272	
1028.6	0.07925998	0.07501364	
1028.8	0.08123144	0.07647299	
1029	0.08387869	0.07792086	
1029.2	0.08623649	0.07935735	
1029.4	0.08847012	0.08078254	
1029.6	0.09055575	0.08219653	
1029.8	0.09271957	0.08359939	
1030	0.09481037	0.08499123	
1030.2	0.0964135	0.08637212	
1030.4	0.09794771	0.08774215	
1030.6	0.10001722	0.08910141	
1030.8	0.10231683	0.09044997	
1031	0.10476241	0.09178794	
1031.2	0.10703505	0.09311538	
1031.4	0.10947002	0.09443238	
1031.6	0.11196844	0.09573903	
1031.8	0.11361912	0.09703541	
1032	0.11566048	0.09832158	
1032.2	0.11750984	0.09959765	
1032.4	0.11993575	0.10086368	
1032.6	0.12222859	0.10211975	
1032.8	0.12477746	0.10336595	
1033	0.12708623	0.10460235	
1033.2	0.12939683	0.10582902	
1033.4	0.13133974	0.10704605	
1033.6	0.13397088	0.10825351	
1033.8	0.1359123	0.10945147	
1034	0.13791371	0.11064001	
1034.2	0.13990226	0.11181921	
1034.4	0.14170217	0.11298913	
1034.6	0.143719	0.11414986	
1034.8	0.14588319	0.11530145	
1035	0.14822511	0.11644399	
1035.2	0.15017444	0.11757755	
1035.4	0.15250542	0.11870219	
1035.6	0.15441054	0.11981799	
1035.8	0.1558506	0.12092502	
1036	0.15769436	0.12202333	
1036.2	0.15931571	0.12311302	
1036.4	0.1611218	0.12419413	
1036.6	0.16309515	0.12526674	
1036.8	0.16487043	0.12633092	
1037	0.16632098	0.12738673	
1037.2	0.16831671	0.12843423	
1037.4	0.16961136	0.1294735	
1037.6	0.17170847	0.1305046	
1037.8	0.17256129	0.13152759	
1038	0.17405293	0.13254253	
1038.2	0.17561699	0.13354949	
1038.4	0.17677585	0.13454854	
1038.6	0.17813763	0.13553973	
1038.8	0.1794643	0.13652312	
1039	0.18056776	0.13749878	
1039.2	0.18163672	0.13846677	
1039.4	0.18278035	0.13942715	
1039.6	0.18370988	0.14037997	
1039.8	0.18430987	0.1413253	
1040	0.18479192	0.1422632	
1040.2	0.1853148	0.14319372	
1040.4	0.18643719	0.14411693	
1040.6	0.18738465	0.14503287	
1040.8	0.18832463	0.14594162	
1041	0.18924396	0.14684322	
1041.2	0.19034598	0.14773772	
1041.4	0.19100545	0.1486252	
1041.6	0.19162868	0.14950569	
1041.8	0.19196822	0.15037926	
1042	0.19294082	0.15124596	
1042.2	0.19360161	0.15210585	
1042.4	0.194426	0.15295897	
1042.6	0.19510643	0.15380539	
1042.8	0.19582138	0.15464514	
1043	0.19636497	0.1554783	
1043.2	0.19695718	0.1563049	
1043.4	0.19753799	0.15712501	
1043.6	0.19820806	0.15793866	
1043.8	0.19842989	0.15874592	
1044	0.19906916	0.15954683	
1044.2	0.20005247	0.16034144	
1044.4	0.20084919	0.1611298	
1044.6	0.20146101	0.16191196	
1044.8	0.20245992	0.16268797	
1045	0.20288155	0.16345788	
1045.2	0.20337969	0.16422174	
1045.4	0.20372201	0.16497959	
1045.6	0.20418626	0.16573148	
1045.8	0.20462338	0.16647745	
1046	0.20519775	0.16721756	
1046.2	0.20549192	0.16795185	
1046.4	0.20620897	0.16868037	
1046.6	0.20661041	0.16940316	
1046.8	0.20692671	0.17012026	
1047	0.20681659	0.17083172	
1047.2	0.20694507	0.17153759	
1047.4	0.20765692	0.17223791	
1047.6	0.20786321	0.17293273	
1047.8	0.20839772	0.17362207	
1048	0.20914508	0.174306	
1048.2	0.2091425	0.17498455	
1048.4	0.20936343	0.17565776	
1048.6	0.20962483	0.17632568	
1048.8	0.20978097	0.17698835	
1049	0.21016351	0.17764581	
1049.2	0.21054879	0.17829809	
1049.4	0.21068701	0.17894525	
1049.6	0.2109102	0.17958732	
1049.8	0.21094746	0.18022434	
1050	0.21101066	0.18085635	
1050.2	0.21079436	0.18148339	
1050.4	0.2105248	0.1821055	
1050.6	0.21046336	0.18272271	
1050.8	0.21029879	0.18333508	
1051	0.21004505	0.18394262	
1051.2	0.21032317	0.18454539	
1051.4	0.21065266	0.18514343	
1051.6	0.21064354	0.18573675	
1051.8	0.2109265	0.18632541	
1052	0.21131849	0.18690945	
1052.2	0.21170845	0.18748889	
1052.4	0.21240518	0.18806377	
1052.6	0.21304681	0.18863413	
1052.8	0.21348647	0.18920001	
1053	0.2145007	0.18976144	
1053.2	0.21455231	0.19031845	
1053.4	0.21526659	0.19087109	
1053.6	0.21602468	0.19141937	
1053.8	0.21622349	0.19196335	
1054	0.21634515	0.19250305	
1054.2	0.21650137	0.1930385	
1054.4	0.21654924	0.19356975	
1054.6	0.21688857	0.19409681	
1054.8	0.2167275	0.19461973	
1055	0.21667773	0.19513854	
1055.2	0.21633758	0.19565327	
1055.4	0.21654758	0.19616395	
1055.6	0.21663783	0.19667062	
1055.8	0.21704984	0.1971733	
1056	0.2170767	0.19767203	
1056.2	0.21742014	0.19816684	
1056.4	0.21747254	0.19865775	
1056.6	0.21758837	0.19914481	
1056.8	0.21748409	0.19962804	
1057	0.21808033	0.20010746	
1057.2	0.21823259	0.20058312	
1057.4	0.21836944	0.20105503	
1057.6	0.21839735	0.20152324	
1057.8	0.21804166	0.20198776	
1058	0.21841679	0.20244863	
1058.2	0.21836047	0.20290587	
1058.4	0.21843545	0.20335952	
1058.6	0.21859964	0.20380961	
1058.8	0.21868724	0.20425615	
1059	0.21864056	0.20469918	
1059.2	0.21852285	0.20513873	
1059.4	0.21885623	0.20557482	
1059.6	0.21874099	0.20600748	
1059.8	0.21865198	0.20643674	
1060	0.21800173	0.20686263	
1060.2	0.21854084	0.20728516	
1060.4	0.21836683	0.20770438	
1060.6	0.21857595	0.20812029	
1060.8	0.21859181	0.20853294	
1061	0.21843999	0.20894234	
1061.2	0.2187149	0.20934852	
1061.4	0.21864093	0.20975151	
1061.6	0.21921285	0.21015133	
1061.8	0.21914374	0.210548	
1062	0.21983936	0.21094155	
1062.2	0.22043732	0.21133201	
1062.4	0.22134731	0.2117194	
1062.6	0.22171554	0.21210375	
1062.8	0.2218762	0.21248507	
1063	0.22186887	0.21286339	
1063.2	0.22208013	0.21323874	
1063.4	0.22256061	0.21361113	
1063.6	0.22284781	0.2139806	
1063.8	0.22271911	0.21434716	
1064	0.22259927	0.21471084	
1064.2	0.22284173	0.21507166	
1064.4	0.2227684	0.21542965	
1064.6	0.22290189	0.21578481	
1064.8	0.22290382	0.21613719	
1065	0.22273703	0.21648679	
1065.2	0.22303354	0.21683365	
1065.4	0.22292704	0.21717777	
1065.6	0.22274474	0.21751919	
1065.8	0.22274944	0.21785793	
1066	0.22337126	0.218194	
1066.2	0.22398577	0.21852743	
1066.4	0.2241982	0.21885824	
1066.6	0.22399911	0.21918644	
1066.8	0.22384563	0.21951207	
1067	0.22371297	0.21983513	
1067.2	0.22360581	0.22015566	
1067.4	0.22397894	0.22047366	
1067.6	0.22395691	0.22078917	
1067.8	0.22376723	0.22110219	
1068	0.22373371	0.22141275	
1068.2	0.22398132	0.22172087	
1068.4	0.22422757	0.22202656	
1068.6	0.22432423	0.22232985	
1068.8	0.22428369	0.22263076	
1069	0.22424623	0.2229293	
1069.2	0.22466972	0.22322549	
1069.4	0.22512089	0.22351936	
1069.6	0.22529286	0.22381091	
1069.8	0.22602327	0.22410017	
1070	0.22656745	0.22438715	
1070.2	0.22687851	0.22467188	
1070.4	0.22705756	0.22495437	
1070.6	0.22700216	0.22523464	
1070.8	0.22719076	0.2255127	
1071	0.22755015	0.22578858	
1071.2	0.22766477	0.22606229	
1071.4	0.22751308	0.22633385	
1071.6	0.22781235	0.22660327	
1071.8	0.22753234	0.22687057	
1072	0.22729113	0.22713577	
1072.2	0.22707054	0.22739888	
1072.4	0.22703438	0.22765993	
1072.6	0.22712656	0.22791892	
1072.8	0.22721882	0.22817588	
1073	0.2276315	0.22843081	
1073.2	0.22749951	0.22868374	
1073.4	0.22719786	0.22893469	
1073.6	0.22710442	0.22918365	
1073.8	0.22704746	0.22943066	
1074	0.22719118	0.22967573	
1074.2	0.22695556	0.22991887	
1074.4	0.22718905	0.2301601	
1074.6	0.22734636	0.23039944	
1074.8	0.22767491	0.23063689	
1075	0.22761896	0.23087247	
1075.2	0.22725884	0.2311062	
1075.4	0.2269996	0.23133809	
1075.6	0.22762029	0.23156816	
1075.8	0.22742704	0.23179642	
1076	0.22729745	0.23202288	
1076.2	0.22759421	0.23224757	
1076.4	0.22834383	0.23247049	
1076.6	0.22848556	0.23269165	
1076.8	0.22859279	0.23291107	
1077	0.22874673	0.23312877	
1077.2	0.22855246	0.23334476	
1077.4	0.22853328	0.23355905	
1077.6	0.22851707	0.23377166	
1077.8	0.22883473	0.23398259	
1078	0.22920841	0.23419186	
1078.2	0.22899265	0.23439949	
1078.4	0.2290754	0.23460548	
1078.6	0.22908019	0.23480986	
1078.8	0.22893654	0.23501263	
1079	0.22901988	0.2352138	
1079.2	0.22917324	0.23541339	
1079.4	0.22928237	0.23561141	
1079.6	0.22926731	0.23580788	
1079.8	0.22943983	0.2360028	
1080	0.22941509	0.23619619	
1080.2	0.22939794	0.23638805	
1080.4	0.22947148	0.23657841	
1080.6	0.22909149	0.23676727	
1080.8	0.22937267	0.23695465	
1081	0.22952058	0.23714055	
1081.2	0.22960852	0.23732499	
1081.4	0.22974332	0.23750798	
1081.6	0.22981429	0.23768953	
1081.8	0.23019428	0.23786965	
1082	0.23020077	0.23804836	
1082.2	0.23032151	0.23822566	
1082.4	0.23040429	0.23840157	
1082.6	0.2306308	0.23857609	
1082.8	0.23058861	0.23874925	
1083	0.23083528	0.23892104	
1083.2	0.23116894	0.23909148	
1083.4	0.23087965	0.23926058	
1083.6	0.23110273	0.23942834	
1083.8	0.23175669	0.23959479	
1084	0.23170151	0.23975994	
1084.2	0.23176634	0.23992378	
1084.4	0.23261344	0.24008633	
1084.6	0.23290874	0.24024761	
1084.8	0.23344444	0.24040762	
1085	0.23369236	0.24056636	
1085.2	0.23385755	0.24072387	
1085.4	0.23388287	0.24088013	
1085.6	0.23339837	0.24103516	
1085.8	0.23329725	0.24118898	
1086	0.2332338	0.24134158	
1086.2	0.23326661	0.24149299	
1086.4	0.23311682	0.2416432	
1086.6	0.23282597	0.24179223	
1086.8	0.23254723	0.24194009	
1087	0.23254708	0.24208679	
1087.2	0.23245049	0.24223234	
1087.4	0.2321402	0.24237674	
1087.6	0.23255917	0.24252	
1087.8	0.23245206	0.24266214	
1088	0.23221496	0.24280316	
1088.2	0.23269115	0.24294307	
1088.4	0.23313653	0.24308188	
1088.6	0.23295965	0.2432196	
1088.8	0.23316821	0.24335624	
1089	0.23304716	0.2434918	
1089.2	0.23259908	0.2436263	
1089.4	0.23252473	0.24375974	
1089.6	0.23246118	0.24389213	
1089.8	0.23263448	0.24402348	
1090	0.23268349	0.24415379	
1090.2	0.23299121	0.24428308	
1090.4	0.23355179	0.24441136	
1090.6	0.23370539	0.24453862	
1090.8	0.23440773	0.24466489	
1091	0.23478113	0.24479016	
1091.2	0.23464148	0.24491444	
1091.4	0.23501122	0.24503775	
1091.6	0.2353588	0.24516009	
1091.8	0.23520217	0.24528147	
1092	0.23523139	0.24540189	
1092.2	0.23579823	0.24552137	
1092.4	0.23563285	0.24563991	
1092.6	0.23551904	0.24575751	
1092.8	0.23544717	0.24587419	
1093	0.23515195	0.24598995	
1093.2	0.23476022	0.2461048	
1093.4	0.23543704	0.24621875	
1093.6	0.23536075	0.24633181	
1093.8	0.23502122	0.24644397	
1094	0.2347753	0.24655525	
1094.2	0.23524457	0.24666566	
1094.4	0.23570195	0.2467752	
1094.6	0.23538774	0.24688387	
1094.8	0.23594385	0.24699169	
1095	0.23607251	0.24709867	
1095.2	0.23604455	0.2472048	
1095.4	0.23633794	0.2473101	
1095.6	0.23666426	0.24741457	
1095.8	0.23683662	0.24751822	
1096	0.23708801	0.24762105	
1096.2	0.23729938	0.24772308	
1096.4	0.23712479	0.2478243	
1096.6	0.23729908	0.24792473	
1096.8	0.23734466	0.24802437	
1097	0.23728613	0.24812322	
1097.2	0.2372019	0.2482213	
1097.4	0.23741023	0.2483186	
1097.6	0.23695356	0.24841514	
1097.8	0.23697972	0.24851092	
1098	0.23703981	0.24860595	
1098.2	0.23717168	0.24870023	
1098.4	0.23696103	0.24879377	
1098.6	0.23664663	0.24888657	
1098.8	0.23704261	0.24897865	
1099	0.23702215	0.24907	
1099.2	0.23692461	0.24916063	
1099.4	0.23732543	0.24925055	
1099.6	0.23779232	0.24933976	
1099.8	0.2379635	0.24942827	
1100	0.2378442	0.24951608	
1100.2	0.23788635	0.24960321	
1100.4	0.23784674	0.24968965	
1100.6	0.23808357	0.2497754	
1100.8	0.23837275	0.24986049	
1101	0.23824032	0.2499449	
1101.2	0.23840294	0.25002865	
1101.4	0.23838229	0.25011175	
1101.6	0.23845878	0.25019419	
1101.8	0.23863323	0.25027598	
1102	0.23828389	0.25035713	
1102.2	0.23832126	0.25043764	
1102.4	0.23819853	0.25051751	
1102.6	0.238466	0.25059676	
1102.8	0.23853296	0.25067539	
1103	0.23846539	0.25075339	
1103.2	0.23854603	0.25083079	
1103.4	0.23897737	0.25090757	
1103.6	0.23879787	0.25098375	
1103.8	0.23888973	0.25105934	
1104	0.23891182	0.25113432	
1104.2	0.23907922	0.25120872	
1104.4	0.23920012	0.25128254	
1104.6	0.23954456	0.25135577	
1104.8	0.2397001	0.25142843	
1105	0.23968859	0.25150051	
1105.2	0.24005359	0.25157203	
1105.4	0.23976451	0.25164299	
1105.6	0.23972058	0.25171338	
1105.8	0.23985883	0.25178323	
1106	0.23981925	0.25185252	
1106.2	0.24029066	0.25192127	
1106.4	0.24085091	0.25198948	
1106.6	0.24117586	0.25205716	
1106.8	0.24113467	0.2521243	
1107	0.24103144	0.25219091	
1107.2	0.24118885	0.252257	
1107.4	0.24138569	0.25232257	
1107.6	0.24134816	0.25238763	
1107.8	0.24163167	0.25245217	
1108	0.24143634	0.2525162	
1108.2	0.24137105	0.25257974	
1108.4	0.24156319	0.25264277	
1108.6	0.24125547	0.2527053	
1108.8	0.24118753	0.25276735	
1109	0.2411491	0.25282891	
1109.2	0.24120159	0.25288998	
1109.4	0.24095065	0.25295057	
1109.6	0.24081489	0.25301069	
1109.8	0.24086657	0.25307033	
1110	0.24104967	0.2531295	
1110.2	0.24161527	0.25318821	
1110.4	0.24205192	0.25324646	
1110.6	0.24200588	0.25330425	
1110.8	0.24226189	0.25336158	
1111	0.24256035	0.25341847	
1111.2	0.2428678	0.2534749	
1111.4	0.24285494	0.2535309	
1111.6	0.24317959	0.25358645	
1111.8	0.2431257	0.25364156	
1112	0.24275815	0.25369625	
1112.2	0.24300832	0.2537505	
1112.4	0.24287029	0.25380432	
1112.6	0.2424418	0.25385773	
1112.8	0.24267509	0.25391071	
1113	0.24302904	0.25396327	
1113.2	0.24319297	0.25401543	
1113.4	0.24290263	0.25406717	
1113.6	0.24274573	0.2541185	
1113.8	0.24288914	0.25416944	
1114	0.24287752	0.25421997	
1114.2	0.24282588	0.2542701	
1114.4	0.2430195	0.25431984	
1114.6	0.24333605	0.25436919	
1114.8	0.24333671	0.25441815	
1115	0.24347363	0.25446672	
1115.2	0.24345176	0.25451492	
1115.4	0.24326755	0.25456273	
1115.6	0.24361104	0.25461017	
1115.8	0.24323713	0.25465724	
1116	0.24317237	0.25470393	
1116.2	0.24330246	0.25475026	
1116.4	0.24287979	0.25479622	
1116.6	0.24283291	0.25484183	
1116.8	0.24336523	0.25488707	
1117	0.24362103	0.25493196	
1117.2	0.2435638	0.25497649	
1117.4	0.24351002	0.25502068	
1117.6	0.24360383	0.25506451	
1117.8	0.24344836	0.25510801	
1118	0.24308625	0.25515116	
1118.2	0.2431971	0.25519397	
1118.4	0.24391301	0.25523644	
1118.6	0.24379968	0.25527858	
1118.8	0.24363251	0.25532039	
1119	0.24364093	0.25536187	
1119.2	0.24357804	0.25540303	
1119.4	0.24366318	0.25544386	
1119.6	0.24391636	0.25548437	
1119.8	0.24354138	0.25552456	
1120	0.24387503	0.25556443	
1120.2	0.24383901	0.255604	
1120.4	0.24348027	0.25564325	
1120.6	0.24364805	0.25568219	
1120.8	0.24369076	0.25572082	
1121	0.24347843	0.25575915	
1121.2	0.24353457	0.25579718	
1121.4	0.24387708	0.25583492	
1121.6	0.24362442	0.25587235	
1121.8	0.2438948	0.25590949	
1122	0.24428056	0.25594634	
1122.2	0.2450643	0.2559829	
1122.4	0.24539627	0.25601917	
1122.6	0.24527592	0.25605515	
1122.8	0.2452197	0.25609085	
1123	0.24541968	0.25612628	
1123.2	0.24579132	0.25616142	
1123.4	0.24621633	0.25619629	
1123.6	0.24666021	0.25623088	
1123.8	0.24658746	0.2562652	
1124	0.24720109	0.25629925	
1124.2	0.24702122	0.25633303	
1124.4	0.24689811	0.25636655	
1124.6	0.24687509	0.2563998	
1124.8	0.24662045	0.2564328	
1125	0.24639367	0.25646553	
1125.2	0.24649752	0.25649801	
1125.4	0.24669361	0.25653023	
1125.6	0.24593806	0.25656219	
1125.8	0.24591247	0.25659391	
1126	0.24569051	0.25662537	
1126.2	0.24524731	0.25665659	
1126.4	0.24485733	0.25668757	
1126.6	0.24464179	0.25671829	
1126.8	0.24452864	0.25674878	
1127	0.24463074	0.25677903	
1127.2	0.24472719	0.25680904	
1127.4	0.24490075	0.25683881	
1127.6	0.24531406	0.25686836	
1127.8	0.24565075	0.25689766	
1128	0.24640149	0.25692674	
1128.2	0.24670384	0.25695559	
1128.4	0.24683456	0.25698421	
1128.6	0.24702994	0.25701261	
1128.8	0.24702777	0.25704078	
1129	0.24727441	0.25706873	
1129.2	0.24768662	0.25709646	
1129.4	0.24782225	0.25712398	
1129.6	0.24765964	0.25715128	
1129.8	0.24753118	0.25717836	
1130	0.24738757	0.25720523	
1130.2	0.24711464	0.25723189	
1130.4	0.24712788	0.25725834	
1130.6	0.24710662	0.25728458	
1130.8	0.24678971	0.25731061	
1131	0.24653232	0.25733644	
1131.2	0.24697402	0.25736207	
1131.4	0.24715314	0.2573875	
1131.6	0.24722494	0.25741272	
1131.8	0.24754168	0.25743775	
1132	0.24745203	0.25746258	
1132.2	0.24729762	0.25748721	
1132.4	0.24721146	0.25751165	
1132.6	0.24729193	0.2575359	
1132.8	0.24754833	0.25755996	
1133	0.24801271	0.25758383	
1133.2	0.2483736	0.25760751	
1133.4	0.24877688	0.25763101	
1133.6	0.24909795	0.25765432	
1133.8	0.2492175	0.25767745	
1134	0.24951717	0.25770039	
1134.2	0.24969919	0.25772316	
1134.4	0.24982816	0.25774574	
1134.6	0.25033081	0.25776815	
1134.8	0.25047656	0.25779038	
1135	0.25061405	0.25781244	
1135.2	0.25123245	0.25783432	
1135.4	0.25115542	0.25785604	
1135.6	0.25086062	0.25787758	
1135.8	0.25064767	0.25789895	
1136	0.2506007	0.25792015	
1136.2	0.25049645	0.25794119	
1136.4	0.25061205	0.25796206	
1136.6	0.25068341	0.25798277	
1136.8	0.25063253	0.25800331	
1137	0.25042783	0.25802369	
1137.2	0.25029131	0.25804392	
1137.4	0.25017874	0.25806398	
1137.6	0.2500192	0.25808389	
1137.8	0.25033189	0.25810364	
1138	0.2505175	0.25812323	
1138.2	0.25059979	0.25814267	
1138.4	0.25069059	0.25816196	
1138.6	0.25085925	0.25818109	
1138.8	0.25071433	0.25820008	
1139	0.25048825	0.25821891	
1139.2	0.25057451	0.2582376	
1139.4	0.2502002	0.25825614	
1139.6	0.24984319	0.25827454	
1139.8	0.24961078	0.25829279	
1140	0.27086728	0.25831097	
1140.2	0.26996005	0.25817207	
1140.4	0.26859271	0.25803323	
1140.6	0.26711375	0.25789447	
1140.8	0.26549441	0.25775579	
1141	0.26352456	0.25761717	
1141.2	0.26184853	0.25747864	
1141.4	0.2600058	0.25734018	
1141.6	0.25797553	0.25720179	
1141.8	0.25646993	0.25706348	
1142	0.25503763	0.25692524	
1142.2	0.25356466	0.25678707	
1142.4	0.25213623	0.25664898	
1142.6	0.25092542	0.25651097	
1142.8	0.24983735	0.25637303	
1143	0.24891837	0.25623516	
1143.2	0.24843365	0.25609737	
1143.4	0.24773493	0.25595965	
1143.6	0.24725251	0.255822	
1143.8	0.24679176	0.25568443	
1144	0.24593067	0.25554694	
1144.2	0.2456609	0.25540951	
1144.4	0.24531184	0.25527216	
1144.6	0.24488334	0.25513489	
1144.8	0.24447035	0.25499769	
1145	0.24420353	0.25486056	
1145.2	0.24381313	0.25472351	
1145.4	0.24342824	0.25458653	
1145.6	0.24313749	0.25444962	
1145.8	0.24343781	0.25431279	
1146	0.2425777	0.25417603	
1146.2	0.24181409	0.25403934	
1146.4	0.24141286	0.25390273	
1146.6	0.24113278	0.25376619	
1146.8	0.24092582	0.25362973	
1147	0.24093479	0.25349333	
1147.2	0.24086575	0.25335702	
1147.4	0.24028906	0.25322077	
1147.6	0.23985997	0.2530846	
1147.8	0.23918514	0.2529485	
1148	0.23868558	0.25281247	
1148.2	0.23832043	0.25267652	
1148.4	0.23821841	0.25254064	
1148.6	0.23749434	0.25240484	
1148.8	0.23699835	0.2522691	
1149	0.23696863	0.25213344	
1149.2	0.2363487	0.25199786	
1149.4	0.23615132	0.25186234	
1149.6	0.23613724	0.2517269	
1149.8	0.23602367	0.25159153	
1150	0.23537722	0.25145624	
1150.2	0.23531727	0.25132101	
1150.4	0.23542476	0.25118586	
1150.6	0.23573512	0.25105078	
1150.8	0.23572245	0.25091578	
1151	0.23581446	0.25078085	
1151.2	0.23571253	0.25064599	
1151.4	0.23559964	0.2505112	
1151.6	0.23508994	0.25037649	
1151.8	0.23522481	0.25024184	
1152	0.23551581	0.25010727	
1152.2	0.2352513	0.24997278	
1152.4	0.23534426	0.24983835	
1152.6	0.23503627	0.249704	
1152.8	0.23486681	0.24956972	
1153	0.23503168	0.24943551	
1153.2	0.23471606	0.24930137	
1153.4	0.23484953	0.24916731	
1153.6	0.23510573	0.24903331	
1153.8	0.23479848	0.24889939	
1154	0.23473099	0.24876555	
1154.2	0.23434732	0.24863177	
1154.4	0.23427939	0.24849807	
1154.6	0.23394214	0.24836443	
1154.8	0.23338002	0.24823087	
1155	0.23354332	0.24809738	
1155.2	0.23315588	0.24796397	
1155.4	0.23244989	0.24783062	
1155.6	0.23223067	0.24769735	
1155.8	0.23237309	0.24756415	
1156	0.23203293	0.24743102	
1156.2	0.23150873	0.24729796	
1156.4	0.2316869	0.24716497	
1156.6	0.2311276	0.24703206	
1156.8	0.23093142	0.24689921	
1157	0.23078572	0.24676644	
1157.2	0.23053327	0.24663374	
1157.4	0.23059449	0.24650111	
1157.6	0.23056659	0.24636855	
1157.8	0.23040002	0.24623606	
1158	0.23041672	0.24610365	
1158.2	0.22997216	0.2459713	
1158.4	0.22989733	0.24583903	
1158.6	0.22995087	0.24570683	
1158.8	0.23020033	0.2455747	
1159	0.23000369	0.24544264	
1159.2	0.22955918	0.24531065	
1159.4	0.22911746	0.24517873	
1159.6	0.22956238	0.24504688	
1159.8	0.22943997	0.24491511	
1160	0.22927213	0.2447834	
1160.2	0.22951637	0.24465177	
1160.4	0.229209	0.2445202	
1160.6	0.22894181	0.24438871	
1160.8	0.2289612	0.24425729	
1161	0.22883233	0.24412593	
1161.2	0.22896111	0.24399465	
1161.4	0.22938878	0.24386344	
1161.6	0.22947076	0.2437323	
1161.8	0.22937481	0.24360123	
1162	0.22906356	0.24347023	
1162.2	0.22881466	0.24333931	
1162.4	0.22864455	0.24320845	
1162.6	0.22840928	0.24307766	
1162.8	0.22805789	0.24294694	
1163	0.22795473	0.24281629	
1163.2	0.2280481	0.24268572	
1163.4	0.22759884	0.24255521	
1163.6	0.2276273	0.24242477	
1163.8	0.2273471	0.24229441	
1164	0.2274611	0.24216411	
1164.2	0.22715931	0.24203389	
1164.4	0.22690554	0.24190373	
1164.6	0.22710449	0.24177364	
1164.8	0.22718391	0.24164363	
1165	0.2272805	0.24151368	
1165.2	0.22753618	0.24138381	
1165.4	0.22772809	0.241254	
1165.6	0.22745404	0.24112426	
1165.8	0.22727384	0.2409946	
1166	0.22744509	0.240865	
1166.2	0.22717538	0.24073547	
1166.4	0.22684792	0.24060601	
1166.6	0.22690262	0.24047662	
1166.8	0.22717955	0.24034731	
1167	0.22763239	0.24021806	
1167.2	0.22736741	0.24008888	
1167.4	0.2272923	0.23995977	
1167.6	0.22738673	0.23983073	
1167.8	0.22711431	0.23970175	
1168	0.22674018	0.23957285	
1168.2	0.2263507	0.23944402	
1168.4	0.22586348	0.23931526	
1168.6	0.225485	0.23918656	
1168.8	0.2252697	0.23905794	
1169	0.22453097	0.23892938	
1169.2	0.22438843	0.2388009	
1169.4	0.22370401	0.23867248	
1169.6	0.22306156	0.23854413	
1169.8	0.22330603	0.23841585	
1170	0.22360475	0.23828764	
1170.2	0.2231093	0.2381595	
1170.4	0.22322087	0.23803142	
1170.6	0.22346884	0.23790342	
1170.8	0.22365716	0.23777549	
1171	0.22383548	0.23764762	
1171.2	0.22408382	0.23751982	
1171.4	0.22407059	0.23739209	
1171.6	0.22382521	0.23726443	
1171.8	0.22328124	0.23713684	
1172	0.22298028	0.23700932	
1172.2	0.22287277	0.23688187	
1172.4	0.2230559	0.23675448	
1172.6	0.22308029	0.23662716	
1172.8	0.22304446	0.23649992	
1173	0.22266182	0.23637273	
1173.2	0.22284882	0.23624562	
1173.4	0.2225937	0.23611858	
1173.6	0.22277098	0.2359916	
1173.8	0.22320379	0.2358647	
1174	0.22309259	0.23573786	
1174.2	0.22264944	0.23561109	
1174.4	0.22252811	0.23548439	
1174.6	0.22261967	0.23535775	
1174.8	0.22246713	0.23523119	
1175	0.22239464	0.23510469	
1175.2	0.22254273	0.23497826	
1175.4	0.22180081	0.2348519	
1175.6	0.22139915	0.2347256	
1175.8	0.22094563	0.23459938	
1176	0.22119065	0.23447322	
1176.2	0.22135028	0.23434713	
1176.4	0.2213084	0.23422111	
1176.6	0.22080443	0.23409515	
1176.8	0.22092782	0.23396926	
1177	0.22085807	0.23384345	
1177.2	0.22079605	0.23371769	
1177.4	0.22104153	0.23359201	
1177.6	0.22070286	0.23346639	
1177.8	0.22064815	0.23334084	
1178	0.22026657	0.23321536	
1178.2	0.21992787	0.23308995	
1178.4	0.21999961	0.2329646	
1178.6	0.22032049	0.23283932	
1178.8	0.2202222	0.23271411	
1179	0.22030659	0.23258897	
1179.2	0.22032739	0.23246389	
1179.4	0.21987084	0.23233888	
1179.6	0.21995604	0.23221394	
1179.8	0.21991846	0.23208906	
1180	0.22000221	0.23196426	
1180.2	0.21954984	0.23183951	
1180.4	0.21929609	0.23171484	
1180.6	0.21944252	0.23159023	
1180.8	0.219728	0.23146569	
1181	0.2198136	0.23134122	
1181.2	0.2197296	0.23121681	
1181.4	0.21962523	0.23109247	
1181.6	0.21938165	0.2309682	
1181.8	0.21938228	0.230844	
1182	0.21914844	0.23071986	
1182.2	0.21943148	0.23059579	
1182.4	0.21947655	0.23047178	
1182.6	0.21943371	0.23034784	
1182.8	0.21930407	0.23022397	
1183	0.21925926	0.23010017	
1183.2	0.21891714	0.22997643	
1183.4	0.2187615	0.22985276	
1183.6	0.21848494	0.22972915	
1183.8	0.21791646	0.22960561	
1184	0.21745721	0.22948214	
1184.2	0.21750052	0.22935873	
1184.4	0.21719107	0.22923539	
1184.6	0.21727896	0.22911212	
1184.8	0.21706411	0.22898891	
1185	0.21691285	0.22886577	
1185.2	0.21671372	0.2287427	
1185.4	0.21643537	0.22861969	
1185.6	0.21659495	0.22849674	
1185.8	0.21659107	0.22837387	
1186	0.21684329	0.22825106	
1186.2	0.21705226	0.22812831	
1186.4	0.21690595	0.22800563	
1186.6	0.21691536	0.22788302	
1186.8	0.21672601	0.22776048	
1187	0.21701979	0.227638	
1187.2	0.21667509	0.22751558	
1187.4	0.21681307	0.22739323	
1187.6	0.21615368	0.22727095	
1187.8	0.21580457	0.22714873	
1188	0.21554134	0.22702658	
1188.2	0.21554796	0.22690449	
1188.4	0.21491338	0.22678247	
1188.6	0.21466286	0.22666052	
1188.8	0.21419083	0.22653863	
1189	0.21401653	0.22641681	
1189.2	0.21370351	0.22629505	
1189.4	0.21364085	0.22617336	
1189.6	0.21369566	0.22605173	
1189.8	0.21373979	0.22593017	
1190	0.21390785	0.22580867	
1190.2	0.21399344	0.22568724	
1190.4	0.2139999	0.22556588	
1190.6	0.21375488	0.22544458	
1190.8	0.21370021	0.22532334	
1191	0.21416139	0.22520217	
1191.2	0.21394502	0.22508107	
1191.4	0.21405609	0.22496003	
1191.6	0.2136847	0.22483905	
1191.8	0.21381941	0.22471814	
1192	0.21373416	0.2245973	
1192.2	0.21343056	0.22447652	
1192.4	0.21269064	0.22435581	
1192.6	0.21245011	0.22423516	
1192.8	0.21240206	0.22411457	
1193	0.21234146	0.22399405	
1193.2	0.21224723	0.2238736	
1193.4	0.21240371	0.22375321	
1193.6	0.21217221	0.22363288	
1193.8	0.21201071	0.22351262	
1194	0.21197923	0.22339242	
1194.2	0.21140525	0.22327229	
1194.4	0.21094495	0.22315223	
1194.6	0.21044406	0.22303222	
1194.8	0.21029886	0.22291229	
1195	0.21024753	0.22279241	
1195.2	0.21036669	0.2226726	
1195.4	0.21079024	0.22255286	
1195.6	0.21096919	0.22243318	
1195.8	0.21113596	0.22231356	
1196	0.21124021	0.22219401	
1196.2	0.21113112	0.22207452	
1196.4	0.21111995	0.2219551	
1196.6	0.21164383	0.22183574	
1196.8	0.21164904	0.22171645	
1197	0.21152108	0.22159722	
1197.2	0.21134531	0.22147805	
1197.4	0.21148475	0.22135895	
1197.6	0.21135867	0.22123991	
1197.8	0.21129822	0.22112094	
1198	0.21145883	0.22100203	
1198.2	0.21131429	0.22088318	
1198.4	0.2113254	0.2207644	
1198.6	0.21131022	0.22064568	
1198.8	0.21138347	0.22052703	
1199	0.21141918	0.22040844	
1199.2	0.21161705	0.22028991	
1199.4	0.21200702	0.22017145	
1199.6	0.2119788	0.22005305	
1199.8	0.21158815	0.21993471	
1200	0.21137761	0.21981644	
1200.2	0.21120021	0.21969823	
1200.4	0.21087797	0.21958009	
1200.6	0.21044544	0.21946201	
1200.8	0.20974312	0.21934399	
1201	0.2093523	0.21922603	
1201.2	0.20911845	0.21910814	
1201.4	0.20899726	0.21899031	
1201.6	0.20901011	0.21887255	
1201.8	0.20893347	0.21875485	
1202	0.20919913	0.21863721	
1202.2	0.20915295	0.21851964	
1202.4	0.20897065	0.21840213	
1202.6	0.2094233	0.21828468	
1202.8	0.20957024	0.21816729	
1203	0.20970684	0.21804997	
1203.2	0.20964525	0.21793271	
1203.4	0.20951586	0.21781552	
1203.6	0.20922659	0.21769839	
1203.8	0.20832688	0.21758132	
1204	0.20824923	0.21746431	
1204.2	0.20805633	0.21734737	
1204.4	0.20742149	0.21723049	
1204.6	0.20730867	0.21711367	
1204.8	0.2071233	0.21699691	
1205	0.20695287	0.21688022	
1205.2	0.20691864	0.21676359	
1205.4	0.20637371	0.21664702	
1205.6	0.20651839	0.21653052	
1205.8	0.20611139	0.21641408	
1206	0.20614673	0.2162977	
1206.2	0.20600535	0.21618138	
1206.4	0.20590302	0.21606513	
1206.6	0.20668372	0.21594894	
1206.8	0.20655042	0.21583281	
1207	0.20630478	0.21571674	
1207.2	0.20630808	0.21560074	
1207.4	0.2059841	0.2154848	
1207.6	0.20597149	0.21536892	
1207.8	0.20542471	0.2152531	
1208	0.20547426	0.21513735	
1208.2	0.20545317	0.21502166	
1208.4	0.20545499	0.21490603	
1208.6	0.20550799	0.21479046	
1208.8	0.20527133	0.21467495	
1209	0.2051972	0.21455951	
1209.2	0.20511153	0.21444413	
1209.4	0.20437859	0.21432881	
1209.6	0.20433923	0.21421355	
1209.8	0.20372644	0.21409836	
1210	0.20369504	0.21398322	
1210.2	0.20358998	0.21386815	
1210.4	0.20404953	0.21375314	
1210.6	0.2045501	0.21363819	
1210.8	0.20454697	0.21352331	
1211	0.20489714	0.21340848	
1211.2	0.20547042	0.21329372	
1211.4	0.20538396	0.21317902	
1211.6	0.20597564	0.21306438	
1211.8	0.20616832	0.2129498	
1212	0.20656017	0.21283529	
1212.2	0.20694018	0.21272083	
1212.4	0.20710981	0.21260644	
1212.6	0.20696496	0.21249211	
1212.8	0.20663483	0.21237784	
1213	0.20609214	0.21226363	
1213.2	0.20575304	0.21214948	
1213.4	0.20537712	0.2120354	
1213.6	0.20485929	0.21192137	
1213.8	0.20452804	0.21180741	
1214	0.20427728	0.21169351	
1214.2	0.20383997	0.21157967	
1214.4	0.20399558	0.21146589	
1214.6	0.20368929	0.21135217	
1214.8	0.20333048	0.21123852	
1215	0.20307548	0.21112492	
1215.2	0.20267242	0.21101139	
1215.4	0.20267746	0.21089791	
1215.6	0.20260501	0.2107845	
1215.8	0.20221359	0.21067115	
1216	0.20200572	0.21055786	
1216.2	0.20181449	0.21044463	
1216.4	0.20156262	0.21033146	
1216.6	0.2013009	0.21021835	
1216.8	0.20077948	0.21010531	
1217	0.20073845	0.20999232	
1217.2	0.20114142	0.20987939	
1217.4	0.2010561	0.20976653	
1217.6	0.20098715	0.20965372	
1217.8	0.20121685	0.20954098	
1218	0.20146791	0.2094283	
1218.2	0.20148533	0.20931568	
1218.4	0.20192556	0.20920311	
1218.6	0.20175381	0.20909061	
1218.8	0.20173294	0.20897817	
1219	0.20172365	0.20886579	
1219.2	0.20180432	0.20875347	
1219.4	0.20204576	0.20864121	
1219.6	0.20182456	0.20852902	
1219.8	0.20176514	0.20841688	
1220	0.20139032	0.2083048	
1220.2	0.20125398	0.20819278	
1220.4	0.20108999	0.20808082	
1220.6	0.20116535	0.20796893	
1220.8	0.20090317	0.20785709	
1221	0.2006965	0.20774531	
1221.2	0.20084095	0.20763359	
1221.4	0.20076101	0.20752194	
1221.6	0.20098421	0.20741034	
1221.8	0.20119067	0.2072988	
1222	0.20111605	0.20718733	
1222.2	0.2008601	0.20707591	
1222.4	0.2008427	0.20696455	
1222.6	0.20061386	0.20685325	
1222.8	0.20040137	0.20674202	
1223	0.2002446	0.20663084	
1223.2	0.20048906	0.20651972	
1223.4	0.20040695	0.20640866	
1223.6	0.20015049	0.20629767	
1223.8	0.20001998	0.20618673	
1224	0.1996188	0.20607585	
1224.2	0.19999221	0.20596503	
1224.4	0.20012124	0.20585427	
1224.6	0.19995162	0.20574357	
1224.8	0.19961049	0.20563293	
1225	0.199591	0.20552235	
1225.2	0.20009861	0.20541183	
1225.4	0.19981892	0.20530136	
1225.6	0.19984159	0.20519096	
1225.8	0.19963121	0.20508062	
1226	0.19890941	0.20497033	
1226.2	0.19875762	0.20486011	
1226.4	0.19861718	0.20474994	
1226.6	0.1982505	0.20463984	
1226.8	0.19790414	0.20452979	
1227	0.19763084	0.2044198	
1227.2	0.19751654	0.20430987	
1227.4	0.19720659	0.2042	
1227.6	0.19716229	0.20409019	
1227.8	0.19688591	0.20398044	
1228	0.19654216	0.20387075	
1228.2	0.19689219	0.20376111	
1228.4	0.19655201	0.20365154	
1228.6	0.19611901	0.20354202	
1228.8	0.19623528	0.20343257	
1229	0.19633904	0.20332317	
1229.2	0.19611631	0.20321383	
1229.4	0.19572928	0.20310455	
1229.6	0.19601772	0.20299533	
1229.8	0.1955564	0.20288617	
1230	0.1955621	0.20277706	
1230.2	0.19594311	0.20266802	
1230.4	0.19627081	0.20255903	
1230.6	0.19614806	0.2024501	
1230.8	0.1963267	0.20234123	
1231	0.1969529	0.20223242	
1231.2	0.19706477	0.20212367	
1231.4	0.19692289	0.20201498	
1231.6	0.19634861	0.20190634	
1231.8	0.1959839	0.20179776	
1232	0.19614739	0.20168924	
1232.2	0.19647419	0.20158078	
1232.4	0.19610095	0.20147238	
1232.6	0.19627663	0.20136404	
1232.8	0.19616758	0.20125575	
1233	0.1959193	0.20114752	
1233.2	0.19578007	0.20103936	
1233.4	0.19575012	0.20093124	
1233.6	0.19578848	0.20082319	
1233.8	0.19513224	0.2007152	
1234	0.1953294	0.20060726	
1234.2	0.19510242	0.20049938	
1234.4	0.19487904	0.20039156	
1234.6	0.19459321	0.2002838	
1234.8	0.19475375	0.20017609	
1235	0.19448893	0.20006845	
1235.2	0.19392729	0.19996086	
1235.4	0.19362377	0.19985333	
1235.6	0.19357349	0.19974586	
1235.8	0.1938875	0.19963844	
1236	0.19384133	0.19953108	
1236.2	0.19395993	0.19942378	
1236.4	0.19362572	0.19931654	
1236.6	0.19364989	0.19920936	
1236.8	0.19332715	0.19910223	
1237	0.19360971	0.19899516	
1237.2	0.19344418	0.19888815	
1237.4	0.19336205	0.19878119	
1237.6	0.19342969	0.1986743	
1237.8	0.19323816	0.19856746	
1238	0.19312332	0.19846068	
1238.2	0.19293066	0.19835395	
1238.4	0.19314767	0.19824729	
1238.6	0.19322937	0.19814068	
1238.8	0.19350515	0.19803412	
1239	0.19329773	0.19792763	
1239.2	0.1936794	0.19782119	
1239.4	0.19389443	0.19771481	
1239.6	0.19402922	0.19760849	
1239.8	0.19374862	0.19750222	
1240	0.19379211	0.19739601	
1240.2	0.19363137	0.19728986	
1240.4	0.19328127	0.19718377	
1240.6	0.19329331	0.19707773	
1240.8	0.19314242	0.19697175	
1241	0.19274814	0.19686583	
1241.2	0.19234768	0.19675996	
1241.4	0.19243149	0.19665415	
1241.6	0.19240322	0.1965484	
1241.8	0.19202127	0.1964427	
1242	0.19181451	0.19633706	
1242.2	0.19203324	0.19623148	
1242.4	0.19202871	0.19612596	
1242.6	0.19153818	0.19602049	
1242.8	0.19123275	0.19591507	
1243	0.19115544	0.19580972	
1243.2	0.19122447	0.19570442	
1243.4	0.19140138	0.19559918	
1243.6	0.19118899	0.19549399	
1243.8	0.19125647	0.19538886	
1244	0.19134977	0.19528379	
1244.2	0.1910803	0.19517878	
1244.4	0.19121336	0.19507382	
1244.6	0.19116082	0.19496891	
1244.8	0.19120596	0.19486407	
1245	0.19112479	0.19475928	
1245.2	0.19130382	0.19465454	
1245.4	0.19131728	0.19454987	
1245.6	0.19116013	0.19444525	
1245.8	0.19081146	0.19434068	
1246	0.19080744	0.19423617	
1246.2	0.19047031	0.19413172	
1246.4	0.1899127	0.19402732	
1246.6	0.1894321	0.19392298	
1246.8	0.18939656	0.1938187	
1247	0.18941303	0.19371447	
1247.2	0.1894114	0.1936103	
1247.4	0.1890997	0.19350618	
1247.6	0.189184	0.19340212	
1247.8	0.18921797	0.19329812	
1248	0.18946778	0.19319417	
1248.2	0.18974689	0.19309028	
1248.4	0.1898896	0.19298644	
1248.6	0.18967164	0.19288266	
1248.8	0.18959377	0.19277894	
1249	0.18960235	0.19267527	
1249.2	0.1893607	0.19257166	
1249.4	0.18976615	0.1924681	
1249.6	0.18976151	0.1923646	
1249.8	0.18940799	0.19226115	
1250	0.1893598	0.19215776	
1250.2	0.18872742	0.19205443	
1250.4	0.18849406	0.19195115	
1250.6	0.18807123	0.19184792	
1250.8	0.18783188	0.19174476	
1251	0.18836666	0.19164164	
1251.2	0.18857728	0.19153859	
1251.4	0.18865997	0.19143558	
1251.6	0.18884055	0.19133264	
1251.8	0.188901	0.19122975	
1252	0.18893283	0.19112691	
1252.2	0.18897148	0.19102413	
1252.4	0.18847009	0.19092141	
1252.6	0.18825085	0.19081874	
1252.8	0.18810227	0.19071612	
1253	0.18799356	0.19061356	
1253.2	0.18803886	0.19051106	
1253.4	0.18853064	0.19040861	
1253.6	0.18820283	0.19030621	
1253.8	0.18812914	0.19020388	
1254	0.18753303	0.19010159	
1254.2	0.18700122	0.18999936	
1254.4	0.18718822	0.18989719	
1254.6	0.18690912	0.18979507	
1254.8	0.18749017	0.18969301	
1255	0.18786575	0.189591	
1255.2	0.18720439	0.18948904	
1255.4	0.18718202	0.18938714	
1255.6	0.18667661	0.1892853	
1255.8	0.18640683	0.18918351	
1256	0.18599139	0.18908177	
1256.2	0.18624864	0.18898009	
1256.4	0.18597921	0.18887847	
1256.6	0.18567167	0.18877689	
1256.8	0.18528146	0.18867538	
1257	0.18505671	0.18857392	
1257.2	0.18521198	0.18847251	
1257.4	0.18547871	0.18837115	
1257.6	0.18537887	0.18826986	
1257.8	0.18523704	0.18816861	
1258	0.18489814	0.18806742	
1258.2	0.18496778	0.18796629	
1258.4	0.18527363	0.18786521	
1258.6	0.1851072	0.18776418	
1258.8	0.18512376	0.18766321	
1259	0.18462688	0.18756229	
1259.2	0.18426085	0.18746143	
1259.4	0.18444533	0.18736062	
1259.6	0.18454371	0.18725986	
1259.8	0.18476082	0.18715916	
1260	0.18495028	0.18705852	
1260.2	0.18523384	0.18695792	
1260.4	0.18494347	0.18685738	
1260.6	0.18484023	0.1867569	
1260.8	0.18474601	0.18665647	
1261	0.18480714	0.18655609	
1261.2	0.18490991	0.18645577	
1261.4	0.1851659	0.1863555	
1261.6	0.18535062	0.18625529	
1261.8	0.18499556	0.18615513	
1262	0.18507221	0.18605502	
1262.2	0.1849269	0.18595497	
1262.4	0.18510579	0.18585497	
1262.6	0.1849449	0.18575502	
1262.8	0.18515534	0.18565513	
1263	0.18539481	0.18555529	
1263.2	0.18553919	0.18545551	
1263.4	0.18590308	0.18535578	
1263.6	0.18555867	0.1852561	
1263.8	0.18538402	0.18515648	
1264	0.18515651	0.18505691	
1264.2	0.18505015	0.18495739	
1264.4	0.18442891	0.18485793	
1264.6	0.18438248	0.18475852	
1264.8	0.18427374	0.18465917	
1265	0.18416638	0.18455986	
1265.2	0.1838914	0.18446061	
1265.4	0.18413555	0.18436142	
1265.6	0.18408834	0.18426228	
1265.8	0.18386636	0.18416319	
1266	0.18421788	0.18406415	
1266.2	0.18395145	0.18396517	
1266.4	0.18388125	0.18386624	
1266.6	0.18397343	0.18376736	
1266.8	0.18391453	0.18366854	
1267	0.18345594	0.18356977	
1267.2	0.18292769	0.18347106	
1267.4	0.18258804	0.18337239	
1267.6	0.18197681	0.18327378	
1267.8	0.18218134	0.18317523	
1268	0.18211554	0.18307672	
1268.2	0.18208305	0.18297827	
1268.4	0.18163884	0.18287987	
1268.6	0.181855	0.18278153	
1268.8	0.18190387	0.18268323	
1269	0.18180127	0.18258499	
1269.2	0.1820118	0.18248681	
1269.4	0.18230213	0.18238867	
1269.6	0.18224064	0.18229059	
1269.8	0.18203127	0.18219256	
1270	0.18186624	0.18209459	
1270.2	0.18173919	0.18199666	
1270.4	0.18200923	0.18189879	
1270.6	0.18190409	0.18180098	
1270.8	0.1815191	0.18170321	
1271	0.18105048	0.1816055	
1271.2	0.18071788	0.18150784	
1271.4	0.18083497	0.18141023	
1271.6	0.18067229	0.18131267	
1271.8	0.18088746	0.18121517	
1272	0.18075454	0.18111772	
1272.2	0.18059706	0.18102032	
1272.4	0.18074564	0.18092298	
1272.6	0.18083475	0.18082569	
1272.8	0.18076032	0.18072844	
1273	0.18082335	0.18063126	
1273.2	0.18094821	0.18053412	
1273.4	0.18085763	0.18043704	
1273.6	0.18060428	0.18034	
1273.8	0.18031157	0.18024302	
1274	0.18032361	0.1801461	
1274.2	0.18044592	0.18004922	
1274.4	0.18052617	0.1799524	
1274.6	0.18034414	0.17985563	
1274.8	0.18006361	0.17975891	
1275	0.17971471	0.17966224	
1275.2	0.17949456	0.17956563	
1275.4	0.17983309	0.17946906	
1275.6	0.17999911	0.17937255	
1275.8	0.18010257	0.17927609	
1276	0.17990306	0.17917968	
1276.2	0.17991974	0.17908333	
1276.4	0.18045251	0.17898702	
1276.6	0.18034565	0.17889077	
1276.8	0.18031116	0.17879457	
1277	0.18055358	0.17869842	
1277.2	0.18037802	0.17860233	
1277.4	0.17999303	0.17850628	
1277.6	0.17994999	0.17841029	
1277.8	0.1797776	0.17831435	
1278	0.17955586	0.17821846	
1278.2	0.1796333	0.17812262	
1278.4	0.17946643	0.17802683	
1278.6	0.17962833	0.17793109	
1278.8	0.17934391	0.17783541	
1279	0.17943203	0.17773978	
1279.2	0.17941677	0.1776442	
1279.4	0.17966586	0.17754867	
1279.6	0.17934925	0.17745319	
1279.8	0.17916576	0.17735776	
1280	0.17928072	0.17726238	
1280.2	0.17916423	0.17716706	
1280.4	0.17938274	0.17707179	
1280.6	0.17925599	0.17697656	
1280.8	0.17934958	0.17688139	
1281	0.17915379	0.17678627	
1281.2	0.1785389	0.17669121	
1281.4	0.17835641	0.17659619	
1281.6	0.17825984	0.17650122	
1281.8	0.17803068	0.17640631	
1282	0.177575	0.17631144	
1282.2	0.17733539	0.17621663	
1282.4	0.17707008	0.17612187	
1282.6	0.17709579	0.17602716	
1282.8	0.17659532	0.1759325	
1283	0.17654566	0.17583789	
1283.2	0.17627446	0.17574333	
1283.4	0.17592509	0.17564882	
1283.6	0.17564365	0.17555436	
1283.8	0.17582527	0.17545996	
1284	0.17589357	0.1753656	
1284.2	0.17554374	0.1752713	
1284.4	0.17635781	0.17517704	
1284.6	0.1765433	0.17508284	
1284.8	0.17668646	0.17498869	
1285	0.17659042	0.17489459	
1285.2	0.17671603	0.17480053	
1285.4	0.17689864	0.17470653	
1285.6	0.1769065	0.17461258	
1285.8	0.17712858	0.17451868	
1286	0.17700869	0.17442483	
1286.2	0.17708464	0.17433104	
1286.4	0.17690089	0.17423729	
1286.6	0.17661336	0.17414359	
1286.8	0.17640104	0.17404994	
1287	0.1762477	0.17395635	
1287.2	0.17567656	0.1738628	
1287.4	0.17547799	0.1737693	
1287.6	0.17545127	0.17367586	
1287.8	0.17524336	0.17358246	
1288	0.17486949	0.17348911	
1288.2	0.17476638	0.17339582	
1288.4	0.17496246	0.17330257	
1288.6	0.17436751	0.17320938	
1288.8	0.17446139	0.17311623	
1289	0.17466283	0.17302314	
1289.2	0.17467973	0.17293009	
1289.4	0.17471458	0.1728371	
1289.6	0.17481924	0.17274415	
1289.8	0.17483794	0.17265126	
1290	0.17482763	0.17255841	
1290.2	0.17451433	0.17246562	
1290.4	0.1742198	0.17237287	
1290.6	0.17422666	0.17228018	
1290.8	0.17445694	0.17218753	
1291	0.17431476	0.17209494	
1291.2	0.17444693	0.17200239	
1291.4	0.17467187	0.1719099	
1291.6	0.17469491	0.17181745	
1291.8	0.17427908	0.17172505	
1292	0.1743666	0.17163271	
1292.2	0.17485039	0.17154041	
1292.4	0.17470047	0.17144816	
1292.6	0.17484274	0.17135596	
1292.8	0.17511632	0.17126382	
1293	0.17490446	0.17117172	
1293.2	0.17480748	0.17107967	
1293.4	0.17483018	0.17098767	
1293.6	0.17459821	0.17089572	
1293.8	0.17443048	0.17080382	
1294	0.17446952	0.17071196	
1294.2	0.17402891	0.17062016	
1294.4	0.17367482	0.17052841	
1294.6	0.17398955	0.17043671	
1294.8	0.17388657	0.17034505	
1295	0.17375435	0.17025345	
1295.2	0.17382264	0.17016189	
1295.4	0.17309233	0.17007039	
1295.6	0.17288821	0.16997893	
1295.8	0.17277863	0.16988752	
1296	0.17323449	0.16979616	
1296.2	0.17341598	0.16970485	
1296.4	0.17316052	0.16961359	
1296.6	0.17290213	0.16952238	
1296.8	0.17272451	0.16943122	
1297	0.17257079	0.16934011	
1297.2	0.17265191	0.16924904	
1297.4	0.17248922	0.16915803	
1297.6	0.17228916	0.16906706	
1297.8	0.1719967	0.16897614	
1298	0.17179872	0.16888527	
1298.2	0.17179027	0.16879445	
1298.4	0.17167742	0.16870368	
1298.6	0.17199458	0.16861296	
1298.8	0.17155274	0.16852229	
1299	0.17134807	0.16843166	
1299.2	0.1713081	0.16834109	
1299.4	0.17133731	0.16825056	
1299.6	0.17175632	0.16816008	
1299.8	0.1719851	0.16806965	
1300	0.17235682	0.16797927	
1300.2	0.17293104	0.16788894	
1300.4	0.17281529	0.16779865	
1300.6	0.17240995	0.16770842	
1300.8	0.17234348	0.16761823	
1301	0.17167399	0.16752809	
1301.2	0.17139284	0.167438	
1301.4	0.17074395	0.16734796	
1301.6	0.17046762	0.16725797	
1301.8	0.17031407	0.16716803	
1302	0.17021138	0.16707813	
1302.2	0.17064169	0.16698828	
1302.4	0.17016244	0.16689848	
1302.6	0.17008702	0.16680873	
1302.8	0.1698523	0.16671903	
1303	0.16974848	0.16662937	
1303.2	0.17000868	0.16653977	
1303.4	0.17030178	0.16645021	
1303.6	0.17048407	0.1663607	
1303.8	0.17064876	0.16627123	
1304	0.1708761	0.16618182	
1304.2	0.1708262	0.16609245	
1304.4	0.17056425	0.16600314	
1304.6	0.17053684	0.16591387	
1304.8	0.17057248	0.16582465	
1305	0.17049653	0.16573547	
1305.2	0.17100535	0.16564635	
1305.4	0.17089242	0.16555727	
1305.6	0.17065745	0.16546824	
1305.8	0.17077872	0.16537926	
1306	0.170559	0.16529032	
1306.2	0.17058624	0.16520143	
1306.4	0.17021389	0.1651126	
1306.6	0.16991268	0.16502381	
1306.8	0.17001102	0.16493506	
1307	0.16959102	0.16484637	
1307.2	0.16940478	0.16475772	
1307.4	0.16945404	0.16466912	
1307.6	0.16921683	0.16458057	
1307.8	0.16916116	0.16449206	
1308	0.16906612	0.1644036	
1308.2	0.16908299	0.16431519	
1308.4	0.1694452	0.16422683	
1308.6	0.16981065	0.16413852	
1308.8	0.16996178	0.16405025	
1309	0.17025129	0.16396203	
1309.2	0.17014879	0.16387386	
1309.4	0.17002197	0.16378573	
1309.6	0.16954323	0.16369766	
1309.8	0.17022252	0.16360963	
1310	0.17033999	0.16352164	
1310.2	0.17042972	0.16343371	
1310.4	0.17052881	0.16334582	
1310.6	0.17032806	0.16325798	
1310.8	0.17045105	0.16317019	
1311	0.17024982	0.16308244	
1311.2	0.17042438	0.16299474	
1311.4	0.17008798	0.16290709	
1311.6	0.16965899	0.16281948	
1311.8	0.16950063	0.16273193	
1312	0.16944318	0.16264441	
1312.2	0.16924211	0.16255695	
1312.4	0.16907381	0.16246953	
1312.6	0.16884824	0.16238217	
1312.8	0.16854601	0.16229484	
1313	0.16842497	0.16220757	
1313.2	0.16825121	0.16212034	
1313.4	0.16801772	0.16203316	
1313.6	0.16786743	0.16194602	
1313.8	0.16834223	0.16185893	
1314	0.16816917	0.16177189	
1314.2	0.16780982	0.1616849	
1314.4	0.16769194	0.16159795	
1314.6	0.16745678	0.16151105	
1314.8	0.16760521	0.1614242	
1315	0.16770759	0.16133739	
1315.2	0.16719991	0.16125063	
1315.4	0.16678931	0.16116391	
1315.6	0.16657324	0.16107725	
1315.8	0.16681787	0.16099062	
1316	0.16680679	0.16090405	
1316.2	0.16684843	0.16081752	
1316.4	0.16706364	0.16073104	
1316.6	0.16696507	0.16064461	
1316.8	0.16727404	0.16055822	
1317	0.16725099	0.16047188	
1317.2	0.16730259	0.16038558	
1317.4	0.16780523	0.16029933	
1317.6	0.16826103	0.16021313	
1317.8	0.16845826	0.16012697	
1318	0.16851133	0.16004086	
1318.2	0.16865729	0.1599548	
1318.4	0.16890308	0.15986878	
1318.6	0.16839903	0.15978281	
1318.8	0.16879098	0.15969689	
1319	0.16841113	0.15961101	
1319.2	0.16817581	0.15952518	
1319.4	0.16829113	0.15943939	
1319.6	0.16799083	0.15935365	
1319.8	0.16789649	0.15926796	
1320	0.16713367	0.15918231	
1320.2	0.16715827	0.15909671	
1320.4	0.16683807	0.15901115	
1320.6	0.16640288	0.15892564	
1320.8	0.16595313	0.15884018	
1321	0.16564261	0.15875476	
1321.2	0.16550463	0.15866939	
1321.4	0.16562534	0.15858406	
1321.6	0.16519849	0.15849878	
1321.8	0.16502255	0.15841355	
1322	0.16493486	0.15832836	
1322.2	0.16504321	0.15824322	
1322.4	0.16503549	0.15815812	
1322.6	0.16465046	0.15807307	
1322.8	0.16527105	0.15798806	
1323	0.16504878	0.1579031	
1323.2	0.16516092	0.15781819	
1323.4	0.16515021	0.15773332	
1323.6	0.16481404	0.1576485	
1323.8	0.16460979	0.15756372	
1324	0.16456738	0.15747899	
1324.2	0.16446468	0.1573943	
1324.4	0.16461766	0.15730966	
1324.6	0.16468919	0.15722507	
1324.8	0.16445799	0.15714052	
1325	0.16437881	0.15705601	
1325.2	0.16439638	0.15697156	
1325.4	0.16438059	0.15688714	
1325.6	0.16443215	0.15680278	
1325.8	0.16489718	0.15671845	
1326	0.16509581	0.15663418	
1326.2	0.16499003	0.15654994	
1326.4	0.16507294	0.15646576	
1326.6	0.16462108	0.15638162	
1326.8	0.16475715	0.15629752	
1327	0.16433007	0.15621347	
1327.2	0.16422758	0.15612947	
1327.4	0.16392133	0.15604551	
1327.6	0.16380463	0.15596159	
1327.8	0.16397861	0.15587772	
1328	0.16379138	0.1557939	
1328.2	0.16297608	0.15571012	
1328.4	0.16333626	0.15562638	
1328.6	0.16354203	0.15554269	
1328.8	0.16321419	0.15545905	
1329	0.16271667	0.15537545	
1329.2	0.16287712	0.15529189	
1329.4	0.16256143	0.15520838	
1329.6	0.16280097	0.15512492	
1329.8	0.16352308	0.1550415	
1330	0.1632194	0.15495812	
1330.2	0.16306026	0.15487479	
1330.4	0.16333327	0.15479151	
1330.6	0.16294462	0.15470827	
1330.8	0.1630178	0.15462507	
1331	0.16306458	0.15454192	
1331.2	0.16312243	0.15445881	
1331.4	0.16308062	0.15437575	
1331.6	0.16306362	0.15429273	
1331.8	0.16298255	0.15420976	
1332	0.16265178	0.15412683	
1332.2	0.1623934	0.15404395	
1332.4	0.16272539	0.15396111	
1332.6	0.16266139	0.15387832	
1332.8	0.16197871	0.15379557	
1333	0.16168005	0.15371286	
1333.2	0.1618721	0.1536302	
1333.4	0.16182387	0.15354759	
1333.6	0.16202847	0.15346502	
1333.8	0.1621234	0.15338249	
1334	0.16198318	0.15330001	
1334.2	0.16212997	0.15321757	
1334.4	0.16177711	0.15313517	
1334.6	0.16152292	0.15305282	
1334.8	0.16154325	0.15297052	
1335	0.1612861	0.15288826	
1335.2	0.16117021	0.15280604	
1335.4	0.1615842	0.15272387	
1335.6	0.16158863	0.15264174	
1335.8	0.16183541	0.15255965	
1336	0.16197152	0.15247761	
1336.2	0.16209627	0.15239561	
1336.4	0.16211039	0.15231366	
1336.6	0.16198598	0.15223175	
1336.8	0.16185567	0.15214989	
1337	0.16202783	0.15206807	
1337.2	0.16199996	0.15198629	
1337.4	0.16168356	0.15190456	
1337.6	0.16128519	0.15182287	
1337.8	0.16100723	0.15174123	
1338	0.16086097	0.15165963	
1338.2	0.16047891	0.15157807	
1338.4	0.15997848	0.15149656	
1338.6	0.15981001	0.15141509	
1338.8	0.15929781	0.15133367	
1339	0.15904024	0.15125229	
1339.2	0.15946809	0.15117095	
1339.4	0.15943633	0.15108965	
1339.6	0.15954199	0.1510084	
1339.8	0.15957867	0.1509272	
1340	0.15949844	0.15084604	
1340.2	0.15934504	0.15076492	
1340.4	0.15916679	0.15068384	
1340.6	0.15943837	0.15060281	
1340.8	0.15939377	0.15052182	
1341	0.15970851	0.15044088	
1341.2	0.15968203	0.15035998	
1341.4	0.15976419	0.15027912	
1341.6	0.15981867	0.1501983	
1341.8	0.15975101	0.15011753	
1342	0.15949089	0.15003681	
1342.2	0.15953205	0.14995612	
1342.4	0.15944732	0.14987548	
1342.6	0.15942607	0.14979489	
1342.8	0.15922727	0.14971433	
1343	0.15939185	0.14963382	
1343.2	0.15977349	0.14955335	
1343.4	0.15974214	0.14947293	
1343.6	0.15969498	0.14939255	
1343.8	0.15934822	0.14931221	
1344	0.15958571	0.14923192	
1344.2	0.15959916	0.14915167	
1344.4	0.16002827	0.14907146	
1344.6	0.16002618	0.14899129	
1344.8	0.15976149	0.14891117	
1345	0.15985818	0.14883109	
1345.2	0.15983293	0.14875106	
1345.4	0.15970698	0.14867107	
1345.6	0.15950364	0.14859112	
1345.8	0.15914804	0.14851121	
1346	0.15881202	0.14843135	
1346.2	0.15877072	0.14835153	
1346.4	0.15868532	0.14827175	
1346.6	0.15852347	0.14819202	
1346.8	0.15860852	0.14811232	
1347	0.15863167	0.14803268	
1347.2	0.15877355	0.14795307	
1347.4	0.15881078	0.14787351	
1347.6	0.15868852	0.14779399	
1347.8	0.15906355	0.14771451	
1348	0.15914152	0.14763507	
1348.2	0.15892003	0.14755568	
1348.4	0.15887018	0.14747633	
1348.6	0.15868933	0.14739702	
1348.8	0.15861389	0.14731776	
1349	0.15872878	0.14723854	
1349.2	0.15876166	0.14715936	
1349.4	0.15851784	0.14708022	
1349.6	0.15866914	0.14700113	
1349.8	0.15862953	0.14692208	
1350	0.15815236	0.14684307	
1350.2	0.15788679	0.1467641	
1350.4	0.15769274	0.14668518	
1350.6	0.15753068	0.1466063	
1350.8	0.15750682	0.14652746	
1351	0.15728337	0.14644866	
1351.2	0.15705481	0.14636991	
1351.4	0.15699558	0.1462912	
1351.6	0.15683968	0.14621253	
1351.8	0.15666953	0.1461339	
1352	0.156403	0.14605531	
1352.2	0.15656928	0.14597677	
1352.4	0.15691719	0.14589827	
1352.6	0.15703774	0.14581981	
1352.8	0.15684741	0.1457414	
1353	0.15735204	0.14566302	
1353.2	0.15730664	0.14558469	
1353.4	0.15731898	0.1455064	
1353.6	0.15748332	0.14542815	
1353.8	0.15750522	0.14534995	
1354	0.15707998	0.14527179	
1354.2	0.15699012	0.14519366	
1354.4	0.15696674	0.14511558	
1354.6	0.1568059	0.14503755	
1354.8	0.15659976	0.14495955	
1355	0.15650084	0.1448816	
1355.2	0.1560369	0.14480369	
1355.4	0.1555971	0.14472582	
1355.6	0.15549892	0.14464799	
1355.8	0.1553498	0.1445702	
1356	0.15544538	0.14449246	
1356.2	0.15571809	0.14441476	
1356.4	0.156019	0.1443371	
1356.6	0.15552469	0.14425948	
1356.8	0.15556158	0.1441819	
1357	0.1559999	0.14410437	
1357.2	0.15562493	0.14402687	
1357.4	0.15546794	0.14394942	
1357.6	0.15545918	0.14387201	
1357.8	0.15562577	0.14379464	
1358	0.1558295	0.14371731	
1358.2	0.15641703	0.14364003	
1358.4	0.15671283	0.14356279	
1358.6	0.15677041	0.14348558	
1358.8	0.15716297	0.14340842	
1359	0.15691574	0.1433313	
1359.2	0.15653115	0.14325423	
1359.4	0.15623647	0.14317719	
1359.6	0.15673763	0.14310019	
1359.8	0.15686797	0.14302324	
1360	0.15720776	0.14294633	
1360.2	0.15748484	0.14286946	
1360.4	0.1576118	0.14279263	
1360.6	0.15727309	0.14271584	
1360.8	0.15730599	0.14263909	
1361	0.15706803	0.14256239	
1361.2	0.15647837	0.14248572	
1361.4	0.15648804	0.1424091	
1361.6	0.15621161	0.14233252	
1361.8	0.15624408	0.14225598	
1362	0.15647577	0.14217948	
1362.2	0.15647225	0.14210302	
1362.4	0.15617164	0.1420266	
1362.6	0.15613565	0.14195023	
1362.8	0.15588812	0.14187389	
1363	0.15542111	0.1417976	
1363.2	0.15505582	0.14172134	
1363.4	0.15495958	0.14164513	
1363.6	0.15496649	0.14156896	
1363.8	0.15471324	0.14149283	
1364	0.15473069	0.14141674	
1364.2	0.15471505	0.14134069	
1364.4	0.15478992	0.14126469	
1364.6	0.15476453	0.14118872	
1364.8	0.15469549	0.14111279	
1365	0.15460059	0.14103691	
1365.2	0.15430943	0.14096106	
1365.4	0.15415981	0.14088526	
1365.6	0.15395837	0.1408095	
1365.8	0.15395423	0.14073378	
1366	0.15408348	0.1406581	
1366.2	0.15426965	0.14058246	
1366.4	0.1544753	0.14050686	
1366.6	0.15453126	0.1404313	
1366.8	0.15493355	0.14035578	
1367	0.15489029	0.1402803	
1367.2	0.15449162	0.14020486	
1367.4	0.15446581	0.14012947	
1367.6	0.15406415	0.14005411	
1367.8	0.15367598	0.1399788	
1368	0.1536653	0.13990352	
1368.2	0.15339326	0.13982829	
1368.4	0.15311093	0.13975309	
1368.6	0.15272175	0.13967794	
1368.8	0.1524208	0.13960283	
1369	0.15202303	0.13952775	
1369.2	0.15163848	0.13945272	
1369.4	0.15166263	0.13937773	
1369.6	0.15147753	0.13930278	
1369.8	0.15147836	0.13922787	
1370	0.1519318	0.13915299	
1370.2	0.15268378	0.13907816	
1370.4	0.15298916	0.13900337	
1370.6	0.15341913	0.13892862	
1370.8	0.15372503	0.13885391	
1371	0.15370229	0.13877924	
1371.2	0.15362437	0.13870461	
1371.4	0.15336849	0.13863002	
1371.6	0.15288573	0.13855547	
1371.8	0.15256896	0.13848096	
1372	0.15257146	0.13840649	
1372.2	0.15223749	0.13833206	
1372.4	0.15196112	0.13825768	
1372.6	0.15167247	0.13818333	
1372.8	0.15147809	0.13810902	
1373	0.15133366	0.13803475	
1373.2	0.15094024	0.13796052	
1373.4	0.15091175	0.13788633	
1373.6	0.15062242	0.13781218	
1373.8	0.15093197	0.13773807	
1374	0.15165478	0.137664	
1374.2	0.15186197	0.13758997	
1374.4	0.15190547	0.13751598	
1374.6	0.15219576	0.13744203	
1374.8	0.15214113	0.13736812	
1375	0.15236088	0.13729424	
1375.2	0.15210978	0.13722041	
1375.4	0.1520169	0.13714662	
1375.6	0.15195049	0.13707287	
1375.8	0.15199331	0.13699916	
1376	0.15246746	0.13692549	
1376.2	0.15268276	0.13685185	
1376.4	0.15231085	0.13677826	
1376.6	0.15217951	0.1367047	
1376.8	0.15187482	0.13663119	
1377	0.15145603	0.13655772	
1377.2	0.15072829	0.13648428	
1377.4	0.15047524	0.13641088	
1377.6	0.15023925	0.13633753	
1377.8	0.1503402	0.13626421	
1378	0.15038303	0.13619093	
1378.2	0.14959521	0.1361177	
1378.4	0.15001601	0.1360445	
1378.6	0.14982466	0.13597134	
1378.8	0.14951135	0.13589822	
1379	0.14982606	0.13582514	
1379.2	0.15000267	0.1357521	
1379.4	0.15033952	0.13567909	
1379.6	0.15021404	0.13560613	
1379.8	0.15034954	0.13553321	
1380	0.15091141	0.13546032	
1380.2	0.15116229	0.13538748	
1380.4	0.15125064	0.13531467	
1380.6	0.15156485	0.13524191	
1380.8	0.15147166	0.13516918	
1381	0.15130051	0.13509649	
1381.2	0.15119811	0.13502384	
1381.4	0.15129597	0.13495123	
1381.6	0.15122858	0.13487866	
1381.8	0.15114413	0.13480613	
1382	0.15062257	0.13473363	
1382.2	0.15036837	0.13466118	
1382.4	0.15042909	0.13458876	
1382.6	0.15002842	0.13451639	
1382.8	0.14952897	0.13444405	
1383	0.14948571	0.13437175	
1383.2	0.14932574	0.13429949	
1383.4	0.14929179	0.13422727	
1383.6	0.14871035	0.13415509	
1383.8	0.14867171	0.13408294	
1384	0.1490639	0.13401084	
1384.2	0.1490951	0.13393877	
1384.4	0.14912191	0.13386675	
1384.6	0.14915953	0.13379476	
1384.8	0.14882489	0.13372281	
1385	0.14871926	0.1336509	
1385.2	0.1487137	0.13357903	
1385.4	0.14865683	0.13350719	
1385.6	0.14863773	0.1334354	
1385.8	0.14860324	0.13336364	
1386	0.14837346	0.13329193	
1386.2	0.14863415	0.13322025	
1386.4	0.14868005	0.13314861	
1386.6	0.14876223	0.133077	
1386.8	0.14844256	0.13300544	
1387	0.14854947	0.13293392	
1387.2	0.14905383	0.13286243	
1387.4	0.14891359	0.13279098	
1387.6	0.14884013	0.13271957	
1387.8	0.14887072	0.1326482	
1388	0.14907159	0.13257687	
1388.2	0.14871636	0.13250557	
1388.4	0.14858265	0.13243432	
1388.6	0.14834146	0.1323631	
1388.8	0.1478956	0.13229192	
1389	0.14792257	0.13222078	
1389.2	0.14791346	0.13214967	
1389.4	0.14767451	0.13207861	
1389.6	0.14803166	0.13200758	
1389.8	0.14782365	0.13193659	
1390	0.14808844	0.13186564	
1390.2	0.14842919	0.13179473	
1390.4	0.14872078	0.13172386	
1390.6	0.14887581	0.13165302	
1390.8	0.14876043	0.13158222	
1391	0.14849182	0.13151147	
1391.2	0.14858368	0.13144074	
1391.4	0.14807928	0.13137006	
1391.6	0.14794676	0.13129941	
1391.8	0.14753579	0.13122881	
1392	0.14755167	0.13115824	
1392.2	0.14714145	0.13108771	
1392.4	0.1469695	0.13101721	
1392.6	0.14683912	0.13094676	
1392.8	0.14653726	0.13087634	
1393	0.1463932	0.13080596	
1393.2	0.14639444	0.13073562	
1393.4	0.14614331	0.13066531	
1393.6	0.14632215	0.13059505	
1393.8	0.14640738	0.13052482	
1394	0.146614	0.13045463	
1394.2	0.14658333	0.13038447	
1394.4	0.14666593	0.13031436	
1394.6	0.14649741	0.13024428	
1394.8	0.14631532	0.13017424	
1395	0.14613185	0.13010424	
1395.2	0.14594379	0.13003427	
1395.4	0.14579158	0.12996434	
1395.6	0.14577812	0.12989445	
1395.8	0.14562543	0.1298246	
1396	0.1458061	0.12975479	
1396.2	0.14548503	0.12968501	
1396.4	0.14536403	0.12961527	
1396.6	0.1451308	0.12954557	
1396.8	0.14480216	0.12947591	
1397	0.14498476	0.12940628	
1397.2	0.1447556	0.12933669	
1397.4	0.14442024	0.12926714	
1397.6	0.14441542	0.12919762	
1397.8	0.1447571	0.12912814	
1398	0.14471666	0.12905871	
1398.2	0.14459544	0.1289893	
1398.4	0.14502406	0.12891994	
1398.6	0.1450146	0.12885061	
1398.8	0.14521812	0.12878132	
1399	0.14535405	0.12871207	
1399.2	0.1456745	0.12864285	
1399.4	0.1460526	0.12857367	
1399.6	0.14577008	0.12850453	
1399.8	0.14560491	0.12843542	
1400	0.14557903	0.12836636	
1400.2	0.14564626	0.12829733	
1400.4	0.14578902	0.12822833	
1400.6	0.14598245	0.12815938	
1400.8	0.14649297	0.12809046	
1401	0.14654929	0.12802158	
1401.2	0.14633771	0.12795273	
1401.4	0.1465318	0.12788392	
1401.6	0.14622316	0.12781515	
1401.8	0.14623929	0.12774642	
1402	0.14595754	0.12767772	
1402.2	0.14586542	0.12760906	
1402.4	0.14607169	0.12754044	
1402.6	0.14553958	0.12747185	
1402.8	0.14560471	0.1274033	
1403	0.14536952	0.12733479	
1403.2	0.14514538	0.12726632	
1403.4	0.14455335	0.12719788	
1403.6	0.14408132	0.12712947	
1403.8	0.14406044	0.12706111	
1404	0.14396002	0.12699278	
1404.2	0.1440666	0.12692449	
1404.4	0.14417613	0.12685623	
1404.6	0.14423288	0.12678802	
1404.8	0.14435479	0.12671983	
1405	0.14414	0.12665169	
1405.2	0.14392971	0.12658358	
1405.4	0.14369576	0.12651551	
1405.6	0.14309049	0.12644748	
1405.8	0.14302223	0.12637948	
1406	0.14280058	0.12631152	
1406.2	0.14286665	0.12624359	
1406.4	0.14254134	0.1261757	
1406.6	0.14218652	0.12610785	
1406.8	0.14229691	0.12604003	
1407	0.14195071	0.12597225	
1407.2	0.14203502	0.12590451	
1407.4	0.14213439	0.1258368	
1407.6	0.14235659	0.12576913	
1407.8	0.1423587	0.1257015	
1408	0.14245197	0.1256339	
1408.2	0.14244208	0.12556634	
1408.4	0.14262614	0.12549882	
1408.6	0.14257048	0.12543133	
1408.8	0.14305738	0.12536388	
1409	0.14333837	0.12529646	
1409.2	0.14322781	0.12522908	
1409.4	0.14388257	0.12516174	
1409.6	0.14394881	0.12509443	
1409.8	0.1438167	0.12502716	
1410	0.14377999	0.12495993	
1410.2	0.14385162	0.12489273	
1410.4	0.14386489	0.12482557	
1410.6	0.1439653	0.12475844	
1410.8	0.143814	0.12469135	
1411	0.14391307	0.1246243	
1411.2	0.14371224	0.12455728	
1411.4	0.14352955	0.1244903	
1411.6	0.14301165	0.12442335	
1411.8	0.14268744	0.12435644	
1412	0.14246051	0.12428957	
1412.2	0.14193587	0.12422273	
1412.4	0.14180883	0.12415593	
1412.6	0.1422866	0.12408916	
1412.8	0.14235392	0.12402243	
1413	0.14236747	0.12395574	
1413.2	0.14229272	0.12388908	
1413.4	0.14243297	0.12382246	
1413.6	0.14225584	0.12375587	
1413.8	0.14204891	0.12368932	
1414	0.1422505	0.1236228	
1414.2	0.1420437	0.12355632	
1414.4	0.14238656	0.12348988	
1414.6	0.14211565	0.12342347	
1414.8	0.14208439	0.1233571	
1415	0.14220118	0.12329076	
1415.2	0.14182322	0.12322446	
1415.4	0.14160283	0.1231582	
1415.6	0.14130057	0.12309197	
1415.8	0.14138976	0.12302577	
1416	0.14123937	0.12295962	
1416.2	0.14106731	0.12289349	
1416.4	0.14133965	0.12282741	
1416.6	0.14145508	0.12276135	
1416.8	0.14086887	0.12269534	
1417	0.14095276	0.12262936	
1417.2	0.14057888	0.12256341	
1417.4	0.14049839	0.1224975	
1417.6	0.14040836	0.12243163	
1417.8	0.14023715	0.12236579	
1418	0.13981256	0.12229999	
1418.2	0.13964585	0.12223422	
1418.4	0.14013428	0.12216849	
1418.6	0.13980427	0.12210279	
1418.8	0.13982233	0.12203713	
1419	0.13979531	0.1219715	
1419.2	0.13982007	0.12190591	
1419.4	0.1395521	0.12184035	
1419.6	0.13962018	0.12177483	
1419.8	0.13959057	0.12170935	
1420	0.13949676	0.1216439	
1420.2	0.13957406	0.12157848	
1420.4	0.13970195	0.1215131	
1420.6	0.13952419	0.12144775	
1420.8	0.13943727	0.12138245	
1421	0.13950868	0.12131717	
1421.2	0.13928038	0.12125193	
1421.4	0.13944441	0.12118673	
1421.6	0.13943615	0.12112156	
1421.8	0.1394645	0.12105642	
1422	0.13890854	0.12099132	
1422.2	0.13960929	0.12092626	
1422.4	0.13953463	0.12086123	
1422.6	0.13953057	0.12079624	
1422.8	0.13963602	0.12073128	
1423	0.13994373	0.12066635	
1423.2	0.14026603	0.12060146	
1423.4	0.14027914	0.12053661	
1423.6	0.14005289	0.12047179	
1423.8	0.13995396	0.120407	
1424	0.1397356	0.12034225	
1424.2	0.13964252	0.12027754	
1424.4	0.13960055	0.12021286	
1424.6	0.13919342	0.12014821	
1424.8	0.13917088	0.1200836	
1425	0.13906021	0.12001902	
1425.2	0.13901254	0.11995448	
1425.4	0.13906837	0.11988998	
1425.6	0.1389047	0.1198255	
1425.8	0.13845932	0.11976107	
1426	0.13835818	0.11969666	
1426.2	0.13860432	0.1196323	
1426.4	0.13838962	0.11956796	
1426.6	0.13850065	0.11950366	
1426.8	0.13835498	0.1194394	
1427	0.13867901	0.11937517	
1427.2	0.13885916	0.11931098	
1427.4	0.1387132	0.11924681	
1427.6	0.13861737	0.11918269	
1427.8	0.1387628	0.1191186	
1428	0.13861324	0.11905454	
1428.2	0.1386478	0.11899052	
1428.4	0.13845705	0.11892653	
1428.6	0.13846086	0.11886257	
1428.8	0.13870141	0.11879865	
1429	0.13877884	0.11873477	
1429.2	0.138884	0.11867092	
1429.4	0.13914407	0.1186071	
1429.6	0.13885245	0.11854332	
1429.8	0.13910409	0.11847957	
1430	0.13906482	0.11841586	
1430.2	0.13872573	0.11835218	
1430.4	0.13834792	0.11828853	
1430.6	0.13797171	0.11822492	
1430.8	0.13789969	0.11816135	
1431	0.13788423	0.1180978	
1431.2	0.13790958	0.1180343	
1431.4	0.13753244	0.11797082	
1431.6	0.13726153	0.11790738	
1431.8	0.13679003	0.11784398	
1432	0.13685687	0.1177806	
1432.2	0.13676718	0.11771727	
1432.4	0.1367009	0.11765396	
1432.6	0.13705081	0.11759069	
1432.8	0.13706819	0.11752746	
1433	0.13711499	0.11746426	
1433.2	0.13709533	0.11740109	
1433.4	0.13741664	0.11733796	
1433.6	0.13719431	0.11727486	
1433.8	0.13733834	0.11721179	
1434	0.13696908	0.11714876	
1434.2	0.13730301	0.11708576	
1434.4	0.13722735	0.1170228	
1434.6	0.13724346	0.11695987	
1434.8	0.13726466	0.11689697	
1435	0.13699757	0.11683411	
1435.2	0.13710156	0.11677128	
1435.4	0.13663397	0.11670848	
1435.6	0.136647	0.11664572	
1435.8	0.13677021	0.116583	
1436	0.13691271	0.1165203	
1436.2	0.13697131	0.11645764	
1436.4	0.13713131	0.11639502	
1436.6	0.13705485	0.11633242	
1436.8	0.13673284	0.11626986	
1437	0.13672678	0.11620734	
1437.2	0.13688903	0.11614485	
1437.4	0.13709248	0.11608239	
1437.6	0.13703535	0.11601996	
1437.8	0.13712416	0.11595757	
1438	0.13724133	0.11589522	
1438.2	0.13733662	0.11583289	
1438.4	0.13691417	0.1157706	
1438.6	0.13650721	0.11570835	
1438.8	0.13616675	0.11564612	
1439	0.13569671	0.11558393	
1439.2	0.13534232	0.11552178	
1439.4	0.13473241	0.11545965	
1439.6	0.13437368	0.11539756	
1439.8	0.13396313	0.11533551	
