Conc1	5E-08	
Start1	1020	
Stop1	1439.8	
Kobs	0.00268952251398478	
Error Kobs	2.74739490525457E-05	
Koff	0	
Error Koff	0	
Time1	Data1	Fit1	
1020	0.00292429	0	
1020.2	0.00456823	0.00474382	
1020.4	0.00619923	0.00941583	
1020.6	0.008155	0.01401713	
1020.8	0.0105745	0.01854879	
1021	0.01359371	0.02301185	
1021.2	0.01664374	0.02740737	
1021.4	0.02001441	0.03173635	
1021.6	0.02333671	0.03599981	
1021.8	0.02697971	0.04019874	
1022	0.03115969	0.04433411	
1022.2	0.0352179	0.04840689	
1022.4	0.03911113	0.05241803	
1022.6	0.04349283	0.05636846	
1022.8	0.04795864	0.06025909	
1023	0.05232491	0.06409083	
1023.2	0.05697138	0.06786458	
1023.4	0.06190991	0.07158121	
1023.6	0.06682244	0.07524159	
1023.8	0.07124667	0.07884656	
1024	0.07607806	0.08239696	
1024.2	0.08072298	0.08589363	
1024.4	0.08466344	0.08933738	
1024.6	0.08942814	0.092729	
1024.8	0.09416571	0.09606928	
1025	0.09864455	0.09935901	
1025.2	0.10275962	0.10259894	
1025.4	0.1071886	0.10578984	
1025.6	0.11141283	0.10893244	
1025.8	0.11617141	0.11202747	
1026	0.12126015	0.11507565	
1026.2	0.12591918	0.1180777	
1026.4	0.13048958	0.12103431	
1026.6	0.13567578	0.12394617	
1026.8	0.14053464	0.12681396	
1027	0.14495915	0.12963834	
1027.2	0.14956166	0.13241997	
1027.4	0.15408676	0.1351595	
1027.6	0.15837057	0.13785756	
1027.8	0.16227338	0.14051479	
1028	0.16617259	0.1431318	
1028.2	0.17026008	0.14570919	
1028.4	0.17389999	0.14824758	
1028.6	0.17795871	0.15074754	
1028.8	0.18136415	0.15320967	
1029	0.18451226	0.15563452	
1029.2	0.18802042	0.15802268	
1029.4	0.19113029	0.16037469	
1029.6	0.19416039	0.1626911	
1029.8	0.197082	0.16497245	
1030	0.20004754	0.16721927	
1030.2	0.20278157	0.16943208	
1030.4	0.20534113	0.1716114	
1030.6	0.2080142	0.17375773	
1030.8	0.20984041	0.17587158	
1031	0.2114595	0.17795343	
1031.2	0.21358487	0.18000377	
1031.4	0.21545986	0.18202308	
1031.6	0.21721731	0.18401182	
1031.8	0.21897584	0.18597046	
1032	0.22088138	0.18789946	
1032.2	0.22310582	0.18979926	
1032.4	0.22509019	0.1916703	
1032.6	0.22667211	0.19351303	
1032.8	0.22844902	0.19532786	
1033	0.22989389	0.19711523	
1033.2	0.23147399	0.19887554	
1033.4	0.23285591	0.2006092	
1033.6	0.23442656	0.20231663	
1033.8	0.23550926	0.20399821	
1034	0.23689582	0.20565435	
1034.2	0.23806889	0.20728541	
1034.4	0.23874931	0.20889179	
1034.6	0.23954192	0.21047385	
1034.8	0.24002147	0.21203197	
1035	0.24078885	0.2135665	
1035.2	0.24150617	0.21507781	
1035.4	0.24237228	0.21656624	
1035.6	0.24350839	0.21803214	
1035.8	0.2444113	0.21947586	
1036	0.24523847	0.22089772	
1036.2	0.24572825	0.22229806	
1036.4	0.24632061	0.22367721	
1036.6	0.24677579	0.22503548	
1036.8	0.24751818	0.2263732	
1037	0.24787956	0.22769067	
1037.2	0.24849054	0.22898819	
1037.4	0.24920336	0.23026608	
1037.6	0.24956821	0.23152462	
1037.8	0.24975764	0.23276412	
1038	0.25038639	0.23398485	
1038.2	0.25093686	0.23518711	
1038.4	0.25122619	0.23637117	
1038.6	0.2517265	0.23753731	
1038.8	0.25211954	0.2386858	
1039	0.25247118	0.23981691	
1039.2	0.25295182	0.24093089	
1039.4	0.25357112	0.24202801	
1039.6	0.25419151	0.24310853	
1039.8	0.25472844	0.2441727	
1040	0.25503312	0.24522075	
1040.2	0.25524071	0.24625294	
1040.4	0.25558553	0.24726951	
1040.6	0.25580644	0.2482707	
1040.8	0.25567557	0.24925673	
1041	0.25590022	0.25022783	
1041.2	0.25634599	0.25118424	
1041.4	0.25672467	0.25212617	
1041.6	0.25687254	0.25305384	
1041.8	0.25740317	0.25396748	
1042	0.25783745	0.25486728	
1042.2	0.25819367	0.25575347	
1042.4	0.25849996	0.25662624	
1042.6	0.25904821	0.2574858	
1042.8	0.2596367	0.25833235	
1043	0.26002007	0.25916609	
1043.2	0.26071397	0.25998721	
1043.4	0.26133637	0.2607959	
1043.6	0.26230753	0.26159235	
1043.8	0.26233766	0.26237674	
1044	0.26231569	0.26314927	
1044.2	0.26265598	0.2639101	
1044.4	0.26269848	0.26465941	
1044.6	0.26260585	0.26539738	
1044.8	0.26282571	0.26612418	
1045	0.26355095	0.26683999	
1045.2	0.26392647	0.26754495	
1045.4	0.2640219	0.26823925	
1045.6	0.2641831	0.26892304	
1045.8	0.26397477	0.26959648	
1046	0.26433044	0.27025973	
1046.2	0.26445541	0.27091293	
1046.4	0.26492496	0.27155625	
1046.6	0.26529113	0.27218984	
1046.8	0.26583367	0.27281383	
1047	0.2663198	0.27342838	
1047.2	0.26668014	0.27403362	
1047.4	0.26709845	0.27462971	
1047.6	0.26742316	0.27521677	
1047.8	0.26743771	0.27579495	
1048	0.26812395	0.27636438	
1048.2	0.26885613	0.27692519	
1048.4	0.26889098	0.27747751	
1048.6	0.26905176	0.27802147	
1048.8	0.26911253	0.27855719	
1049	0.26934007	0.27908481	
1049.2	0.26946142	0.27960444	
1049.4	0.26954569	0.28011621	
1049.6	0.26970572	0.28062023	
1049.8	0.26925574	0.28111662	
1050	0.26965771	0.2816055	
1050.2	0.26945928	0.28208698	
1050.4	0.26986009	0.28256117	
1050.6	0.27034268	0.28302819	
1050.8	0.27081238	0.28348813	
1051	0.27133363	0.28394112	
1051.2	0.27131676	0.28438724	
1051.4	0.27155086	0.28482662	
1051.6	0.27212413	0.28525934	
1051.8	0.27250818	0.28568552	
1052	0.27281724	0.28610524	
1052.2	0.27312687	0.28651862	
1052.4	0.27309511	0.28692573	
1052.6	0.27315513	0.28732668	
1052.8	0.27290921	0.28772157	
1053	0.27310539	0.28811048	
1053.2	0.27352698	0.2884935	
1053.4	0.27353612	0.28887072	
1053.6	0.27355034	0.28924223	
1053.8	0.27374152	0.28960812	
1054	0.27403183	0.28996848	
1054.2	0.27412422	0.29032338	
1054.4	0.27432439	0.2906729	
1054.6	0.27462851	0.29101714	
1054.8	0.2746385	0.29135617	
1055	0.27493913	0.29169006	
1055.2	0.27523092	0.2920189	
1055.4	0.27539767	0.29234276	
1055.6	0.27589523	0.29266173	
1055.8	0.27602894	0.29297586	
1056	0.2761878	0.29328524	
1056.2	0.27674408	0.29358994	
1056.4	0.27675521	0.29389002	
1056.6	0.27695713	0.29418556	
1056.8	0.27699534	0.29447663	
1057	0.2771406	0.2947633	
1057.2	0.27779806	0.29504562	
1057.4	0.27799526	0.29532367	
1057.6	0.27844283	0.29559752	
1057.8	0.2789804	0.29586721	
1058	0.27896326	0.29613283	
1058.2	0.27931351	0.29639443	
1058.4	0.27978673	0.29665206	
1058.6	0.28015179	0.2969058	
1058.8	0.28009002	0.29715569	
1059	0.28028629	0.29740181	
1059.2	0.2808497	0.2976442	
1059.4	0.2808277	0.29788292	
1059.6	0.28098869	0.29811802	
1059.8	0.28118102	0.29834957	
1060	0.28151179	0.29857762	
1060.2	0.28207944	0.29880221	
1060.4	0.28215273	0.2990234	
1060.6	0.28222503	0.29924124	
1060.8	0.28242577	0.29945579	
1061	0.28257314	0.29966709	
1061.2	0.28292285	0.29987519	
1061.4	0.28321925	0.30008015	
1061.6	0.28321352	0.300282	
1061.8	0.2832525	0.30048079	
1062	0.28346085	0.30067658	
1062.2	0.2842138	0.3008694	
1062.4	0.28430694	0.3010593	
1062.6	0.28409213	0.30124633	
1062.8	0.28400572	0.30143053	
1063	0.28438345	0.30161194	
1063.2	0.28466359	0.30179061	
1063.4	0.28463918	0.30196657	
1063.6	0.28480343	0.30213986	
1063.8	0.28496082	0.30231054	
1064	0.28541372	0.30247863	
1064.2	0.28563449	0.30264418	
1064.4	0.28562227	0.30280722	
1064.6	0.28564946	0.30296779	
1064.8	0.28616256	0.30312593	
1065	0.28591879	0.30328168	
1065.2	0.28606217	0.30343507	
1065.4	0.28626444	0.30358614	
1065.6	0.28607902	0.30373493	
1065.8	0.2860216	0.30388146	
1066	0.28639886	0.30402577	
1066.2	0.28694441	0.3041679	
1066.4	0.28678528	0.30430788	
1066.6	0.28688439	0.30444574	
1066.8	0.28711096	0.30458151	
1067	0.28744177	0.30471523	
1067.2	0.2876323	0.30484692	
1067.4	0.28778563	0.30497662	
1067.6	0.28854486	0.30510436	
1067.8	0.28859244	0.30523017	
1068	0.28891757	0.30535407	
1068.2	0.28932272	0.30547609	
1068.4	0.28932466	0.30559627	
1068.6	0.28950242	0.30571463	
1068.8	0.28989924	0.30583119	
1069	0.28993109	0.305946	
1069.2	0.29027239	0.30605906	
1069.4	0.29044277	0.30617042	
1069.6	0.29076388	0.30628008	
1069.8	0.29088183	0.30638809	
1070	0.29137589	0.30649447	
1070.2	0.29184489	0.30659923	
1070.4	0.29204406	0.30670241	
1070.6	0.29210291	0.30680402	
1070.8	0.29242353	0.3069041	
1071	0.29257875	0.30700267	
1071.2	0.29288322	0.30709974	
1071.4	0.2929285	0.30719534	
1071.6	0.29386326	0.3072895	
1071.8	0.29339562	0.30738223	
1072	0.29324591	0.30747355	
1072.2	0.29333856	0.3075635	
1072.4	0.29318941	0.30765208	
1072.6	0.29339813	0.30773932	
1072.8	0.29358327	0.30782524	
1073	0.29372031	0.30790986	
1073.2	0.29382582	0.30799321	
1073.4	0.2942037	0.30807528	
1073.6	0.29459327	0.30815612	
1073.8	0.29520207	0.30823573	
1074	0.29521695	0.30831414	
1074.2	0.29546895	0.30839136	
1074.4	0.29570619	0.30846742	
1074.6	0.29560154	0.30854232	
1074.8	0.29580537	0.30861608	
1075	0.29591497	0.30868874	
1075.2	0.29651714	0.30876029	
1075.4	0.29674351	0.30883076	
1075.6	0.29731471	0.30890016	
1075.8	0.29706392	0.30896851	
1076	0.29717478	0.30903583	
1076.2	0.29767827	0.30910212	
1076.4	0.29793084	0.30916742	
1076.6	0.29807035	0.30923173	
1076.8	0.29830092	0.30929506	
1077	0.29857806	0.30935743	
1077.2	0.29861203	0.30941886	
1077.4	0.29885823	0.30947936	
1077.6	0.2988605	0.30953895	
1077.8	0.29873517	0.30959763	
1078	0.29825128	0.30965543	
1078.2	0.29852551	0.30971235	
1078.4	0.29852172	0.3097684	
1078.6	0.29797263	0.30982361	
1078.8	0.29773518	0.30987799	
1079	0.29784158	0.30993154	
1079.2	0.29817139	0.30998428	
1079.4	0.29794479	0.31003622	
1079.6	0.29810743	0.31008738	
1079.8	0.29829431	0.31013776	
1080	0.29833598	0.31018738	
1080.2	0.2987087	0.31023625	
1080.4	0.29875714	0.31028438	
1080.6	0.29915158	0.31033178	
1080.8	0.29964263	0.31037846	
1081	0.30015926	0.31042444	
1081.2	0.30074966	0.31046972	
1081.4	0.30101953	0.31051431	
1081.6	0.30121878	0.31055823	
1081.8	0.30121598	0.31060149	
1082	0.30172555	0.31064409	
1082.2	0.30200202	0.31068604	
1082.4	0.30205844	0.31072736	
1082.6	0.30206628	0.31076806	
1082.8	0.30192514	0.31080814	
1083	0.3024996	0.31084761	
1083.2	0.30279396	0.31088648	
1083.4	0.30274467	0.31092477	
1083.6	0.30316726	0.31096248	
1083.8	0.30395337	0.31099961	
1084	0.30403786	0.31103619	
1084.2	0.30437196	0.31107221	
1084.4	0.30461349	0.31110769	
1084.6	0.30518973	0.31114262	
1084.8	0.3054857	0.31117703	
1085	0.30576237	0.31121092	
1085.2	0.30606453	0.3112443	
1085.4	0.30573139	0.31127717	
1085.6	0.30580772	0.31130954	
1085.8	0.30569209	0.31134143	
1086	0.3059822	0.31137283	
1086.2	0.30592184	0.31140375	
1086.4	0.30608576	0.31143421	
1086.6	0.30604007	0.31146421	
1086.8	0.30576716	0.31149375	
1087	0.30634792	0.31152284	
1087.2	0.30620425	0.3115515	
1087.4	0.30662875	0.31157972	
1087.6	0.30699493	0.31160751	
1087.8	0.30742253	0.31163489	
1088	0.30716368	0.31166185	
1088.2	0.30752878	0.3116884	
1088.4	0.30759063	0.31171455	
1088.6	0.30761202	0.3117403	
1088.8	0.30733086	0.31176566	
1089	0.307254	0.31179064	
1089.2	0.30748535	0.31181525	
1089.4	0.30699524	0.31183947	
1089.6	0.3069292	0.31186334	
1089.8	0.30691323	0.31188684	
1090	0.30692437	0.31190998	
1090.2	0.30698929	0.31193278	
1090.4	0.30740037	0.31195523	
1090.6	0.30746163	0.31197734	
1090.8	0.30760755	0.31199912	
1091	0.30813073	0.31202056	
1091.2	0.30809836	0.31204168	
1091.4	0.30851786	0.31206248	
1091.6	0.30873567	0.31208297	
1091.8	0.30913138	0.31210315	
1092	0.30968112	0.31212302	
1092.2	0.30988727	0.31214259	
1092.4	0.30985444	0.31216187	
1092.6	0.31012207	0.31218085	
1092.8	0.31065769	0.31219954	
1093	0.3110742	0.31221796	
1093.2	0.31087967	0.31223609	
1093.4	0.31071798	0.31225395	
1093.6	0.31075864	0.31227154	
1093.8	0.3111221	0.31228886	
1094	0.31154589	0.31230592	
1094.2	0.31180613	0.31232272	
1094.4	0.31214828	0.31233927	
1094.6	0.31233662	0.31235557	
1094.8	0.31297509	0.31237162	
1095	0.31310574	0.31238743	
1095.2	0.31301263	0.312403	
1095.4	0.31319149	0.31241833	
1095.6	0.31338842	0.31243343	
1095.8	0.31392519	0.3124483	
1096	0.31432219	0.31246295	
1096.2	0.31456134	0.31247738	
1096.4	0.31496035	0.31249158	
1096.6	0.31511556	0.31250558	
1096.8	0.31545888	0.31251936	
1097	0.315526	0.31253293	
1097.2	0.31524612	0.31254629	
1097.4	0.31542817	0.31255946	
1097.6	0.31509375	0.31257242	
1097.8	0.31547868	0.31258519	
1098	0.31541485	0.31259777	
1098.2	0.315525	0.31261015	
1098.4	0.31535475	0.31262235	
1098.6	0.31540936	0.31263436	
1098.8	0.31563547	0.31264619	
1099	0.31536895	0.31265785	
1099.2	0.31560839	0.31266932	
1099.4	0.31561064	0.31268062	
1099.6	0.31581856	0.31269175	
1099.8	0.31630917	0.31270272	
1100	0.31649925	0.31271351	
1100.2	0.31666899	0.31272415	
1100.4	0.31674743	0.31273462	
1100.6	0.31681327	0.31274493	
1100.8	0.31716831	0.31275509	
1101	0.31736955	0.31276509	
1101.2	0.317367	0.31277495	
1101.4	0.31767386	0.31278465	
1101.6	0.31799538	0.31279421	
1101.8	0.31846347	0.31280362	
1102	0.31855694	0.31281289	
1102.2	0.31875605	0.31282202	
1102.4	0.31871837	0.31283101	
1102.6	0.31915218	0.31283986	
1102.8	0.31895497	0.31284858	
1103	0.31910901	0.31285717	
1103.2	0.31916697	0.31286563	
1103.4	0.31908	0.31287396	
1103.6	0.31918873	0.31288216	
1103.8	0.31937401	0.31289025	
1104	0.31935433	0.3128982	
1104.2	0.31948194	0.31290604	
1104.4	0.31962474	0.31291376	
1104.6	0.31976702	0.31292136	
1104.8	0.31994186	0.31292885	
1105	0.32022405	0.31293622	
1105.2	0.32045359	0.31294349	
1105.4	0.3207649	0.31295064	
1105.6	0.32066047	0.31295768	
1105.8	0.32065325	0.31296462	
1106	0.32060108	0.31297145	
1106.2	0.32049069	0.31297818	
1106.4	0.32061794	0.31298481	
1106.6	0.32055559	0.31299133	
1106.8	0.32016675	0.31299776	
1107	0.32068962	0.31300409	
1107.2	0.32097761	0.31301033	
1107.4	0.32135335	0.31301647	
1107.6	0.3217207	0.31302252	
1107.8	0.32221952	0.31302847	
1108	0.32243983	0.31303434	
1108.2	0.32257764	0.31304012	
1108.4	0.32263838	0.31304581	
1108.6	0.32272105	0.31305141	
1108.8	0.32315015	0.31305693	
1109	0.32359334	0.31306236	
1109.2	0.32377193	0.31306772	
1109.4	0.3236863	0.31307299	
1109.6	0.32389787	0.31307818	
1109.8	0.3239287	0.31308329	
1110	0.32361236	0.31308833	
1110.2	0.32368646	0.31309329	
1110.4	0.32388816	0.31309817	
1110.6	0.32385126	0.31310299	
1110.8	0.32426618	0.31310772	
1111	0.3247132	0.31311239	
1111.2	0.32512856	0.31311699	
1111.4	0.32535245	0.31312151	
1111.6	0.32545268	0.31312597	
1111.8	0.32551978	0.31313036	
1112	0.32520649	0.31313468	
1112.2	0.3251013	0.31313894	
1112.4	0.32497088	0.31314314	
1112.6	0.32508501	0.31314727	
1112.8	0.32563319	0.31315133	
1113	0.3256444	0.31315534	
1113.2	0.32568646	0.31315929	
1113.4	0.3258867	0.31316317	
1113.6	0.32595246	0.313167	
1113.8	0.32588921	0.31317077	
1114	0.32643889	0.31317448	
1114.2	0.32680178	0.31317814	
1114.4	0.32695131	0.31318174	
1114.6	0.32712214	0.31318528	
1114.8	0.32765005	0.31318878	
1115	0.32781721	0.31319222	
1115.2	0.32791874	0.3131956	
1115.4	0.3276351	0.31319894	
1115.6	0.32722729	0.31320223	
1115.8	0.32734482	0.31320546	
1116	0.32734131	0.31320865	
1116.2	0.32744137	0.31321179	
1116.4	0.32731306	0.31321488	
1116.6	0.3279487	0.31321792	
1116.8	0.32796611	0.31322092	
1117	0.32792397	0.31322387	
1117.2	0.32842243	0.31322678	
1117.4	0.3285992	0.31322965	
1117.6	0.32890802	0.31323247	
1117.8	0.32966783	0.31323525	
1118	0.33050518	0.31323798	
1118.2	0.33028101	0.31324068	
1118.4	0.33057662	0.31324333	
1118.6	0.33074498	0.31324595	
1118.8	0.33104176	0.31324852	
1119	0.33123269	0.31325106	
1119.2	0.33089037	0.31325355	
1119.4	0.33074768	0.31325601	
1119.6	0.33094764	0.31325843	
1119.8	0.33103947	0.31326082	
1120	0.33139238	0.31326317	
1120.2	0.33145801	0.31326548	
1120.4	0.33198186	0.31326776	
1120.6	0.33221446	0.31327	
1120.8	0.331874	0.31327221	
1121	0.33210434	0.31327439	
1121.2	0.33233433	0.31327653	
1121.4	0.33280234	0.31327865	
1121.6	0.33306745	0.31328073	
1121.8	0.33280586	0.31328277	
1122	0.33270725	0.31328479	
1122.2	0.33243926	0.31328678	
1122.4	0.33259508	0.31328873	
1122.6	0.3325109	0.31329066	
1122.8	0.33284574	0.31329256	
1123	0.33309266	0.31329443	
1123.2	0.33271541	0.31329627	
1123.4	0.33294724	0.31329808	
1123.6	0.33304528	0.31329986	
1123.8	0.33323412	0.31330162	
1124	0.33353007	0.31330335	
1124.2	0.33349878	0.31330506	
1124.4	0.3337388	0.31330674	
1124.6	0.3337812	0.31330839	
1124.8	0.33426225	0.31331002	
1125	0.33487129	0.31331163	
1125.2	0.33518685	0.31331321	
1125.4	0.33538684	0.31331476	
1125.6	0.33501647	0.3133163	
1125.8	0.33452133	0.31331781	
1126	0.33451144	0.31331929	
1126.2	0.33490227	0.31332076	
1126.4	0.33518383	0.3133222	
1126.6	0.33538293	0.31332362	
1126.8	0.33566863	0.31332502	
1127	0.33635905	0.31332639	
1127.2	0.33606594	0.31332775	
1127.4	0.33623675	0.31332909	
1127.6	0.33636582	0.3133304	
1127.8	0.33674041	0.3133317	
1128	0.33638736	0.31333298	
1128.2	0.33641555	0.31333423	
1128.4	0.33646637	0.31333547	
1128.6	0.33672888	0.31333669	
1128.8	0.33691047	0.31333789	
1129	0.33714966	0.31333907	
1129.2	0.33687692	0.31334024	
1129.4	0.33665666	0.31334138	
1129.6	0.33656632	0.31334251	
1129.8	0.33671898	0.31334363	
1130	0.33695194	0.31334472	
1130.2	0.33756171	0.3133458	
1130.4	0.33823899	0.31334686	
1130.6	0.33821499	0.31334791	
1130.8	0.33846015	0.31334894	
1131	0.33919839	0.31334996	
1131.2	0.33876279	0.31335096	
1131.4	0.33898285	0.31335194	
1131.6	0.33918455	0.31335291	
1131.8	0.33906767	0.31335387	
1132	0.33879876	0.31335481	
1132.2	0.33913696	0.31335574	
1132.4	0.33919998	0.31335665	
1132.6	0.33933674	0.31335755	
1132.8	0.33932162	0.31335843	
1133	0.33968728	0.3133593	
1133.2	0.3396705	0.31336016	
1133.4	0.34011802	0.31336101	
1133.6	0.34026986	0.31336184	
1133.8	0.34017065	0.31336266	
1134	0.33970083	0.31336347	
1134.2	0.34013024	0.31336426	
1134.4	0.34012471	0.31336505	
1134.6	0.33985205	0.31336582	
1134.8	0.33998128	0.31336658	
1135	0.33995347	0.31336733	
1135.2	0.33998989	0.31336806	
1135.4	0.34029793	0.31336879	
1135.6	0.34011739	0.31336951	
1135.8	0.3402206	0.31337021	
1136	0.34075605	0.3133709	
1136.2	0.34109218	0.31337159	
1136.4	0.34093205	0.31337226	
1136.6	0.34124655	0.31337292	
1136.8	0.34093045	0.31337357	
1137	0.34125673	0.31337422	
1137.2	0.34129308	0.31337485	
1137.4	0.34160778	0.31337547	
1137.6	0.34127769	0.31337609	
1137.8	0.34131227	0.31337669	
1138	0.34171231	0.31337729	
1138.2	0.34246308	0.31337787	
1138.4	0.34279905	0.31337845	
1138.6	0.34340754	0.31337902	
1138.8	0.34382887	0.31337958	
1139	0.34432989	0.31338013	
1139.2	0.34507802	0.31338067	
1139.4	0.3454546	0.31338121	
1139.6	0.34568657	0.31338174	
1139.8	0.34610828	0.31338225	
1140	0.36350598	0.31338277	
1140.2	0.36103904	0.31321424	
1140.4	0.3584072	0.31304581	
1140.6	0.35516297	0.31287747	
1140.8	0.35174176	0.31270921	
1141	0.34813326	0.31254105	
1141.2	0.34454343	0.31237298	
1141.4	0.34103574	0.312205	
1141.6	0.33743971	0.31203711	
1141.8	0.33416971	0.3118693	
1142	0.33140153	0.31170159	
1142.2	0.32913345	0.31153397	
1142.4	0.32773211	0.31136644	
1142.6	0.3264276	0.311199	
1142.8	0.32502354	0.31103165	
1143	0.32336334	0.31086439	
1143.2	0.32249537	0.31069722	
1143.4	0.32111737	0.31053014	
1143.6	0.31969863	0.31036315	
1143.8	0.31846219	0.31019625	
1144	0.31761117	0.31002944	
1144.2	0.31676757	0.30986272	
1144.4	0.31629541	0.30969608	
1144.6	0.3151653	0.30952954	
1144.8	0.31455425	0.30936309	
1145	0.31392046	0.30919673	
1145.2	0.31284384	0.30903045	
1145.4	0.31203434	0.30886427	
1145.6	0.3113115	0.30869817	
1145.8	0.31059166	0.30853217	
1146	0.3101807	0.30836625	
1146.2	0.30943854	0.30820043	
1146.4	0.30868626	0.30803469	
1146.6	0.30827973	0.30786904	
1146.8	0.3077254	0.30770348	
1147	0.30670886	0.30753801	
1147.2	0.30599723	0.30737263	
1147.4	0.30495849	0.30720733	
1147.6	0.30419837	0.30704213	
1147.8	0.3036783	0.30687702	
1148	0.30331761	0.30671199	
1148.2	0.30296121	0.30654705	
1148.4	0.30280367	0.3063822	
1148.6	0.30177986	0.30621744	
1148.8	0.30143961	0.30605277	
1149	0.30077796	0.30588819	
1149.2	0.30006098	0.30572369	
1149.4	0.29985984	0.30555929	
1149.6	0.29932335	0.30539497	
1149.8	0.29862949	0.30523074	
1150	0.29836383	0.3050666	
1150.2	0.29812614	0.30490255	
1150.4	0.29787824	0.30473858	
1150.6	0.29749869	0.30457471	
1150.8	0.29682959	0.30441092	
1151	0.29619615	0.30424722	
1151.2	0.29614853	0.30408361	
1151.4	0.29548065	0.30392008	
1151.6	0.29550427	0.30375665	
1151.8	0.29508666	0.3035933	
1152	0.2947595	0.30343004	
1152.2	0.29478457	0.30326687	
1152.4	0.29480114	0.30310378	
1152.6	0.2944884	0.30294079	
1152.8	0.29423922	0.30277788	
1153	0.2938682	0.30261505	
1153.2	0.29369717	0.30245232	
1153.4	0.29338043	0.30228967	
1153.6	0.29305209	0.30212711	
1153.8	0.29300739	0.30196464	
1154	0.29324844	0.30180226	
1154.2	0.29311422	0.30163996	
1154.4	0.29259695	0.30147775	
1154.6	0.2921053	0.30131563	
1154.8	0.2921709	0.30115359	
1155	0.29245021	0.30099164	
1155.2	0.29243116	0.30082978	
1155.4	0.29201716	0.30066801	
1155.6	0.29158205	0.30050632	
1155.8	0.29140663	0.30034472	
1156	0.29124885	0.30018321	
1156.2	0.29119756	0.30002178	
1156.4	0.29131647	0.29986044	
1156.6	0.29104746	0.29969919	
1156.8	0.29058265	0.29953802	
1157	0.29001192	0.29937694	
1157.2	0.28981704	0.29921595	
1157.4	0.28945421	0.29905504	
1157.6	0.28916372	0.29889422	
1157.8	0.28875492	0.29873349	
1158	0.28842398	0.29857284	
1158.2	0.28793369	0.29841228	
1158.4	0.287646	0.29825181	
1158.6	0.28745243	0.29809142	
1158.8	0.28721357	0.29793112	
1159	0.28677211	0.2977709	
1159.2	0.28612047	0.29761078	
1159.4	0.2858528	0.29745073	
1159.6	0.28524227	0.29729078	
1159.8	0.28550141	0.2971309	
1160	0.28550318	0.29697112	
1160.2	0.28546169	0.29681142	
1160.4	0.28565812	0.29665181	
1160.6	0.28583389	0.29649228	
1160.8	0.28574474	0.29633284	
1161	0.28551488	0.29617348	
1161.2	0.28577317	0.29601421	
1161.4	0.28544522	0.29585503	
1161.6	0.28532675	0.29569593	
1161.8	0.28550596	0.29553691	
1162	0.28530912	0.29537799	
1162.2	0.28552121	0.29521914	
1162.4	0.28534459	0.29506039	
1162.6	0.28481414	0.29490172	
1162.8	0.28473859	0.29474313	
1163	0.28450613	0.29458463	
1163.2	0.283979	0.29442621	
1163.4	0.28422478	0.29426788	
1163.6	0.28394284	0.29410964	
1163.8	0.28395408	0.29395148	
1164	0.28370007	0.2937934	
1164.2	0.2832162	0.29363541	
1164.4	0.28345077	0.29347751	
1164.6	0.28319507	0.29331968	
1164.8	0.28294655	0.29316195	
1165	0.28268691	0.2930043	
1165.2	0.28254745	0.29284673	
1165.4	0.28183807	0.29268925	
1165.6	0.28149037	0.29253186	
1165.8	0.28133512	0.29237454	
1166	0.28066428	0.29221732	
1166.2	0.28100698	0.29206017	
1166.4	0.28047366	0.29190311	
1166.6	0.28028259	0.29174614	
1166.8	0.28035963	0.29158925	
1167	0.28001704	0.29143245	
1167.2	0.28007444	0.29127573	
1167.4	0.28028393	0.29111909	
1167.6	0.28012269	0.29096254	
1167.8	0.27982282	0.29080607	
1168	0.27960265	0.29064969	
1168.2	0.27934512	0.29049339	
1168.4	0.27934767	0.29033717	
1168.6	0.27865887	0.29018104	
1168.8	0.2788874	0.29002499	
1169	0.27895049	0.28986903	
1169.2	0.27888152	0.28971315	
1169.4	0.27818643	0.28955735	
1169.6	0.27785544	0.28940164	
1169.8	0.27785041	0.28924601	
1170	0.27791253	0.28909047	
1170.2	0.27794028	0.288935	
1170.4	0.27746486	0.28877963	
1170.6	0.27758777	0.28862433	
1170.8	0.27750813	0.28846912	
1171	0.27754441	0.28831399	
1171.2	0.27741128	0.28815895	
1171.4	0.27720971	0.28800399	
1171.6	0.27721409	0.28784911	
1171.8	0.27697261	0.28769432	
1172	0.27699133	0.28753961	
1172.2	0.27676579	0.28738498	
1172.4	0.27645745	0.28723044	
1172.6	0.27612077	0.28707598	
1172.8	0.27627434	0.2869216	
1173	0.27658364	0.2867673	
1173.2	0.2759594	0.28661309	
1173.4	0.27565904	0.28645896	
1173.6	0.27502845	0.28630492	
1173.8	0.27454105	0.28615095	
1174	0.27438551	0.28599707	
1174.2	0.27445942	0.28584328	
1174.4	0.2745742	0.28568956	
1174.6	0.27447495	0.28553593	
1174.8	0.27432172	0.28538238	
1175	0.27428681	0.28522891	
1175.2	0.27402866	0.28507553	
1175.4	0.27384026	0.28492222	
1175.6	0.27374578	0.284769	
1175.8	0.27363187	0.28461587	
1176	0.27358726	0.28446281	
1176.2	0.2727797	0.28430984	
1176.4	0.27260181	0.28415695	
1176.6	0.27199152	0.28400414	
1176.8	0.27195077	0.28385141	
1177	0.27206302	0.28369877	
1177.2	0.27100689	0.28354621	
1177.4	0.27044214	0.28339373	
1177.6	0.26975428	0.28324133	
1177.8	0.26963661	0.28308902	
1178	0.26979864	0.28293678	
1178.2	0.26993673	0.28278463	
1178.4	0.26970572	0.28263256	
1178.6	0.26928796	0.28248057	
1178.8	0.26927538	0.28232866	
1179	0.26955027	0.28217684	
1179.2	0.26941729	0.2820251	
1179.4	0.26928975	0.28187343	
1179.6	0.26948902	0.28172185	
1179.8	0.26965445	0.28157036	
1180	0.26976174	0.28141894	
1180.2	0.26960338	0.2812676	
1180.4	0.26989357	0.28111635	
1180.6	0.26950108	0.28096517	
1180.8	0.26971413	0.28081408	
1181	0.26962789	0.28066307	
1181.2	0.26904024	0.28051214	
1181.4	0.26877565	0.2803613	
1181.6	0.26875504	0.28021053	
1181.8	0.26830534	0.28005984	
1182	0.26789375	0.27990924	
1182.2	0.26759622	0.27975871	
1182.4	0.26705868	0.27960827	
1182.6	0.26670919	0.27945791	
1182.8	0.26636075	0.27930763	
1183	0.26626656	0.27915743	
1183.2	0.2659417	0.27900731	
1183.4	0.26575373	0.27885727	
1183.6	0.26602772	0.27870731	
1183.8	0.26589868	0.27855743	
1184	0.26578378	0.27840763	
1184.2	0.26561516	0.27825792	
1184.4	0.26512804	0.27810828	
1184.6	0.2648093	0.27795873	
1184.8	0.26499666	0.27780925	
1185	0.26499263	0.27765986	
1185.2	0.26462705	0.27751054	
1185.4	0.26468723	0.27736131	
1185.6	0.26466062	0.27721216	
1185.8	0.26431899	0.27706308	
1186	0.26395003	0.27691409	
1186.2	0.26363297	0.27676517	
1186.4	0.26330841	0.27661634	
1186.6	0.26325513	0.27646759	
1186.8	0.26332326	0.27631892	
1187	0.2634129	0.27617032	
1187.2	0.26340792	0.27602181	
1187.4	0.26367474	0.27587338	
1187.6	0.2636461	0.27572502	
1187.8	0.26327036	0.27557675	
1188	0.26341904	0.27542855	
1188.2	0.26341625	0.27528044	
1188.4	0.26308018	0.2751324	
1188.6	0.26342076	0.27498445	
1188.8	0.26340606	0.27483657	
1189	0.26311236	0.27468878	
1189.2	0.26284442	0.27454106	
1189.4	0.26288346	0.27439342	
1189.6	0.26245509	0.27424587	
1189.8	0.26220638	0.27409839	
1190	0.261973	0.27395099	
1190.2	0.26180075	0.27380367	
1190.4	0.26156596	0.27365643	
1190.6	0.26143907	0.27350927	
1190.8	0.26143142	0.27336218	
1191	0.26102119	0.27321518	
1191.2	0.2611388	0.27306826	
1191.4	0.26137049	0.27292141	
1191.6	0.26105256	0.27277465	
1191.8	0.26093805	0.27262796	
1192	0.26086659	0.27248135	
1192.2	0.26074911	0.27233482	
1192.4	0.26083577	0.27218837	
1192.6	0.26101021	0.272042	
1192.8	0.26032649	0.2718957	
1193	0.26022582	0.27174949	
1193.2	0.26047254	0.27160335	
1193.4	0.26049267	0.2714573	
1193.6	0.26022015	0.27131132	
1193.8	0.26021098	0.27116542	
1194	0.25992053	0.2710196	
1194.2	0.25926776	0.27087385	
1194.4	0.25887376	0.27072819	
1194.6	0.25875055	0.2705826	
1194.8	0.2586603	0.27043709	
1195	0.2583429	0.27029166	
1195.2	0.25827911	0.27014631	
1195.4	0.25786453	0.27000104	
1195.6	0.25737095	0.26985584	
1195.8	0.25701625	0.26971072	
1196	0.25654385	0.26956568	
1196.2	0.2565264	0.26942072	
1196.4	0.25684968	0.26927584	
1196.6	0.2564189	0.26913103	
1196.8	0.25617144	0.2689863	
1197	0.25624363	0.26884165	
1197.2	0.25631646	0.26869708	
1197.4	0.25590168	0.26855259	
1197.6	0.25581343	0.26840817	
1197.8	0.25559325	0.26826383	
1198	0.25524141	0.26811957	
1198.2	0.25494709	0.26797539	
1198.4	0.25477722	0.26783128	
1198.6	0.2548977	0.26768725	
1198.8	0.25520559	0.2675433	
1199	0.25509545	0.26739943	
1199.2	0.25524796	0.26725563	
1199.4	0.25525004	0.26711191	
1199.6	0.25522863	0.26696827	
1199.8	0.25507565	0.2668247	
1200	0.25487097	0.26668121	
1200.2	0.25521757	0.2665378	
1200.4	0.25520359	0.26639447	
1200.6	0.25423431	0.26625121	
1200.8	0.25413663	0.26610804	
1201	0.25386692	0.26596493	
1201.2	0.25343159	0.26582191	
1201.4	0.25306628	0.26567896	
1201.6	0.25265345	0.26553609	
1201.8	0.2517518	0.26539329	
1202	0.25139927	0.26525058	
1202.2	0.2507729	0.26510793	
1202.4	0.25040841	0.26496537	
1202.6	0.25039148	0.26482288	
1202.8	0.25065964	0.26468047	
1203	0.25021027	0.26453814	
1203.2	0.25014848	0.26439588	
1203.4	0.25020917	0.2642537	
1203.6	0.25056553	0.26411159	
1203.8	0.25065122	0.26396956	
1204	0.25045744	0.26382761	
1204.2	0.25057265	0.26368574	
1204.4	0.25004431	0.26354394	
1204.6	0.24985611	0.26340221	
1204.8	0.24987815	0.26326057	
1205	0.24968294	0.26311899	
1205.2	0.24957898	0.2629775	
1205.4	0.2498449	0.26283608	
1205.6	0.24974654	0.26269474	
1205.8	0.2497389	0.26255347	
1206	0.25000279	0.26241228	
1206.2	0.24972261	0.26227117	
1206.4	0.24977793	0.26213013	
1206.6	0.24942569	0.26198916	
1206.8	0.24961211	0.26184828	
1207	0.24914706	0.26170747	
1207.2	0.24945914	0.26156673	
1207.4	0.24992178	0.26142607	
1207.6	0.25007125	0.26128548	
1207.8	0.24998237	0.26114498	
1208	0.24990284	0.26100454	
1208.2	0.2500224	0.26086418	
1208.4	0.24989629	0.2607239	
1208.6	0.24977344	0.2605837	
1208.8	0.24955481	0.26044356	
1209	0.24960918	0.26030351	
1209.2	0.249581	0.26016353	
1209.4	0.24954346	0.26002362	
1209.6	0.2492159	0.25988379	
1209.8	0.24894904	0.25974404	
1210	0.24861153	0.25960436	
1210.2	0.2485301	0.25946475	
1210.4	0.24803205	0.25932522	
1210.6	0.24753536	0.25918577	
1210.8	0.24727317	0.25904639	
1211	0.24669502	0.25890708	
1211.2	0.24728974	0.25876785	
1211.4	0.24724846	0.2586287	
1211.6	0.24730877	0.25848962	
1211.8	0.24723903	0.25835061	
1212	0.24743934	0.25821168	
1212.2	0.24729995	0.25807283	
1212.4	0.24701011	0.25793405	
1212.6	0.24651504	0.25779534	
1212.8	0.24652137	0.25765671	
1213	0.24612543	0.25751815	
1213.2	0.24583961	0.25737967	
1213.4	0.24547845	0.25724126	
1213.6	0.24508261	0.25710292	
1213.8	0.24476469	0.25696466	
1214	0.24458224	0.25682648	
1214.2	0.24427319	0.25668837	
1214.4	0.24387695	0.25655033	
1214.6	0.24338183	0.25641237	
1214.8	0.24305167	0.25627448	
1215	0.24307537	0.25613667	
1215.2	0.24377963	0.25599893	
1215.4	0.24375821	0.25586126	
1215.6	0.24369301	0.25572367	
1215.8	0.24341846	0.25558615	
1216	0.24330509	0.25544871	
1216.2	0.24329127	0.25531134	
1216.4	0.2432869	0.25517404	
1216.6	0.24348873	0.25503682	
1216.8	0.24377708	0.25489967	
1217	0.2437734	0.25476259	
1217.2	0.24361662	0.25462559	
1217.4	0.24343782	0.25448867	
1217.6	0.24351835	0.25435181	
1217.8	0.24355295	0.25421503	
1218	0.2433754	0.25407833	
1218.2	0.24341109	0.25394169	
1218.4	0.24356941	0.25380513	
1218.6	0.24308295	0.25366865	
1218.8	0.2430726	0.25353223	
1219	0.24299124	0.25339589	
1219.2	0.24288144	0.25325963	
1219.4	0.24249282	0.25312344	
1219.6	0.24194658	0.25298732	
1219.8	0.24203105	0.25285127	
1220	0.24217271	0.2527153	
1220.2	0.24216155	0.2525794	
1220.4	0.24187688	0.25244357	
1220.6	0.24127077	0.25230781	
1220.8	0.24088219	0.25217213	
1221	0.24064689	0.25203653	
1221.2	0.24006957	0.25190099	
1221.4	0.24028342	0.25176553	
1221.6	0.24050032	0.25163014	
1221.8	0.24039253	0.25149482	
1222	0.24017604	0.25135958	
1222.2	0.24015939	0.25122441	
1222.4	0.24008633	0.25108931	
1222.6	0.23970848	0.25095428	
1222.8	0.23946533	0.25081933	
1223	0.23910802	0.25068445	
1223.2	0.2389946	0.25054964	
1223.4	0.2390739	0.25041491	
1223.6	0.23907407	0.25028024	
1223.8	0.23924104	0.25014565	
1224	0.23905175	0.25001113	
1224.2	0.23830164	0.24987669	
1224.4	0.23812235	0.24974231	
1224.6	0.23788838	0.24960801	
1224.8	0.23772708	0.24947378	
1225	0.23755383	0.24933963	
1225.2	0.23711742	0.24920554	
1225.4	0.23749294	0.24907153	
1225.6	0.23736099	0.24893759	
1225.8	0.23733297	0.24880372	
1226	0.23763261	0.24866992	
1226.2	0.2372532	0.2485362	
1226.4	0.23760101	0.24840255	
1226.6	0.23757164	0.24826896	
1226.8	0.23766141	0.24813546	
1227	0.23760124	0.24800202	
1227.2	0.23759391	0.24786865	
1227.4	0.23753248	0.24773536	
1227.6	0.237915	0.24760214	
1227.8	0.23790688	0.24746899	
1228	0.23822573	0.24733591	
1228.2	0.23790178	0.2472029	
1228.4	0.23815082	0.24706996	
1228.6	0.23805532	0.2469371	
1228.8	0.2375583	0.24680431	
1229	0.2374059	0.24667159	
1229.2	0.23710721	0.24653894	
1229.4	0.23683057	0.24640636	
1229.6	0.23627556	0.24627385	
1229.8	0.23621363	0.24614141	
1230	0.23571279	0.24600905	
1230.2	0.23487786	0.24587675	
1230.4	0.23504499	0.24574453	
1230.6	0.23469709	0.24561238	
1230.8	0.23431573	0.2454803	
1231	0.23397097	0.24534829	
1231.2	0.23423952	0.24521635	
1231.4	0.23434176	0.24508448	
1231.6	0.23460823	0.24495269	
1231.8	0.23471544	0.24482096	
1232	0.23496442	0.24468931	
1232.2	0.23467305	0.24455772	
1232.4	0.23511324	0.24442621	
1232.6	0.2350643	0.24429477	
1232.8	0.23536896	0.2441634	
1233	0.23536473	0.24403209	
1233.2	0.23494864	0.24390086	
1233.4	0.23450769	0.2437697	
1233.6	0.2339674	0.24363861	
1233.8	0.2337334	0.24350759	
1234	0.23324745	0.24337665	
1234.2	0.23309298	0.24324577	
1234.4	0.23292943	0.24311496	
1234.6	0.23299983	0.24298422	
1234.8	0.23304274	0.24285356	
1235	0.23303776	0.24272296	
1235.2	0.23275637	0.24259243	
1235.4	0.23245502	0.24246198	
1235.6	0.23229301	0.24233159	
1235.8	0.23248601	0.24220127	
1236	0.23234187	0.24207103	
1236.2	0.23237	0.24194085	
1236.4	0.23236877	0.24181074	
1236.6	0.23215262	0.24168071	
1236.8	0.23235295	0.24155074	
1237	0.23190502	0.24142085	
1237.2	0.23148493	0.24129102	
1237.4	0.23169165	0.24116126	
1237.6	0.23144278	0.24103158	
1237.8	0.23130455	0.24090196	
1238	0.23160025	0.24077241	
1238.2	0.2316832	0.24064293	
1238.4	0.23144572	0.24051353	
1238.6	0.23144725	0.24038419	
1238.8	0.23093428	0.24025492	
1239	0.23021983	0.24012572	
1239.2	0.22974427	0.23999659	
1239.4	0.22973945	0.23986753	
1239.6	0.2294418	0.23973854	
1239.8	0.22933398	0.23960962	
1240	0.229227	0.23948076	
1240.2	0.22920973	0.23935198	
1240.4	0.22923153	0.23922327	
1240.6	0.22927187	0.23909462	
1240.8	0.22942603	0.23896605	
1241	0.2292657	0.23883754	
1241.2	0.22944331	0.2387091	
1241.4	0.22995903	0.23858073	
1241.6	0.23035342	0.23845243	
1241.8	0.230307	0.2383242	
1242	0.2307025	0.23819604	
1242.2	0.23039728	0.23806795	
1242.4	0.22988482	0.23793993	
1242.6	0.2296324	0.23781197	
1242.8	0.22902358	0.23768409	
1243	0.22855346	0.23755627	
1243.2	0.2282344	0.23742852	
1243.4	0.22812927	0.23730084	
1243.6	0.22796318	0.23717323	
1243.8	0.22775325	0.23704569	
1244	0.22777323	0.23691822	
1244.2	0.22766895	0.23679081	
1244.4	0.22767169	0.23666347	
1244.6	0.2274484	0.23653621	
1244.8	0.22719922	0.23640901	
1245	0.22714206	0.23628188	
1245.2	0.22748727	0.23615481	
1245.4	0.22788327	0.23602782	
1245.6	0.22800901	0.23590089	
1245.8	0.22726471	0.23577403	
1246	0.22700122	0.23564724	
1246.2	0.22672788	0.23552052	
1246.4	0.22593843	0.23539387	
1246.6	0.22581038	0.23526728	
1246.8	0.22530513	0.23514077	
1247	0.22523895	0.23501432	
1247.2	0.22518704	0.23488794	
1247.4	0.22531046	0.23476162	
1247.6	0.22530897	0.23463538	
1247.8	0.22565547	0.2345092	
1248	0.22582848	0.23438309	
1248.2	0.2258084	0.23425705	
1248.4	0.22614617	0.23413107	
1248.6	0.22628163	0.23400517	
1248.8	0.22643256	0.23387933	
1249	0.22658325	0.23375356	
1249.2	0.22681486	0.23362785	
1249.4	0.22635386	0.23350222	
1249.6	0.22622676	0.23337665	
1249.8	0.22551898	0.23325115	
1250	0.22529072	0.23312572	
1250.2	0.22486258	0.23300035	
1250.4	0.22436839	0.23287505	
1250.6	0.22441695	0.23274982	
1250.8	0.22380972	0.23262466	
1251	0.22397685	0.23249956	
1251.2	0.22365364	0.23237453	
1251.4	0.22352201	0.23224957	
1251.6	0.22399486	0.23212468	
1251.8	0.2243707	0.23199985	
1252	0.22422681	0.23187509	
1252.2	0.22409433	0.2317504	
1252.4	0.22410319	0.23162577	
1252.6	0.22409334	0.23150121	
1252.8	0.22380767	0.23137672	
1253	0.22387943	0.23125229	
1253.2	0.22378608	0.23112794	
1253.4	0.22370723	0.23100365	
1253.6	0.22426927	0.23087942	
1253.8	0.22401035	0.23075526	
1254	0.22399894	0.23063117	
1254.2	0.22398407	0.23050715	
1254.4	0.22425649	0.23038319	
1254.6	0.22453794	0.2302593	
1254.8	0.22428974	0.23013548	
1255	0.22422716	0.23001172	
1255.2	0.22379183	0.22988803	
1255.4	0.22388898	0.2297644	
1255.6	0.22425356	0.22964084	
1255.8	0.22392439	0.22951735	
1256	0.2237096	0.22939393	
1256.2	0.22338083	0.22927057	
1256.4	0.22259278	0.22914728	
1256.6	0.22247711	0.22902405	
1256.8	0.22224629	0.22890089	
1257	0.22225216	0.2287778	
1257.2	0.22204549	0.22865477	
1257.4	0.22210532	0.22853181	
1257.6	0.22198788	0.22840891	
1257.8	0.22183599	0.22828608	
1258	0.22175852	0.22816332	
1258.2	0.22189104	0.22804062	
1258.4	0.22190359	0.22791799	
1258.6	0.2219288	0.22779543	
1258.8	0.22135299	0.22767293	
1259	0.22106453	0.22755049	
1259.2	0.22069334	0.22742813	
1259.4	0.22053202	0.22730582	
1259.6	0.22037741	0.22718359	
1259.8	0.21983455	0.22706142	
1260	0.21981508	0.22693931	
1260.2	0.21945751	0.22681727	
1260.4	0.21880395	0.2266953	
1260.6	0.21895206	0.22657339	
1260.8	0.2191534	0.22645155	
1261	0.21893841	0.22632978	
1261.2	0.21927798	0.22620806	
1261.4	0.21890816	0.22608642	
1261.6	0.21899916	0.22596484	
1261.8	0.21932769	0.22584332	
1262	0.21951276	0.22572187	
1262.2	0.21998779	0.22560049	
1262.4	0.22016493	0.22547917	
1262.6	0.22081515	0.22535792	
1262.8	0.22108251	0.22523673	
1263	0.22094393	0.22511561	
1263.2	0.22085458	0.22499455	
1263.4	0.22083016	0.22487355	
1263.6	0.22067811	0.22475263	
1263.8	0.22064894	0.22463176	
1264	0.2207381	0.22451097	
1264.2	0.22035063	0.22439023	
1264.4	0.21991167	0.22426956	
1264.6	0.22025244	0.22414896	
1264.8	0.22026483	0.22402842	
1265	0.21999471	0.22390795	
1265.2	0.21990633	0.22378754	
1265.4	0.21894499	0.2236672	
1265.6	0.21866291	0.22354692	
1265.8	0.21861755	0.2234267	
1266	0.2182384	0.22330655	
1266.2	0.21808559	0.22318647	
1266.4	0.21747397	0.22306645	
1266.6	0.21759206	0.22294649	
1266.8	0.21719695	0.2228266	
1267	0.21681774	0.22270677	
1267.2	0.21681636	0.22258701	
1267.4	0.21637929	0.22246731	
1267.6	0.21651937	0.22234768	
1267.8	0.21684746	0.22222811	
1268	0.21715758	0.2221086	
1268.2	0.21669963	0.22198916	
1268.4	0.21683931	0.22186978	
1268.6	0.21757403	0.22175047	
1268.8	0.2178436	0.22163122	
1269	0.21820763	0.22151204	
1269.2	0.21794515	0.22139292	
1269.4	0.21749332	0.22127386	
1269.6	0.21700529	0.22115487	
1269.8	0.21665541	0.22103594	
1270	0.21604677	0.22091708	
1270.2	0.21573253	0.22079828	
1270.4	0.21532723	0.22067954	
1270.6	0.21534715	0.22056087	
1270.8	0.21530368	0.22044226	
1271	0.21483988	0.22032371	
1271.2	0.2149482	0.22020523	
1271.4	0.21513314	0.22008682	
1271.6	0.21528476	0.21996846	
1271.8	0.2157329	0.21985017	
1272	0.21568269	0.21973194	
1272.2	0.21530141	0.21961378	
1272.4	0.21589813	0.21949568	
1272.6	0.21603362	0.21937765	
1272.8	0.21572171	0.21925967	
1273	0.21591654	0.21914176	
1273.2	0.21560766	0.21902392	
1273.4	0.21519376	0.21890614	
1273.6	0.21488762	0.21878842	
1273.8	0.21508787	0.21867076	
1274	0.21510394	0.21855317	
1274.2	0.21481518	0.21843564	
1274.4	0.21454475	0.21831818	
1274.6	0.21409089	0.21820077	
1274.8	0.21385266	0.21808343	
1275	0.21332835	0.21796616	
1275.2	0.21377627	0.21784894	
1275.4	0.21372549	0.21773179	
1275.6	0.21348865	0.2176147	
1275.8	0.21368812	0.21749768	
1276	0.21312585	0.21738072	
1276.2	0.21301125	0.21726382	
1276.4	0.21271647	0.21714698	
1276.6	0.21208892	0.21703021	
1276.8	0.21208882	0.2169135	
1277	0.21256129	0.21679685	
1277.2	0.21210655	0.21668027	
1277.4	0.21203679	0.21656375	
1277.6	0.21217553	0.21644729	
1277.8	0.21211603	0.21633089	
1278	0.21196086	0.21621456	
1278.2	0.21226798	0.21609829	
1278.4	0.21189447	0.21598208	
1278.6	0.21159664	0.21586593	
1278.8	0.21165553	0.21574985	
1279	0.21176928	0.21563382	
1279.2	0.21214851	0.21551787	
1279.4	0.21230091	0.21540197	
1279.6	0.21212118	0.21528613	
1279.8	0.2120818	0.21517036	
1280	0.21157036	0.21505465	
1280.2	0.21177913	0.214939	
1280.4	0.21141292	0.21482342	
1280.6	0.2110645	0.2147079	
1280.8	0.2108129	0.21459243	
1281	0.21067114	0.21447703	
1281.2	0.21037046	0.2143617	
1281.4	0.21035933	0.21424642	
1281.6	0.21023088	0.21413121	
1281.8	0.21035357	0.21401606	
1282	0.21050549	0.21390097	
1282.2	0.21021335	0.21378594	
1282.4	0.20958139	0.21367098	
1282.6	0.20964305	0.21355607	
1282.8	0.20972592	0.21344123	
1283	0.20980191	0.21332645	
1283.2	0.20992615	0.21321173	
1283.4	0.21015873	0.21309708	
1283.6	0.20977918	0.21298248	
1283.8	0.20973978	0.21286795	
1284	0.20936413	0.21275348	
1284.2	0.20998032	0.21263906	
1284.4	0.21002252	0.21252472	
1284.6	0.20996812	0.21241043	
1284.8	0.21009422	0.2122962	
1285	0.21038268	0.21218204	
1285.2	0.21032221	0.21206794	
1285.4	0.20996827	0.21195389	
1285.6	0.20960222	0.21183991	
1285.8	0.20906296	0.21172599	
1286	0.20855054	0.21161214	
1286.2	0.20845305	0.21149834	
1286.4	0.20846949	0.21138461	
1286.6	0.20810644	0.21127093	
1286.8	0.20809035	0.21115732	
1287	0.20766738	0.21104377	
1287.2	0.20736396	0.21093028	
1287.4	0.20713137	0.21081685	
1287.6	0.2066583	0.21070348	
1287.8	0.20663296	0.21059017	
1288	0.20688909	0.21047692	
1288.2	0.20724022	0.21036374	
1288.4	0.20681066	0.21025061	
1288.6	0.20664178	0.21013755	
1288.8	0.20666637	0.21002454	
1289	0.20645923	0.2099116	
1289.2	0.20624286	0.20979872	
1289.4	0.20608532	0.2096859	
1289.6	0.20595037	0.20957314	
1289.8	0.20602078	0.20946044	
1290	0.2064097	0.2093478	
1290.2	0.20659278	0.20923522	
1290.4	0.2060592	0.2091227	
1290.6	0.20590434	0.20901024	
1290.8	0.2062717	0.20889784	
1291	0.20632652	0.20878551	
1291.2	0.2064736	0.20867323	
1291.4	0.20675381	0.20856101	
1291.6	0.20715715	0.20844886	
1291.8	0.20738359	0.20833676	
1292	0.20771396	0.20822473	
1292.2	0.20749085	0.20811275	
1292.4	0.20732242	0.20800084	
1292.6	0.20771465	0.20788898	
1292.8	0.20746198	0.20777719	
1293	0.20717492	0.20766546	
1293.2	0.20699055	0.20755378	
1293.4	0.20665475	0.20744217	
1293.6	0.20643205	0.20733061	
1293.8	0.20623766	0.20721912	
1294	0.20634628	0.20710769	
1294.2	0.20567902	0.20699631	
1294.4	0.20503746	0.206885	
1294.6	0.20497554	0.20677374	
1294.8	0.20496825	0.20666255	
1295	0.20520758	0.20655141	
1295.2	0.20492213	0.20644034	
1295.4	0.20480337	0.20632932	
1295.6	0.20461889	0.20621837	
1295.8	0.20452938	0.20610747	
1296	0.20463889	0.20599663	
1296.2	0.2043022	0.20588586	
1296.4	0.20428818	0.20577514	
1296.6	0.20407254	0.20566448	
1296.8	0.20350242	0.20555388	
1297	0.20351428	0.20544335	
1297.2	0.20336223	0.20533287	
1297.4	0.2032283	0.20522245	
1297.6	0.20354144	0.20511209	
1297.8	0.20354097	0.20500179	
1298	0.20336143	0.20489154	
1298.2	0.20279922	0.20478136	
1298.4	0.20231451	0.20467124	
1298.6	0.20237961	0.20456117	
1298.8	0.20241619	0.20445117	
1299	0.2022676	0.20434122	
1299.2	0.20178018	0.20423134	
1299.4	0.201782	0.20412151	
1299.6	0.20194491	0.20401174	
1299.8	0.2019171	0.20390203	
1300	0.20217789	0.20379238	
1300.2	0.2019752	0.20368279	
1300.4	0.20220972	0.20357326	
1300.6	0.20237954	0.20346378	
1300.8	0.20264876	0.20335437	
1301	0.20289497	0.20324501	
1301.2	0.20282179	0.20313572	
1301.4	0.20305664	0.20302648	
1301.6	0.20329747	0.2029173	
1301.8	0.20339221	0.20280818	
1302	0.20336352	0.20269912	
1302.2	0.20362521	0.20259011	
1302.4	0.20319731	0.20248117	
1302.6	0.20343775	0.20237228	
1302.8	0.20307942	0.20226345	
1303	0.20263109	0.20215469	
1303.2	0.20273747	0.20204597	
1303.4	0.20275822	0.20193732	
1303.6	0.20267213	0.20182873	
1303.8	0.20220282	0.20172019	
1304	0.20242241	0.20161172	
1304.2	0.20242128	0.2015033	
1304.4	0.20225701	0.20139494	
1304.6	0.20197701	0.20128664	
1304.8	0.20195165	0.20117839	
1305	0.20170874	0.20107021	
1305.2	0.20189848	0.20096208	
1305.4	0.20139454	0.20085401	
1305.6	0.201294	0.200746	
1305.8	0.20132541	0.20063804	
1306	0.20112841	0.20053015	
1306.2	0.20094823	0.20042231	
1306.4	0.20058446	0.20031453	
1306.6	0.20076766	0.20020681	
1306.8	0.20023248	0.20009915	
1307	0.20001943	0.19999154	
1307.2	0.19979834	0.199884	
1307.4	0.19936846	0.19977651	
1307.6	0.19916704	0.19966907	
1307.8	0.19889436	0.1995617	
1308	0.19893515	0.19945438	
1308.2	0.19882212	0.19934713	
1308.4	0.19823233	0.19923992	
1308.6	0.19804804	0.19913278	
1308.8	0.19826934	0.1990257	
1309	0.19775716	0.19891867	
1309.2	0.19747167	0.1988117	
1309.4	0.19661369	0.19870478	
1309.6	0.19662607	0.19859793	
1309.8	0.19641224	0.19849113	
1310	0.19654604	0.19838439	
1310.2	0.19679871	0.19827771	
1310.4	0.19670727	0.19817108	
1310.6	0.19719219	0.19806451	
1310.8	0.19720474	0.197958	
1311	0.1975204	0.19785155	
1311.2	0.19740758	0.19774515	
1311.4	0.19795336	0.19763881	
1311.6	0.1986453	0.19753253	
1311.8	0.19907534	0.1974263	
1312	0.19940327	0.19732014	
1312.2	0.19975858	0.19721403	
1312.4	0.19969594	0.19710797	
1312.6	0.19952081	0.19700198	
1312.8	0.19947236	0.19689604	
1313	0.19889752	0.19679015	
1313.2	0.19870919	0.19668433	
1313.4	0.19846737	0.19657856	
1313.6	0.19809565	0.19647285	
1313.8	0.19809153	0.19636719	
1314	0.19818435	0.19626159	
1314.2	0.19789631	0.19615605	
1314.4	0.19768441	0.19605057	
1314.6	0.1976755	0.19594514	
1314.8	0.19791571	0.19583977	
1315	0.19765629	0.19573445	
1315.2	0.19745483	0.19562919	
1315.4	0.19765985	0.19552399	
1315.6	0.19777557	0.19541885	
1315.8	0.19759818	0.19531376	
1316	0.19719788	0.19520873	
1316.2	0.19662951	0.19510375	
1316.4	0.19629315	0.19499883	
1316.6	0.19603929	0.19489397	
1316.8	0.19587928	0.19478916	
1317	0.1955396	0.19468441	
1317.2	0.19568394	0.19457972	
1317.4	0.1959481	0.19447508	
1317.6	0.19575049	0.1943705	
1317.8	0.19604744	0.19426598	
1318	0.19611486	0.19416151	
1318.2	0.19560977	0.1940571	
1318.4	0.1955024	0.19395274	
1318.6	0.19542027	0.19384844	
1318.8	0.19580576	0.1937442	
1319	0.1953702	0.19364001	
1319.2	0.195516	0.19353588	
1319.4	0.19563429	0.1934318	
1319.6	0.19550939	0.19332778	
1319.8	0.19489085	0.19322382	
1320	0.19430028	0.19311991	
1320.2	0.19401205	0.19301606	
1320.4	0.19437487	0.19291226	
1320.6	0.19444083	0.19280852	
1320.8	0.19426863	0.19270484	
1321	0.19435573	0.19260121	
1321.2	0.19455293	0.19249763	
1321.4	0.19450983	0.19239412	
1321.6	0.19425545	0.19229065	
1321.8	0.1944097	0.19218725	
1322	0.1942133	0.1920839	
1322.2	0.19395665	0.1919806	
1322.4	0.19428104	0.19187736	
1322.6	0.19461355	0.19177418	
1322.8	0.19479768	0.19167105	
1323	0.19486387	0.19156798	
1323.2	0.19481556	0.19146496	
1323.4	0.19456368	0.191362	
1323.6	0.19426556	0.19125909	
1323.8	0.19374549	0.19115624	
1324	0.1935165	0.19105344	
1324.2	0.19366021	0.1909507	
1324.4	0.19369052	0.19084802	
1324.6	0.19346617	0.19074539	
1324.8	0.19309241	0.19064281	
1325	0.19314391	0.19054029	
1325.2	0.19318046	0.19043783	
1325.4	0.19306044	0.19033542	
1325.6	0.19292596	0.19023306	
1325.8	0.19299304	0.19013076	
1326	0.19295173	0.19002852	
1326.2	0.19277226	0.18992633	
1326.4	0.19265748	0.18982419	
1326.6	0.19296222	0.18972211	
1326.8	0.19285	0.18962009	
1327	0.19307142	0.18951812	
1327.2	0.1931857	0.1894162	
1327.4	0.19314255	0.18931434	
1327.6	0.1931341	0.18921254	
1327.8	0.19270779	0.18911079	
1328	0.19270187	0.18900909	
1328.2	0.19278882	0.18890745	
1328.4	0.19290244	0.18880586	
1328.6	0.19276439	0.18870433	
1328.8	0.19313623	0.18860285	
1329	0.19326101	0.18850143	
1329.2	0.19332535	0.18840006	
1329.4	0.19304772	0.18829875	
1329.6	0.19268973	0.18819749	
1329.8	0.19236539	0.18809628	
1330	0.19180097	0.18799513	
1330.2	0.19117682	0.18789404	
1330.4	0.19103967	0.18779299	
1330.6	0.19101358	0.18769201	
1330.8	0.19065906	0.18759107	
1331	0.19058077	0.18749019	
1331.2	0.1903742	0.18738937	
1331.4	0.1897305	0.1872886	
1331.6	0.18961025	0.18718788	
1331.8	0.18948353	0.18708722	
1332	0.18983379	0.18698661	
1332.2	0.19021763	0.18688606	
1332.4	0.19060903	0.18678556	
1332.6	0.19045919	0.18668511	
1332.8	0.1910022	0.18658472	
1333	0.19077973	0.18648438	
1333.2	0.19092893	0.1863841	
1333.4	0.19109803	0.18628387	
1333.6	0.19078566	0.18618369	
1333.8	0.19074597	0.18608357	
1334	0.19096335	0.1859835	
1334.2	0.19092368	0.18588349	
1334.4	0.1911335	0.18578353	
1334.6	0.19099508	0.18568362	
1334.8	0.1911148	0.18558377	
1335	0.19061414	0.18548397	
1335.2	0.19035793	0.18538422	
1335.4	0.19033006	0.18528453	
1335.6	0.19020526	0.18518489	
1335.8	0.1903502	0.18508531	
1336	0.19071215	0.18498578	
1336.2	0.1904867	0.1848863	
1336.4	0.19007036	0.18478687	
1336.6	0.18961051	0.1846875	
1336.8	0.18955571	0.18458818	
1337	0.18904309	0.18448892	
1337.2	0.18900895	0.18438971	
1337.4	0.1885907	0.18429055	
1337.6	0.18837437	0.18419145	
1337.8	0.18866976	0.1840924	
1338	0.18862153	0.1839934	
1338.2	0.18816329	0.18389446	
1338.4	0.18827065	0.18379556	
1338.6	0.18807219	0.18369673	
1338.8	0.18785529	0.18359794	
1339	0.18742412	0.18349921	
1339.2	0.1876269	0.18340053	
1339.4	0.18788672	0.18330191	
1339.6	0.18798294	0.18320333	
1339.8	0.18863426	0.18310481	
1340	0.18885088	0.18300635	
1340.2	0.18863096	0.18290793	
1340.4	0.18878788	0.18280957	
1340.6	0.18901923	0.18271127	
1340.8	0.18938363	0.18261301	
1341	0.18934967	0.18251481	
1341.2	0.18928921	0.18241666	
1341.4	0.18893115	0.18231856	
1341.6	0.18897709	0.18222052	
1341.8	0.18881578	0.18212253	
1342	0.18817384	0.18202459	
1342.2	0.18772728	0.18192671	
1342.4	0.18771523	0.18182887	
1342.6	0.1875157	0.18173109	
1342.8	0.18721143	0.18163336	
1343	0.18699177	0.18153569	
1343.2	0.18706804	0.18143807	
1343.4	0.18713853	0.1813405	
1343.6	0.18713689	0.18124298	
1343.8	0.18751021	0.18114551	
1344	0.18721973	0.1810481	
1344.2	0.1872816	0.18095074	
1344.4	0.18739299	0.18085343	
1344.6	0.18749948	0.18075618	
1344.8	0.18770604	0.18065897	
1345	0.18765597	0.18056182	
1345.2	0.1873433	0.18046472	
1345.4	0.186953	0.18036768	
1345.6	0.18674029	0.18027068	
1345.8	0.18639794	0.18017374	
1346	0.18608493	0.18007685	
1346.2	0.18595425	0.17998001	
1346.4	0.18592067	0.17988323	
1346.6	0.18588107	0.17978649	
1346.8	0.18574441	0.17968981	
1347	0.18577601	0.17959318	
1347.2	0.1858374	0.1794966	
1347.4	0.18563885	0.17940008	
1347.6	0.18554	0.1793036	
1347.8	0.18559424	0.17920718	
1348	0.18536414	0.17911081	
1348.2	0.18583895	0.17901449	
1348.4	0.18590992	0.17891822	
1348.6	0.18595351	0.17882201	
1348.8	0.18580338	0.17872585	
1349	0.18558064	0.17862973	
1349.2	0.1851571	0.17853367	
1349.4	0.18465972	0.17843767	
1349.6	0.18433374	0.17834171	
1349.8	0.18460905	0.1782458	
1350	0.18461255	0.17814995	
1350.2	0.18407798	0.17805415	
1350.4	0.18439928	0.1779584	
1350.6	0.18456868	0.1778627	
1350.8	0.18466926	0.17776705	
1351	0.18474132	0.17767146	
1351.2	0.18457327	0.17757591	
1351.4	0.1849232	0.17748042	
1351.6	0.18517362	0.17738498	
1351.8	0.18518551	0.17728959	
1352	0.18520036	0.17719425	
1352.2	0.18573035	0.17709896	
1352.4	0.18532249	0.17700372	
1352.6	0.18462609	0.17690854	
1352.8	0.1839956	0.1768134	
1353	0.18385877	0.17671832	
1353.2	0.18348531	0.17662329	
1353.4	0.18294462	0.17652831	
1353.6	0.18325791	0.17643338	
1353.8	0.1836525	0.1763385	
1354	0.18324569	0.17624367	
1354.2	0.18337225	0.17614889	
1354.4	0.18370314	0.17605417	
1354.6	0.18361987	0.17595949	
1354.8	0.18385016	0.17586487	
1355	0.18407059	0.1757703	
1355.2	0.18409891	0.17567577	
1355.4	0.18421028	0.1755813	
1355.6	0.18401429	0.17548688	
1355.8	0.18387636	0.17539251	
1356	0.18352804	0.17529819	
1356.2	0.18349919	0.17520392	
1356.4	0.18252805	0.17510971	
1356.6	0.18225143	0.17501554	
1356.8	0.18227569	0.17492142	
1357	0.18224294	0.17482736	
1357.2	0.18173359	0.17473334	
1357.4	0.18182839	0.17463938	
1357.6	0.18209757	0.17454546	
1357.8	0.18198322	0.1744516	
1358	0.18215969	0.17435779	
1358.2	0.18243444	0.17426402	
1358.4	0.18223356	0.17417031	
1358.6	0.18264297	0.17407665	
1358.8	0.18278943	0.17398304	
1359	0.18262069	0.17388948	
1359.2	0.182311	0.17379597	
1359.4	0.18184797	0.17370251	
1359.6	0.18150352	0.1736091	
1359.8	0.18115233	0.17351574	
1360	0.18060191	0.17342243	
1360.2	0.18037322	0.17332917	
1360.4	0.18038829	0.17323596	
1360.6	0.18048071	0.1731428	
1360.8	0.18039686	0.17304969	
1361	0.17981919	0.17295663	
1361.2	0.17944001	0.17286362	
1361.4	0.17960659	0.17277066	
1361.6	0.17921706	0.17267775	
1361.8	0.17912708	0.17258489	
1362	0.17922918	0.17249208	
1362.2	0.1792219	0.17239932	
1362.4	0.17924183	0.17230662	
1362.6	0.17960976	0.17221396	
1362.8	0.17952448	0.17212135	
1363	0.17950488	0.17202879	
1363.2	0.17934726	0.17193628	
1363.4	0.17942066	0.17184382	
1363.6	0.17988488	0.1717514	
1363.8	0.1801052	0.17165904	
1364	0.18046011	0.17156673	
1364.2	0.18068598	0.17147447	
1364.4	0.18063811	0.17138226	
1364.6	0.18071771	0.1712901	
1364.8	0.18069732	0.17119798	
1365	0.18041543	0.17110592	
1365.2	0.18032752	0.17101391	
1365.4	0.17992577	0.17092194	
1365.6	0.17935425	0.17083003	
1365.8	0.17911837	0.17073816	
1366	0.17913562	0.17064634	
1366.2	0.17932205	0.17055458	
1366.4	0.17948933	0.17046286	
1366.6	0.17970208	0.17037119	
1366.8	0.17953074	0.17027957	
1367	0.17927396	0.170188	
1367.2	0.17953721	0.17009648	
1367.4	0.17966298	0.17000501	
1367.6	0.17955965	0.16991359	
1367.8	0.17920946	0.16982222	
1368	0.17893222	0.16973089	
1368.2	0.17843455	0.16963962	
1368.4	0.17804928	0.16954839	
1368.6	0.17772472	0.16945722	
1368.8	0.17702061	0.16936609	
1369	0.17687677	0.16927501	
1369.2	0.1765647	0.16918398	
1369.4	0.17593119	0.169093	
1369.6	0.17579872	0.16900207	
1369.8	0.17586772	0.16891119	
1370	0.17594627	0.16882036	
1370.2	0.17599123	0.16872957	
1370.4	0.17639587	0.16863883	
1370.6	0.17657967	0.16854815	
1370.8	0.17677517	0.16845751	
1371	0.17685171	0.16836692	
1371.2	0.17750554	0.16827638	
1371.4	0.17758915	0.16818589	
1371.6	0.177544	0.16809544	
1371.8	0.17777475	0.16800505	
1372	0.17791895	0.1679147	
1372.2	0.17801938	0.1678244	
1372.4	0.17795012	0.16773415	
1372.6	0.17809577	0.16764395	
1372.8	0.17836375	0.1675538	
1373	0.17874072	0.1674637	
1373.2	0.17884737	0.16737364	
1373.4	0.17840116	0.16728364	
1373.6	0.17830494	0.16719368	
1373.8	0.17768649	0.16710377	
1374	0.17708295	0.16701391	
1374.2	0.17687387	0.16692409	
1374.4	0.17723565	0.16683433	
1374.6	0.1770737	0.16674461	
1374.8	0.17715503	0.16665494	
1375	0.17679542	0.16656532	
1375.2	0.17660801	0.16647575	
1375.4	0.17615838	0.16638623	
1375.6	0.17551581	0.16629675	
1375.8	0.17564506	0.16620732	
1376	0.17581624	0.16611794	
1376.2	0.17569444	0.16602861	
1376.4	0.17561322	0.16593933	
1376.6	0.17580855	0.16585009	
1376.8	0.17561742	0.1657609	
1377	0.17576415	0.16567176	
1377.2	0.17572924	0.16558267	
1377.4	0.17525775	0.16549363	
1377.6	0.17526602	0.16540463	
1377.8	0.17507682	0.16531569	
1378	0.17500837	0.16522679	
1378.2	0.17538401	0.16513793	
1378.4	0.17572444	0.16504913	
1378.6	0.17603594	0.16496037	
1378.8	0.17587648	0.16487166	
1379	0.17546029	0.164783	
1379.2	0.17534035	0.16469439	
1379.4	0.17471777	0.16460582	
1379.6	0.17458893	0.1645173	
1379.8	0.17432072	0.16442883	
1380	0.17403923	0.16434041	
1380.2	0.17372004	0.16425203	
1380.4	0.17354537	0.1641637	
1380.6	0.17336913	0.16407542	
1380.8	0.17316027	0.16398719	
1381	0.17314581	0.16389901	
1381.2	0.1728219	0.16381087	
1381.4	0.17271791	0.16372278	
1381.6	0.17283773	0.16363473	
1381.8	0.17261429	0.16354674	
1382	0.17281362	0.16345879	
1382.2	0.17269226	0.16337089	
1382.4	0.17285179	0.16328303	
1382.6	0.17307849	0.16319522	
1382.8	0.17323139	0.16310746	
1383	0.17352051	0.16301975	
1383.2	0.17355208	0.16293209	
1383.4	0.17366636	0.16284447	
1383.6	0.174048	0.1627569	
1383.8	0.17379963	0.16266937	
1384	0.17386469	0.1625819	
1384.2	0.17445354	0.16249447	
1384.4	0.17460106	0.16240708	
1384.6	0.17432348	0.16231975	
1384.8	0.17416722	0.16223246	
1385	0.17363611	0.16214522	
1385.2	0.17312305	0.16205802	
1385.4	0.17284685	0.16197087	
1385.6	0.17264792	0.16188377	
1385.8	0.17243222	0.16179672	
1386	0.1724325	0.16170971	
1386.2	0.17178836	0.16162275	
1386.4	0.17197798	0.16153583	
1386.6	0.1721069	0.16144897	
1386.8	0.17256852	0.16136214	
1387	0.17224219	0.16127537	
1387.2	0.17198931	0.16118864	
1387.4	0.17247801	0.16110196	
1387.6	0.17193342	0.16101533	
1387.8	0.1716338	0.16092874	
1388	0.17170848	0.1608422	
1388.2	0.17201228	0.16075571	
1388.4	0.17172408	0.16066926	
1388.6	0.17136917	0.16058286	
1388.8	0.17150023	0.1604965	
1389	0.17099976	0.16041019	
1389.2	0.17089397	0.16032393	
1389.4	0.17070164	0.16023771	
1389.6	0.17082371	0.16015155	
1389.8	0.17085876	0.16006542	
1390	0.17049834	0.15997935	
1390.2	0.17024827	0.15989331	
1390.4	0.17005667	0.15980733	
1390.6	0.1699053	0.15972139	
1390.8	0.16983376	0.1596355	
1391	0.16944362	0.15954966	
1391.2	0.16954246	0.15946386	
1391.4	0.16924609	0.1593781	
1391.6	0.16901765	0.1592924	
1391.8	0.16906458	0.15920673	
1392	0.16961401	0.15912112	
1392.2	0.16998742	0.15903555	
1392.4	0.16973198	0.15895003	
1392.6	0.17010206	0.15886455	
1392.8	0.17040607	0.15877912	
1393	0.17050742	0.15869373	
1393.2	0.17055053	0.1586084	
1393.4	0.17082022	0.1585231	
1393.6	0.17105909	0.15843785	
1393.8	0.17079321	0.15835265	
1394	0.17055876	0.1582675	
1394.2	0.17052485	0.15818239	
1394.4	0.17029261	0.15809732	
1394.6	0.16975266	0.15801231	
1394.8	0.1695991	0.15792733	
1395	0.16919256	0.15784241	
1395.2	0.1687942	0.15775752	
1395.4	0.16829167	0.15767269	
1395.6	0.16833383	0.1575879	
1395.8	0.1681302	0.15750315	
1396	0.16833	0.15741846	
1396.2	0.16795032	0.1573338	
1396.4	0.16778757	0.15724919	
1396.6	0.16795491	0.15716463	
1396.8	0.16793032	0.15708011	
1397	0.16820341	0.15699564	
1397.2	0.16818428	0.15691122	
1397.4	0.16882561	0.15682684	
1397.6	0.16863363	0.1567425	
1397.8	0.16880745	0.15665821	
1398	0.16920756	0.15657397	
1398.2	0.1696556	0.15648977	
1398.4	0.16984972	0.15640561	
1398.6	0.16944602	0.15632151	
1398.8	0.16964383	0.15623744	
1399	0.16951104	0.15615342	
1399.2	0.16908567	0.15606945	
1399.4	0.16899188	0.15598552	
1399.6	0.16873923	0.15590164	
1399.8	0.16847952	0.1558178	
1400	0.16842914	0.15573401	
1400.2	0.16803699	0.15565026	
1400.4	0.16765227	0.15556656	
1400.6	0.16700299	0.1554829	
1400.8	0.1672437	0.15539929	
1401	0.16731122	0.15531572	
1401.2	0.16738655	0.1552322	
1401.4	0.16776549	0.15514872	
1401.6	0.16751313	0.15506529	
1401.8	0.16785454	0.1549819	
1402	0.16773686	0.15489856	
1402.2	0.16753914	0.15481526	
1402.4	0.16745028	0.15473201	
1402.6	0.16661315	0.1546488	
1402.8	0.16647968	0.15456563	
1403	0.16616958	0.15448252	
1403.2	0.16580589	0.15439944	
1403.4	0.16586629	0.15431641	
1403.6	0.16566489	0.15423343	
1403.8	0.16561119	0.15415049	
1404	0.16568601	0.15406759	
1404.2	0.16547611	0.15398474	
1404.4	0.16534106	0.15390193	
1404.6	0.16524632	0.15381917	
1404.8	0.16562316	0.15373645	
1405	0.1656878	0.15365378	
1405.2	0.16576024	0.15357115	
1405.4	0.16589831	0.15348856	
1405.6	0.16580683	0.15340602	
1405.8	0.16607857	0.15332353	
1406	0.1659211	0.15324108	
1406.2	0.16585221	0.15315867	
1406.4	0.16624264	0.15307631	
1406.6	0.16625841	0.15299399	
1406.8	0.16659307	0.15291172	
1407	0.16691718	0.15282949	
1407.2	0.16667173	0.1527473	
1407.4	0.16682616	0.15266516	
1407.6	0.16689503	0.15258306	
1407.8	0.16672292	0.15250101	
1408	0.1666874	0.152419	
1408.2	0.16644451	0.15233704	
1408.4	0.16621683	0.15225511	
1408.6	0.16571348	0.15217324	
1408.8	0.16558717	0.15209141	
1409	0.16570838	0.15200962	
1409.2	0.16551379	0.15192787	
1409.4	0.16562526	0.15184617	
1409.6	0.1657734	0.15176451	
1409.8	0.16568661	0.1516829	
1410	0.16527917	0.15160133	
1410.2	0.1649112	0.15151981	
1410.4	0.16490658	0.15143833	
1410.6	0.16454366	0.15135689	
1410.8	0.16405248	0.1512755	
1411	0.16389333	0.15119415	
1411.2	0.16350206	0.15111284	
1411.4	0.16369125	0.15103158	
1411.6	0.16354334	0.15095036	
1411.8	0.16316012	0.15086918	
1412	0.16322872	0.15078805	
1412.2	0.16325354	0.15070696	
1412.4	0.16333822	0.15062592	
1412.6	0.16319091	0.15054492	
1412.8	0.16353489	0.15046396	
1413	0.16414268	0.15038305	
1413.2	0.16432446	0.15030218	
1413.4	0.1645022	0.15022135	
1413.6	0.16446	0.15014057	
1413.8	0.16426254	0.15005983	
1414	0.16393334	0.14997913	
1414.2	0.16382808	0.14989848	
1414.4	0.16368743	0.14981787	
1414.6	0.16349814	0.14973731	
1414.8	0.16347169	0.14965678	
1415	0.16316534	0.1495763	
1415.2	0.16295839	0.14949587	
1415.4	0.16278174	0.14941547	
1415.6	0.162474	0.14933512	
1415.8	0.16199737	0.14925482	
1416	0.16200286	0.14917455	
1416.2	0.16158663	0.14909433	
1416.4	0.1616116	0.14901416	
1416.6	0.16161925	0.14893402	
1416.8	0.16181484	0.14885393	
1417	0.16210144	0.14877389	
1417.2	0.16228472	0.14869388	
1417.4	0.162668	0.14861392	
1417.6	0.16258195	0.148534	
1417.8	0.16271929	0.14845413	
1418	0.16258338	0.14837429	
1418.2	0.16270309	0.1482945	
1418.4	0.16233787	0.14821476	
1418.6	0.16216851	0.14813505	
1418.8	0.16195641	0.14805539	
1419	0.16161376	0.14797577	
1419.2	0.1617196	0.1478962	
1419.4	0.1613775	0.14781666	
1419.6	0.16157883	0.14773717	
1419.8	0.16160154	0.14765773	
1420	0.16158225	0.14757832	
1420.2	0.16150499	0.14749896	
1420.4	0.16209276	0.14741964	
1420.6	0.16200058	0.14734037	
1420.8	0.1621103	0.14726113	
1421	0.1623679	0.14718194	
1421.2	0.16247749	0.14710279	
1421.4	0.16260079	0.14702369	
1421.6	0.16216017	0.14694462	
1421.8	0.16189277	0.1468656	
1422	0.16171247	0.14678662	
1422.2	0.16160121	0.14670769	
1422.4	0.161238	0.14662879	
1422.6	0.16112696	0.14654994	
1422.8	0.16120063	0.14647113	
1423	0.16099929	0.14639237	
1423.2	0.16073168	0.14631364	
1423.4	0.16053764	0.14623496	
1423.6	0.16083183	0.14615632	
1423.8	0.16053379	0.14607773	
1424	0.16070831	0.14599917	
1424.2	0.16089249	0.14592066	
1424.4	0.16089111	0.14584219	
1424.6	0.16092614	0.14576376	
1424.8	0.16079377	0.14568538	
1425	0.16048681	0.14560703	
1425.2	0.16034394	0.14552873	
1425.4	0.16026606	0.14545047	
1425.6	0.16007953	0.14537225	
1425.8	0.16025906	0.14529408	
1426	0.16007797	0.14521594	
1426.2	0.1603966	0.14513785	
1426.4	0.16040526	0.1450598	
1426.6	0.1602134	0.1449818	
1426.8	0.16002768	0.14490383	
1427	0.15999697	0.14482591	
1427.2	0.15995242	0.14474803	
1427.4	0.15997374	0.14467019	
1427.6	0.15980559	0.14459239	
1427.8	0.15965845	0.14451463	
1428	0.15995421	0.14443692	
1428.2	0.15942175	0.14435925	
1428.4	0.1591236	0.14428162	
1428.6	0.15917945	0.14420403	
1428.8	0.15844335	0.14412648	
1429	0.15833597	0.14404897	
1429.2	0.15825097	0.14397151	
1429.4	0.1582564	0.14389409	
1429.6	0.15791047	0.14381671	
1429.8	0.15784437	0.14373937	
1430	0.1576518	0.14366207	
1430.2	0.1579092	0.14358482	
1430.4	0.1578927	0.1435076	
1430.6	0.15752528	0.14343043	
1430.8	0.15736059	0.1433533	
1431	0.1576066	0.14327621	
1431.2	0.15762564	0.14319916	
1431.4	0.15758425	0.14312215	
1431.6	0.15757672	0.14304519	
1431.8	0.15781047	0.14296826	
1432	0.15767175	0.14289138	
1432.2	0.15761709	0.14281454	
1432.4	0.15766812	0.14273774	
1432.6	0.15753992	0.14266098	
1432.8	0.15728291	0.14258426	
1433	0.15710403	0.14250759	
1433.2	0.15665705	0.14243095	
1433.4	0.15669539	0.14235436	
1433.6	0.15639285	0.14227781	
1433.8	0.15615543	0.1422013	
1434	0.15613983	0.14212483	
1434.2	0.15588116	0.1420484	
1434.4	0.1558136	0.14197201	
1434.6	0.15540254	0.14189566	
1434.8	0.15548241	0.14181936	
1435	0.15556695	0.14174309	
1435.2	0.15597733	0.14166687	
1435.4	0.1562609	0.14159068	
1435.6	0.15626839	0.14151454	
1435.8	0.15643646	0.14143844	
1436	0.15643621	0.14136238	
1436.2	0.15657954	0.14128636	
1436.4	0.15636957	0.14121038	
1436.6	0.15619202	0.14113445	
1436.8	0.15628872	0.14105855	
1437	0.15633077	0.1409827	
1437.2	0.15639591	0.14090688	
1437.4	0.15677479	0.14083111	
1437.6	0.15691463	0.14075537	
1437.8	0.1568011	0.14067968	
1438	0.15705385	0.14060403	
1438.2	0.1571476	0.14052842	
1438.4	0.15717764	0.14045285	
1438.6	0.15728263	0.14037732	
1438.8	0.15743052	0.14030183	
1439	0.15738588	0.14022638	
1439.2	0.15758325	0.14015097	
1439.4	0.15745972	0.1400756	
1439.6	0.15722353	0.14000028	
1439.8	0.15728054	0.13992499	
