Conc1	1E-07	
Start1	1020	
Stop1	1439.8	
Kobs	0.00268952251398478	
Error Kobs	2.74739490525457E-05	
Koff	0	
Error Koff	0	
Time1	Data1	Fit1	
1020	0.00420027	0	
1020.2	0.00848371	0.01341192	
1020.4	0.013356	0.02642792	
1020.6	0.01964825	0.03905967	
1020.8	0.02684583	0.05131852	
1021	0.0347721	0.06321549	
1021.2	0.04377842	0.07476124	
1021.4	0.05328038	0.08596616	
1021.6	0.06349423	0.0968403	
1021.8	0.07400478	0.10739343	
1022	0.08480581	0.11763502	
1022.2	0.09548836	0.12757427	
1022.4	0.10593102	0.13722011	
1022.6	0.11621792	0.1465812	
1022.8	0.12665989	0.15566594	
1023	0.13700598	0.1644825	
1023.2	0.14749519	0.17303878	
1023.4	0.1579189	0.18134247	
1023.6	0.16795584	0.18940104	
1023.8	0.17770226	0.19722171	
1024	0.18746225	0.2048115	
1024.2	0.19721944	0.21217724	
1024.4	0.20580426	0.21932554	
1024.6	0.2146195	0.22626282	
1024.8	0.22249374	0.2329953	
1025	0.22986728	0.23952904	
1025.2	0.23734647	0.24586989	
1025.4	0.24429683	0.25202356	
1025.6	0.25072142	0.25799557	
1025.8	0.25680562	0.26379128	
1026	0.26271999	0.26941589	
1026.2	0.26805913	0.27487447	
1026.4	0.27314174	0.2801719	
1026.6	0.27771983	0.28531295	
1026.8	0.28200002	0.29030223	
1027	0.28583171	0.29514422	
1027.2	0.28948452	0.29984328	
1027.4	0.29306133	0.30440361	
1027.6	0.29589416	0.30882933	
1027.8	0.29894879	0.31312439	
1028	0.30165474	0.31729265	
1028.2	0.30390714	0.32133787	
1028.4	0.3062722	0.32526367	
1028.6	0.30842693	0.32907358	
1028.8	0.31006102	0.33277101	
1029	0.31214414	0.3363593	
1029.2	0.3144307	0.33984166	
1029.4	0.31624609	0.34322121	
1029.6	0.31796924	0.346501	
1029.8	0.31960532	0.34968397	
1030	0.32134079	0.35277297	
1030.2	0.32295544	0.35577078	
1030.4	0.32452492	0.3586801	
1030.6	0.32593217	0.36150353	
1030.8	0.32686957	0.36424361	
1031	0.32828203	0.3669028	
1031.2	0.32970633	0.36948349	
1031.4	0.33102964	0.371988	
1031.6	0.33189663	0.37441857	
1031.8	0.33302395	0.37677739	
1032	0.33417901	0.37906657	
1032.2	0.3353273	0.38128818	
1032.4	0.33658853	0.38344421	
1032.6	0.33737341	0.38553658	
1032.8	0.33850405	0.38756719	
1033	0.33961502	0.38953785	
1033.2	0.34073764	0.39145034	
1033.4	0.34123247	0.39330637	
1033.6	0.34198034	0.39510761	
1033.8	0.34242235	0.39685567	
1034	0.34310702	0.39855213	
1034.2	0.34372153	0.40019851	
1034.4	0.34412634	0.40179629	
1034.6	0.34494038	0.4033469	
1034.8	0.34565804	0.40485173	
1035	0.34670277	0.40631215	
1035.2	0.34734339	0.40772944	
1035.4	0.34818427	0.4091049	
1035.6	0.34912809	0.41043976	
1035.8	0.35013326	0.41173521	
1036	0.35110139	0.41299241	
1036.2	0.35202265	0.4142125	
1036.4	0.35305247	0.41539658	
1036.6	0.35410941	0.4165457	
1036.8	0.35481431	0.41766089	
1037	0.35526358	0.41874317	
1037.2	0.35561333	0.4197935	
1037.4	0.35559229	0.42081282	
1037.6	0.35596589	0.42180204	
1037.8	0.35642652	0.42276207	
1038	0.35706989	0.42369375	
1038.2	0.35788058	0.42459794	
1038.4	0.35856053	0.42547542	
1038.6	0.35915513	0.42632701	
1038.8	0.35951526	0.42715345	
1039	0.36004666	0.4279555	
1039.2	0.36109691	0.42873387	
1039.4	0.36186911	0.42948927	
1039.6	0.36288219	0.43022236	
1039.8	0.36386712	0.43093381	
1040	0.36437584	0.43162426	
1040.2	0.36548552	0.43229433	
1040.4	0.36669581	0.43294461	
1040.6	0.36742554	0.4335757	
1040.8	0.36801734	0.43418816	
1041	0.36835824	0.43478254	
1041.2	0.36869643	0.43535937	
1041.4	0.36930651	0.43591918	
1041.6	0.36987711	0.43646245	
1041.8	0.37095601	0.43698969	
1042	0.37176963	0.43750137	
1042.2	0.37233383	0.43799794	
1042.4	0.37298366	0.43847985	
1042.6	0.37348977	0.43894754	
1042.8	0.37421803	0.43940141	
1043	0.37473014	0.43984189	
1043.2	0.37527885	0.44026937	
1043.4	0.37534023	0.44068423	
1043.6	0.37579699	0.44108684	
1043.8	0.37660906	0.44147756	
1044	0.37741439	0.44185675	
1044.2	0.37820114	0.44222475	
1044.4	0.37919155	0.44258188	
1044.6	0.37939986	0.44292847	
1044.8	0.37965736	0.44326483	
1045	0.37976421	0.44359126	
1045.2	0.38037868	0.44390805	
1045.4	0.38083436	0.44421549	
1045.6	0.38135596	0.44451386	
1045.8	0.38211929	0.44480341	
1046	0.38254327	0.44508442	
1046.2	0.38324438	0.44535714	
1046.4	0.38403903	0.4456218	
1046.6	0.38453849	0.44587865	
1046.8	0.38486783	0.44612792	
1047	0.38502598	0.44636982	
1047.2	0.38503393	0.44660459	
1047.4	0.38544082	0.44683243	
1047.6	0.38611764	0.44705354	
1047.8	0.38717775	0.44726812	
1048	0.38800167	0.44747637	
1048.2	0.38837473	0.44767847	
1048.4	0.38925701	0.44787461	
1048.6	0.38987115	0.44806495	
1048.8	0.39092316	0.44824968	
1049	0.39161558	0.44842895	
1049.2	0.39214481	0.44860293	
1049.4	0.39278502	0.44877178	
1049.6	0.39335909	0.44893564	
1049.8	0.39365403	0.44909466	
1050	0.39400814	0.44924899	
1050.2	0.39475351	0.44939876	
1050.4	0.39544739	0.44954411	
1050.6	0.39586851	0.44968517	
1050.8	0.39628619	0.44982207	
1051	0.39655527	0.44995492	
1051.2	0.39697381	0.45008385	
1051.4	0.39770646	0.45020898	
1051.6	0.39835713	0.45033041	
1051.8	0.3989484	0.45044826	
1052	0.39988635	0.45056263	
1052.2	0.40095878	0.45067362	
1052.4	0.40159458	0.45078134	
1052.6	0.40252808	0.45088587	
1052.8	0.40304953	0.45098732	
1053	0.40303328	0.45108578	
1053.2	0.40308559	0.45118133	
1053.4	0.40345796	0.45127406	
1053.6	0.4034493	0.45136405	
1053.8	0.40319572	0.45145138	
1054	0.40366574	0.45153614	
1054.2	0.40418241	0.45161839	
1054.4	0.40446495	0.45169822	
1054.6	0.40470728	0.45177569	
1054.8	0.40514693	0.45185087	
1055	0.40558594	0.45192383	
1055.2	0.40626954	0.45199464	
1055.4	0.4065127	0.45206336	
1055.6	0.4070294	0.45213005	
1055.8	0.40792876	0.45219477	
1056	0.40919025	0.45225758	
1056.2	0.41028227	0.45231854	
1056.4	0.41062235	0.4523777	
1056.6	0.41167899	0.45243511	
1056.8	0.41239595	0.45249082	
1057	0.41310982	0.45254489	
1057.2	0.41393154	0.45259737	
1057.4	0.41460652	0.45264829	
1057.6	0.41532306	0.45269772	
1057.8	0.41594428	0.45274568	
1058	0.41698658	0.45279223	
1058.2	0.41775762	0.4528374	
1058.4	0.41842917	0.45288124	
1058.6	0.41890238	0.45292379	
1058.8	0.41929056	0.45296508	
1059	0.41952664	0.45300515	
1059.2	0.42002105	0.45304403	
1059.4	0.42032093	0.45308177	
1059.6	0.42073217	0.4531184	
1059.8	0.42116948	0.45315394	
1060	0.42167412	0.45318844	
1060.2	0.42197997	0.45322192	
1060.4	0.42218156	0.4532544	
1060.6	0.42273203	0.45328593	
1060.8	0.42336577	0.45331653	
1061	0.42404114	0.45334623	
1061.2	0.42442074	0.45337505	
1061.4	0.42514123	0.45340302	
1061.6	0.42557392	0.45343016	
1061.8	0.42617022	0.4534565	
1062	0.42665714	0.45348206	
1062.2	0.42754727	0.45350687	
1062.4	0.42811597	0.45353095	
1062.6	0.4280387	0.45355431	
1062.8	0.42857774	0.45357699	
1063	0.42888741	0.453599	
1063.2	0.42932096	0.45362035	
1063.4	0.42969417	0.45364108	
1063.6	0.43000829	0.45366119	
1063.8	0.43014464	0.45368072	
1064	0.43025754	0.45369966	
1064.2	0.43059782	0.45371805	
1064.4	0.43135131	0.45373589	
1064.6	0.43215921	0.4537532	
1064.8	0.43322347	0.45377001	
1065	0.43389076	0.45378632	
1065.2	0.43468663	0.45380214	
1065.4	0.43533307	0.4538175	
1065.6	0.43574563	0.45383241	
1065.8	0.43630186	0.45384688	
1066	0.43666102	0.45386092	
1066.2	0.43730864	0.45387454	
1066.4	0.43794408	0.45388776	
1066.6	0.43806952	0.4539006	
1066.8	0.43870766	0.45391305	
1067	0.43886645	0.45392514	
1067.2	0.43910986	0.45393686	
1067.4	0.43928943	0.45394825	
1067.6	0.4397936	0.45395929	
1067.8	0.43988742	0.45397001	
1068	0.44001581	0.45398042	
1068.2	0.44077747	0.45399052	
1068.4	0.44135667	0.45400032	
1068.6	0.44201323	0.45400982	
1068.8	0.4425445	0.45401905	
1069	0.44267836	0.45402801	
1069.2	0.4435537	0.4540367	
1069.4	0.44378464	0.45404514	
1069.6	0.44433987	0.45405332	
1069.8	0.44451748	0.45406127	
1070	0.44475086	0.45406898	
1070.2	0.4451235	0.45407646	
1070.4	0.44621276	0.45408372	
1070.6	0.44613005	0.45409077	
1070.8	0.44637133	0.45409761	
1071	0.44642609	0.45410425	
1071.2	0.44682791	0.45411069	
1071.4	0.44725921	0.45411694	
1071.6	0.4479523	0.45412301	
1071.8	0.44813664	0.4541289	
1072	0.44837919	0.45413461	
1072.2	0.44904142	0.45414016	
1072.4	0.44945009	0.45414554	
1072.6	0.44988467	0.45415076	
1072.8	0.45014533	0.45415583	
1073	0.45089995	0.45416075	
1073.2	0.4519529	0.45416552	
1073.4	0.4522298	0.45417015	
1073.6	0.4527711	0.45417465	
1073.8	0.45326716	0.45417901	
1074	0.45386074	0.45418325	
1074.2	0.45475286	0.45418736	
1074.4	0.45551033	0.45419134	
1074.6	0.45583561	0.45419522	
1074.8	0.45630337	0.45419897	
1075	0.45695606	0.45420262	
1075.2	0.45777933	0.45420615	
1075.4	0.45817951	0.45420959	
1075.6	0.45865382	0.45421292	
1075.8	0.45930626	0.45421615	
1076	0.45976401	0.45421929	
1076.2	0.46035344	0.45422234	
1076.4	0.46029392	0.45422529	
1076.6	0.46012965	0.45422816	
1076.8	0.4602095	0.45423094	
1077	0.46068535	0.45423365	
1077.2	0.46067144	0.45423627	
1077.4	0.46066759	0.45423881	
1077.6	0.4613149	0.45424128	
1077.8	0.46132168	0.45424368	
1078	0.46203354	0.454246	
1078.2	0.46231747	0.45424826	
1078.4	0.46249323	0.45425045	
1078.6	0.46325171	0.45425257	
1078.8	0.46386264	0.45425464	
1079	0.4644541	0.45425664	
1079.2	0.46475671	0.45425858	
1079.4	0.46519404	0.45426047	
1079.6	0.46611109	0.4542623	
1079.8	0.46704466	0.45426407	
1080	0.46758695	0.4542658	
1080.2	0.46818294	0.45426747	
1080.4	0.46810961	0.45426909	
1080.6	0.46885449	0.45427067	
1080.8	0.46958455	0.4542722	
1081	0.47026396	0.45427368	
1081.2	0.47077165	0.45427512	
1081.4	0.47109495	0.45427652	
1081.6	0.47172491	0.45427787	
1081.8	0.47179178	0.45427919	
1082	0.47236196	0.45428047	
1082.2	0.47228001	0.45428171	
1082.4	0.47267737	0.45428291	
1082.6	0.47306476	0.45428408	
1082.8	0.47327962	0.45428521	
1083	0.47343066	0.45428631	
1083.2	0.47409285	0.45428738	
1083.4	0.47479905	0.45428841	
1083.6	0.47546667	0.45428942	
1083.8	0.47570562	0.45429039	
1084	0.4759906	0.45429134	
1084.2	0.47623043	0.45429226	
1084.4	0.47661741	0.45429315	
1084.6	0.47750927	0.45429401	
1084.8	0.47783111	0.45429485	
1085	0.47835149	0.45429567	
1085.2	0.47911318	0.45429646	
1085.4	0.47937934	0.45429723	
1085.6	0.47986087	0.45429797	
1085.8	0.48043051	0.45429869	
1086	0.48032242	0.45429939	
1086.2	0.48062579	0.45430008	
1086.4	0.48113877	0.45430074	
1086.6	0.48119013	0.45430138	
1086.8	0.48142844	0.454302	
1087	0.48217912	0.4543026	
1087.2	0.48299608	0.45430319	
1087.4	0.48354624	0.45430376	
1087.6	0.48413827	0.45430431	
1087.8	0.48438952	0.45430484	
1088	0.48505584	0.45430536	
1088.2	0.48554374	0.45430587	
1088.4	0.48599244	0.45430636	
1088.6	0.48648019	0.45430683	
1088.8	0.48697638	0.45430729	
1089	0.48750383	0.45430774	
1089.2	0.48821666	0.45430818	
1089.4	0.48825147	0.4543086	
1089.6	0.48830127	0.45430901	
1089.8	0.48841764	0.4543094	
1090	0.48826958	0.45430979	
1090.2	0.48849272	0.45431016	
1090.4	0.48861095	0.45431053	
1090.6	0.48853862	0.45431088	
1090.8	0.48882133	0.45431122	
1091	0.48989216	0.45431155	
1091.2	0.49074896	0.45431187	
1091.4	0.49123411	0.45431219	
1091.6	0.49187953	0.45431249	
1091.8	0.4921068	0.45431278	
1092	0.49284542	0.45431307	
1092.2	0.49302724	0.45431335	
1092.4	0.49317511	0.45431361	
1092.6	0.49371583	0.45431388	
1092.8	0.49403732	0.45431413	
1093	0.49431603	0.45431437	
1093.2	0.49448356	0.45431461	
1093.4	0.49445414	0.45431484	
1093.6	0.49439769	0.45431507	
1093.8	0.49487856	0.45431529	
1094	0.49547026	0.4543155	
1094.2	0.4953942	0.4543157	
1094.4	0.49609444	0.4543159	
1094.6	0.49677238	0.4543161	
1094.8	0.4972286	0.45431628	
1095	0.49778708	0.45431647	
1095.2	0.49823919	0.45431664	
1095.4	0.49845255	0.45431681	
1095.6	0.49898091	0.45431698	
1095.8	0.49962525	0.45431714	
1096	0.50027656	0.4543173	
1096.2	0.50023307	0.45431745	
1096.4	0.5007799	0.4543176	
1096.6	0.50132181	0.45431774	
1096.8	0.50185545	0.45431788	
1097	0.50227347	0.45431802	
1097.2	0.5024332	0.45431815	
1097.4	0.50328478	0.45431827	
1097.6	0.50379262	0.4543184	
1097.8	0.50444111	0.45431852	
1098	0.50495818	0.45431863	
1098.2	0.50501194	0.45431875	
1098.4	0.50596808	0.45431886	
1098.6	0.50623198	0.45431896	
1098.8	0.50628103	0.45431906	
1099	0.50710872	0.45431916	
1099.2	0.50745458	0.45431926	
1099.4	0.50785733	0.45431936	
1099.6	0.50843657	0.45431945	
1099.8	0.50891636	0.45431954	
1100	0.50912875	0.45431962	
1100.2	0.50916496	0.45431971	
1100.4	0.50931964	0.45431979	
1100.6	0.50948318	0.45431987	
1100.8	0.51035095	0.45431994	
1101	0.51049369	0.45432002	
1101.2	0.51059111	0.45432009	
1101.4	0.51095833	0.45432016	
1101.6	0.51123713	0.45432023	
1101.8	0.51126936	0.45432029	
1102	0.51195934	0.45432036	
1102.2	0.51228519	0.45432042	
1102.4	0.51265451	0.45432048	
1102.6	0.51280835	0.45432054	
1102.8	0.51359348	0.45432059	
1103	0.51411727	0.45432065	
1103.2	0.51405066	0.4543207	
1103.4	0.51436253	0.45432075	
1103.6	0.51418026	0.4543208	
1103.8	0.51443759	0.45432085	
1104	0.51447864	0.4543209	
1104.2	0.51461167	0.45432094	
1104.4	0.5147111	0.45432099	
1104.6	0.51518973	0.45432103	
1104.8	0.51584431	0.45432107	
1105	0.51592014	0.45432111	
1105.2	0.51616827	0.45432115	
1105.4	0.51634689	0.45432119	
1105.6	0.51684223	0.45432123	
1105.8	0.51695599	0.45432127	
1106	0.51779057	0.4543213	
1106.2	0.51822229	0.45432133	
1106.4	0.51844879	0.45432137	
1106.6	0.51925319	0.4543214	
1106.8	0.52007714	0.45432143	
1107	0.52011466	0.45432146	
1107.2	0.52047756	0.45432149	
1107.4	0.52090938	0.45432152	
1107.6	0.52109911	0.45432155	
1107.8	0.52193426	0.45432157	
1108	0.52225257	0.4543216	
1108.2	0.52267777	0.45432162	
1108.4	0.52314968	0.45432165	
1108.6	0.52343371	0.45432167	
1108.8	0.52415171	0.4543217	
1109	0.52455918	0.45432172	
1109.2	0.52480425	0.45432174	
1109.4	0.52470247	0.45432176	
1109.6	0.5247692	0.45432178	
1109.8	0.52524621	0.4543218	
1110	0.52573801	0.45432182	
1110.2	0.52616358	0.45432184	
1110.4	0.52640778	0.45432186	
1110.6	0.52701718	0.45432187	
1110.8	0.52695957	0.45432189	
1111	0.5270628	0.45432191	
1111.2	0.52737308	0.45432192	
1111.4	0.527568	0.45432194	
1111.6	0.52774493	0.45432196	
1111.8	0.52809353	0.45432197	
1112	0.52851975	0.45432198	
1112.2	0.52864437	0.454322	
1112.4	0.5292548	0.45432201	
1112.6	0.52940077	0.45432202	
1112.8	0.53000608	0.45432204	
1113	0.5299623	0.45432205	
1113.2	0.53044196	0.45432206	
1113.4	0.5312106	0.45432207	
1113.6	0.53221552	0.45432208	
1113.8	0.53323611	0.45432209	
1114	0.53394981	0.45432211	
1114.2	0.5342689	0.45432212	
1114.4	0.53443066	0.45432213	
1114.6	0.53494722	0.45432214	
1114.8	0.53527916	0.45432214	
1115	0.53590335	0.45432215	
1115.2	0.53631296	0.45432216	
1115.4	0.53632125	0.45432217	
1115.6	0.53669883	0.45432218	
1115.8	0.53702569	0.45432219	
1116	0.53706195	0.4543222	
1116.2	0.53682071	0.4543222	
1116.4	0.53680534	0.45432221	
1116.6	0.53705093	0.45432222	
1116.8	0.5372075	0.45432222	
1117	0.53742629	0.45432223	
1117.2	0.53788231	0.45432224	
1117.4	0.53862497	0.45432224	
1117.6	0.53882356	0.45432225	
1117.8	0.53885831	0.45432226	
1118	0.53915479	0.45432226	
1118.2	0.53894001	0.45432227	
1118.4	0.53925263	0.45432227	
1118.6	0.53994178	0.45432228	
1118.8	0.54038695	0.45432228	
1119	0.54065434	0.45432229	
1119.2	0.54080247	0.45432229	
1119.4	0.54078587	0.4543223	
1119.6	0.54127505	0.4543223	
1119.8	0.54190168	0.45432231	
1120	0.54203099	0.45432231	
1120.2	0.5425894	0.45432232	
1120.4	0.54330945	0.45432232	
1120.6	0.5442698	0.45432232	
1120.8	0.54447047	0.45432233	
1121	0.54486777	0.45432233	
1121.2	0.54515792	0.45432233	
1121.4	0.54571968	0.45432234	
1121.6	0.54589001	0.45432234	
1121.8	0.54603501	0.45432234	
1122	0.54625996	0.45432235	
1122.2	0.54624962	0.45432235	
1122.4	0.54685061	0.45432235	
1122.6	0.54715222	0.45432236	
1122.8	0.54735119	0.45432236	
1123	0.54738586	0.45432236	
1123.2	0.54768217	0.45432237	
1123.4	0.54806849	0.45432237	
1123.6	0.5486775	0.45432237	
1123.8	0.54942604	0.45432237	
1124	0.55016313	0.45432238	
1124.2	0.55069774	0.45432238	
1124.4	0.55108978	0.45432238	
1124.6	0.55153305	0.45432238	
1124.8	0.551805	0.45432238	
1125	0.5520321	0.45432239	
1125.2	0.55246676	0.45432239	
1125.4	0.55253753	0.45432239	
1125.6	0.55279517	0.45432239	
1125.8	0.5527691	0.45432239	
1126	0.55269545	0.4543224	
1126.2	0.55269564	0.4543224	
1126.4	0.55293026	0.4543224	
1126.6	0.55268634	0.4543224	
1126.8	0.55264827	0.4543224	
1127	0.55276597	0.4543224	
1127.2	0.55294515	0.4543224	
1127.4	0.55289621	0.45432241	
1127.6	0.55302881	0.45432241	
1127.8	0.55348188	0.45432241	
1128	0.55392345	0.45432241	
1128.2	0.55388508	0.45432241	
1128.4	0.55399634	0.45432241	
1128.6	0.55473124	0.45432241	
1128.8	0.55515607	0.45432242	
1129	0.5557688	0.45432242	
1129.2	0.55617782	0.45432242	
1129.4	0.55659098	0.45432242	
1129.6	0.55699419	0.45432242	
1129.8	0.55735115	0.45432242	
1130	0.55765054	0.45432242	
1130.2	0.55836749	0.45432242	
1130.4	0.55904755	0.45432242	
1130.6	0.55956163	0.45432242	
1130.8	0.56023083	0.45432242	
1131	0.56056602	0.45432243	
1131.2	0.56097422	0.45432243	
1131.4	0.56130398	0.45432243	
1131.6	0.56193945	0.45432243	
1131.8	0.56260828	0.45432243	
1132	0.56301674	0.45432243	
1132.2	0.562926	0.45432243	
1132.4	0.56300016	0.45432243	
1132.6	0.563565	0.45432243	
1132.8	0.5640094	0.45432243	
1133	0.56419955	0.45432243	
1133.2	0.56446965	0.45432243	
1133.4	0.56468491	0.45432243	
1133.6	0.56486672	0.45432243	
1133.8	0.56560606	0.45432244	
1134	0.56597143	0.45432244	
1134.2	0.56656122	0.45432244	
1134.4	0.56675774	0.45432244	
1134.6	0.56682913	0.45432244	
1134.8	0.56743911	0.45432244	
1135	0.56744885	0.45432244	
1135.2	0.56769378	0.45432244	
1135.4	0.56759399	0.45432244	
1135.6	0.56743054	0.45432244	
1135.8	0.5674344	0.45432244	
1136	0.56756192	0.45432244	
1136.2	0.56750642	0.45432244	
1136.4	0.56821583	0.45432244	
1136.6	0.56864771	0.45432244	
1136.8	0.56950088	0.45432244	
1137	0.56971923	0.45432244	
1137.2	0.57049923	0.45432244	
1137.4	0.57096348	0.45432244	
1137.6	0.57182004	0.45432244	
1137.8	0.57234058	0.45432244	
1138	0.57260732	0.45432244	
1138.2	0.57290509	0.45432244	
1138.4	0.57304971	0.45432244	
1138.6	0.57322161	0.45432244	
1138.8	0.57352577	0.45432244	
1139	0.57323993	0.45432244	
1139.2	0.57304774	0.45432244	
1139.4	0.57288238	0.45432245	
1139.6	0.57280107	0.45432245	
1139.8	0.57313665	0.45432245	
1140	0.59009208	0.45432245	
1140.2	0.58447347	0.45407813	
1140.4	0.5781254	0.45383394	
1140.6	0.57152576	0.45358989	
1140.8	0.56443244	0.45334597	
1141	0.55732368	0.45310218	
1141.2	0.55009497	0.45285852	
1141.4	0.54314871	0.45261499	
1141.6	0.53651686	0.45237159	
1141.8	0.53059929	0.45212832	
1142	0.52562881	0.45188519	
1142.2	0.52183798	0.45164218	
1142.4	0.51832426	0.45139931	
1142.6	0.51500569	0.45115656	
1142.8	0.51183112	0.45091395	
1143	0.50869491	0.45067146	
1143.2	0.50548813	0.45042911	
1143.4	0.50266393	0.45018689	
1143.6	0.50007546	0.4499448	
1143.8	0.4975291	0.44970283	
1144	0.495073	0.449461	
1144.2	0.49287923	0.4492193	
1144.4	0.49084585	0.44897773	
1144.6	0.48908603	0.44873628	
1144.8	0.48748953	0.44849497	
1145	0.48634553	0.44825379	
1145.2	0.48494924	0.44801274	
1145.4	0.48364456	0.44777181	
1145.6	0.48211962	0.44753102	
1145.8	0.48082453	0.44729036	
1146	0.47966493	0.44704982	
1146.2	0.4784996	0.44680942	
1146.4	0.47709986	0.44656914	
1146.6	0.47573426	0.44632899	
1146.8	0.47420634	0.44608897	
1147	0.47262252	0.44584909	
1147.2	0.47127278	0.44560933	
1147.4	0.46995459	0.4453697	
1147.6	0.46891234	0.44513019	
1147.8	0.4680205	0.44489082	
1148	0.46701462	0.44465158	
1148.2	0.46586722	0.44441246	
1148.4	0.46512418	0.44417347	
1148.6	0.46465424	0.44393461	
1148.8	0.464272	0.44369588	
1149	0.46391266	0.44345728	
1149.2	0.46356356	0.44321881	
1149.4	0.46292206	0.44298046	
1149.6	0.46189735	0.44274225	
1149.8	0.46116055	0.44250416	
1150	0.46070153	0.4422662	
1150.2	0.45963649	0.44202836	
1150.4	0.4586869	0.44179066	
1150.6	0.45802022	0.44155308	
1150.8	0.45698377	0.44131563	
1151	0.45616728	0.44107831	
1151.2	0.45527539	0.44084111	
1151.4	0.45441201	0.44060405	
1151.6	0.45386538	0.44036711	
1151.8	0.4529826	0.4401303	
1152	0.45229653	0.43989361	
1152.2	0.45144082	0.43965706	
1152.4	0.451342	0.43942063	
1152.6	0.45118867	0.43918432	
1152.8	0.45072993	0.43894815	
1153	0.45041088	0.4387121	
1153.2	0.4499617	0.43847618	
1153.4	0.4493548	0.43824038	
1153.6	0.44862711	0.43800471	
1153.8	0.44802907	0.43776917	
1154	0.44752794	0.43753376	
1154.2	0.44679532	0.43729847	
1154.4	0.44633769	0.43706331	
1154.6	0.44625194	0.43682827	
1154.8	0.44522918	0.43659336	
1155	0.44402523	0.43635858	
1155.2	0.44280406	0.43612393	
1155.4	0.44202708	0.4358894	
1155.6	0.44121572	0.43565499	
1155.8	0.44006572	0.43542071	
1156	0.43953976	0.43518656	
1156.2	0.43881816	0.43495254	
1156.4	0.43835771	0.43471864	
1156.6	0.43803193	0.43448486	
1156.8	0.43763579	0.43425121	
1157	0.43747809	0.43401769	
1157.2	0.43753271	0.43378429	
1157.4	0.43750183	0.43355102	
1157.6	0.43680767	0.43331788	
1157.8	0.43608772	0.43308485	
1158	0.43617578	0.43285196	
1158.2	0.43586134	0.43261919	
1158.4	0.43545724	0.43238654	
1158.6	0.43531296	0.43215402	
1158.8	0.43437415	0.43192163	
1159	0.43322786	0.43168936	
1159.2	0.43269299	0.43145721	
1159.4	0.43197563	0.43122519	
1159.6	0.43115169	0.4309933	
1159.8	0.43031177	0.43076153	
1160	0.42979049	0.43052988	
1160.2	0.42960779	0.43029836	
1160.4	0.42919566	0.43006696	
1160.6	0.42935999	0.42983569	
1160.8	0.42934996	0.42960454	
1161	0.4290858	0.42937352	
1161.2	0.4289465	0.42914262	
1161.4	0.42844796	0.42891184	
1161.6	0.42764371	0.42868119	
1161.8	0.42745422	0.42845066	
1162	0.4275192	0.42822026	
1162.2	0.42692346	0.42798998	
1162.4	0.42633789	0.42775982	
1162.6	0.42548673	0.42752979	
1162.8	0.42451694	0.42729988	
1163	0.42345508	0.4270701	
1163.2	0.4230551	0.42684044	
1163.4	0.42259802	0.4266109	
1163.6	0.42202865	0.42638148	
1163.8	0.42174441	0.42615219	
1164	0.42131326	0.42592303	
1164.2	0.42116952	0.42569398	
1164.4	0.42075259	0.42546506	
1164.6	0.4205367	0.42523626	
1164.8	0.42037959	0.42500759	
1165	0.41990403	0.42477904	
1165.2	0.41956401	0.42455061	
1165.4	0.41935203	0.4243223	
1165.6	0.41916601	0.42409412	
1165.8	0.41912496	0.42386606	
1166	0.41864956	0.42363812	
1166.2	0.41794461	0.4234103	
1166.4	0.41696821	0.42318261	
1166.6	0.41617984	0.42295504	
1166.8	0.41554913	0.42272759	
1167	0.41538228	0.42250026	
1167.2	0.41525436	0.42227306	
1167.4	0.41492343	0.42204598	
1167.6	0.41469069	0.42181902	
1167.8	0.41434245	0.42159218	
1168	0.41355308	0.42136547	
1168.2	0.41322119	0.42113887	
1168.4	0.41282389	0.4209124	
1168.6	0.412707	0.42068605	
1168.8	0.41235109	0.42045982	
1169	0.41160545	0.42023372	
1169.2	0.41101458	0.42000773	
1169.4	0.41062467	0.41978187	
1169.6	0.41031153	0.41955613	
1169.8	0.40985753	0.41933051	
1170	0.40935378	0.41910501	
1170.2	0.40905624	0.41887963	
1170.4	0.40860103	0.41865437	
1170.6	0.40818765	0.41842924	
1170.8	0.40792396	0.41820422	
1171	0.40797716	0.41797933	
1171.2	0.40754087	0.41775456	
1171.4	0.40713905	0.41752991	
1171.6	0.4065681	0.41730537	
1171.8	0.40595446	0.41708096	
1172	0.40543741	0.41685668	
1172.2	0.40522335	0.41663251	
1172.4	0.40513677	0.41640846	
1172.6	0.40495185	0.41618453	
1172.8	0.40429102	0.41596072	
1173	0.40393483	0.41573704	
1173.2	0.40351816	0.41551347	
1173.4	0.40318865	0.41529002	
1173.6	0.40297705	0.4150667	
1173.8	0.40261207	0.41484349	
1174	0.40263356	0.4146204	
1174.2	0.40221311	0.41439744	
1174.4	0.40169301	0.41417459	
1174.6	0.40120386	0.41395187	
1174.8	0.40093653	0.41372926	
1175	0.40030055	0.41350677	
1175.2	0.39954258	0.4132844	
1175.4	0.39908926	0.41306216	
1175.6	0.39830844	0.41284003	
1175.8	0.39765361	0.41261802	
1176	0.39734491	0.41239613	
1176.2	0.39708682	0.41217436	
1176.4	0.39723533	0.41195271	
1176.6	0.39677225	0.41173118	
1176.8	0.39653395	0.41150977	
1177	0.39635773	0.41128847	
1177.2	0.39594845	0.4110673	
1177.4	0.39557469	0.41084624	
1177.6	0.39536029	0.41062531	
1177.8	0.39492134	0.41040449	
1178	0.39496519	0.41018379	
1178.2	0.39415086	0.40996321	
1178.4	0.39388309	0.40974275	
1178.6	0.39346996	0.4095224	
1178.8	0.39294067	0.40930218	
1179	0.39217645	0.40908207	
1179.2	0.3920487	0.40886208	
1179.4	0.39139919	0.40864221	
1179.6	0.39054513	0.40842246	
1179.8	0.39066997	0.40820283	
1180	0.39095802	0.40798331	
1180.2	0.39075179	0.40776392	
1180.4	0.39068928	0.40754464	
1180.6	0.39022623	0.40732548	
1180.8	0.39009356	0.40710643	
1181	0.38989002	0.40688751	
1181.2	0.38943534	0.4066687	
1181.4	0.38928984	0.40645001	
1181.6	0.38905118	0.40623144	
1181.8	0.38860329	0.40601298	
1182	0.38840896	0.40579465	
1182.2	0.38782753	0.40557643	
1182.4	0.38772478	0.40535832	
1182.6	0.38717592	0.40514034	
1182.8	0.38659809	0.40492247	
1183	0.38626393	0.40470472	
1183.2	0.38642175	0.40448708	
1183.4	0.38584015	0.40426957	
1183.6	0.38620239	0.40405217	
1183.8	0.38662963	0.40383488	
1184	0.38617023	0.40361772	
1184.2	0.38586878	0.40340067	
1184.4	0.38567163	0.40318374	
1184.6	0.38522047	0.40296692	
1184.8	0.38469428	0.40275022	
1185	0.3840793	0.40253364	
1185.2	0.38356195	0.40231717	
1185.4	0.38277431	0.40210082	
1185.6	0.38194218	0.40188459	
1185.8	0.3814572	0.40166847	
1186	0.38086842	0.40145247	
1186.2	0.38049276	0.40123658	
1186.4	0.3799812	0.40102082	
1186.6	0.37914501	0.40080516	
1186.8	0.37872916	0.40058963	
1187	0.37882174	0.4003742	
1187.2	0.37885926	0.4001589	
1187.4	0.37865685	0.39994371	
1187.6	0.37881866	0.39972864	
1187.8	0.37905024	0.39951368	
1188	0.37898869	0.39929884	
1188.2	0.37913704	0.39908411	
1188.4	0.379101	0.3988695	
1188.6	0.37884595	0.398655	
1188.8	0.37877939	0.39844062	
1189	0.37856676	0.39822636	
1189.2	0.37848684	0.39801221	
1189.4	0.37783733	0.39779817	
1189.6	0.37784756	0.39758425	
1189.8	0.37739459	0.39737045	
1190	0.37660108	0.39715676	
1190.2	0.37625171	0.39694318	
1190.4	0.3756588	0.39672972	
1190.6	0.37513316	0.39651638	
1190.8	0.37488068	0.39630314	
1191	0.37458263	0.39609003	
1191.2	0.37387113	0.39587703	
1191.4	0.37332767	0.39566414	
1191.6	0.3730579	0.39545137	
1191.8	0.37323711	0.39523871	
1192	0.37298344	0.39502617	
1192.2	0.37253382	0.39481374	
1192.4	0.37208359	0.39460142	
1192.6	0.37186968	0.39438922	
1192.8	0.37187061	0.39417714	
1193	0.37149489	0.39396516	
1193.2	0.37182972	0.3937533	
1193.4	0.37140991	0.39354156	
1193.6	0.37122174	0.39332993	
1193.8	0.37040526	0.39311841	
1194	0.3702662	0.39290701	
1194.2	0.37022422	0.39269572	
1194.4	0.37011713	0.39248454	
1194.6	0.36983573	0.39227348	
1194.8	0.36988904	0.39206253	
1195	0.36945273	0.3918517	
1195.2	0.36909779	0.39164097	
1195.4	0.36898679	0.39143036	
1195.6	0.36868976	0.39121987	
1195.8	0.3682208	0.39100949	
1196	0.3677523	0.39079922	
1196.2	0.36724491	0.39058906	
1196.4	0.366686	0.39037902	
1196.6	0.36624128	0.39016909	
1196.8	0.36590176	0.38995927	
1197	0.36537477	0.38974957	
1197.2	0.36521519	0.38953997	
1197.4	0.36462428	0.3893305	
1197.6	0.36396387	0.38912113	
1197.8	0.36381799	0.38891188	
1198	0.36380344	0.38870273	
1198.2	0.36369525	0.38849371	
1198.4	0.36375745	0.38828479	
1198.6	0.36368519	0.38807599	
1198.8	0.36366331	0.38786729	
1199	0.36316087	0.38765871	
1199.2	0.36311174	0.38745025	
1199.4	0.3630929	0.38724189	
1199.6	0.36276463	0.38703365	
1199.8	0.36250489	0.38682552	
1200	0.36210049	0.3866175	
1200.2	0.36172412	0.38640959	
1200.4	0.36109213	0.3862018	
1200.6	0.36067707	0.38599411	
1200.8	0.36048221	0.38578654	
1201	0.36014056	0.38557908	
1201.2	0.35982105	0.38537173	
1201.4	0.35944859	0.38516449	
1201.6	0.35901824	0.38495737	
1201.8	0.35906355	0.38475035	
1202	0.3588928	0.38454345	
1202.2	0.35876579	0.38433666	
1202.4	0.35844278	0.38412998	
1202.6	0.35849605	0.38392341	
1202.8	0.35822081	0.38371695	
1203	0.35807273	0.3835106	
1203.2	0.35796369	0.38330436	
1203.4	0.35795762	0.38309824	
1203.6	0.35776441	0.38289222	
1203.8	0.35723398	0.38268632	
1204	0.35694673	0.38248053	
1204.2	0.35654042	0.38227484	
1204.4	0.35659108	0.38206927	
1204.6	0.35613907	0.38186381	
1204.8	0.35594019	0.38165846	
1205	0.3556476	0.38145322	
1205.2	0.35573065	0.38124809	
1205.4	0.35578538	0.38104307	
1205.6	0.3555247	0.38083816	
1205.8	0.35549309	0.38063336	
1206	0.35525909	0.38042867	
1206.2	0.355151	0.38022409	
1206.4	0.35506619	0.38001962	
1206.6	0.3550878	0.37981526	
1206.8	0.3544774	0.37961101	
1207	0.35405653	0.37940687	
1207.2	0.35361203	0.37920284	
1207.4	0.3534552	0.37899892	
1207.6	0.35299475	0.37879511	
1207.8	0.35258695	0.37859141	
1208	0.35251826	0.37838782	
1208.2	0.35191593	0.37818434	
1208.4	0.35201352	0.37798097	
1208.6	0.35195297	0.3777777	
1208.8	0.35210566	0.37757455	
1209	0.3519941	0.3773715	
1209.2	0.35221347	0.37716857	
1209.4	0.35187805	0.37696574	
1209.6	0.35106691	0.37676303	
1209.8	0.3511023	0.37656042	
1210	0.35034692	0.37635792	
1210.2	0.35056577	0.37615553	
1210.4	0.350303	0.37595325	
1210.6	0.35012313	0.37575108	
1210.8	0.35000223	0.37554901	
1211	0.34979446	0.37534706	
1211.2	0.34936548	0.37514521	
1211.4	0.3489563	0.37494347	
1211.6	0.34861151	0.37474184	
1211.8	0.3481273	0.37454032	
1212	0.3477835	0.37433891	
1212.2	0.34770401	0.3741376	
1212.4	0.34738989	0.37393641	
1212.6	0.34718245	0.37373532	
1212.8	0.34678368	0.37353434	
1213	0.34663252	0.37333347	
1213.2	0.34663625	0.3731327	
1213.4	0.34622884	0.37293205	
1213.6	0.34596433	0.3727315	
1213.8	0.34626726	0.37253106	
1214	0.34601529	0.37233073	
1214.2	0.34623202	0.3721305	
1214.4	0.34608238	0.37193039	
1214.6	0.346436	0.37173038	
1214.8	0.34653108	0.37153048	
1215	0.34600006	0.37133068	
1215.2	0.3454973	0.37113099	
1215.4	0.34488291	0.37093142	
1215.6	0.34457567	0.37073194	
1215.8	0.34387759	0.37053258	
1216	0.34336799	0.37033332	
1216.2	0.34327516	0.37013417	
1216.4	0.34269094	0.36993513	
1216.6	0.34238947	0.36973619	
1216.8	0.34241726	0.36953736	
1217	0.34217544	0.36933864	
1217.2	0.34194283	0.36914002	
1217.4	0.34153585	0.36894152	
1217.6	0.3417316	0.36874311	
1217.8	0.34165359	0.36854482	
1218	0.34122072	0.36834663	
1218.2	0.34073173	0.36814855	
1218.4	0.34021453	0.36795057	
1218.6	0.34048006	0.3677527	
1218.8	0.34022525	0.36755494	
1219	0.3397467	0.36735728	
1219.2	0.33929734	0.36715973	
1219.4	0.33917211	0.36696229	
1219.6	0.33930373	0.36676495	
1219.8	0.33915016	0.36656772	
1220	0.33899132	0.3663706	
1220.2	0.33875877	0.36617358	
1220.4	0.33830697	0.36597666	
1220.6	0.33805058	0.36577986	
1220.8	0.33810036	0.36558315	
1221	0.33786715	0.36538656	
1221.2	0.33763483	0.36519007	
1221.4	0.33750124	0.36499368	
1221.6	0.33780917	0.3647974	
1221.8	0.33728016	0.36460123	
1222	0.33676903	0.36440516	
1222.2	0.33630705	0.3642092	
1222.4	0.33622274	0.36401334	
1222.6	0.33645463	0.36381759	
1222.8	0.33621832	0.36362194	
1223	0.33605951	0.3634264	
1223.2	0.3362207	0.36323097	
1223.4	0.33648871	0.36303564	
1223.6	0.33663296	0.36284041	
1223.8	0.33649568	0.36264529	
1224	0.33627014	0.36245027	
1224.2	0.33567549	0.36225536	
1224.4	0.33533872	0.36206056	
1224.6	0.33516913	0.36186585	
1224.8	0.3347207	0.36167126	
1225	0.33438601	0.36147676	
1225.2	0.33375427	0.36128238	
1225.4	0.33380476	0.36108809	
1225.6	0.33369647	0.36089392	
1225.8	0.33299363	0.36069984	
1226	0.33275139	0.36050587	
1226.2	0.33275312	0.36031201	
1226.4	0.33269122	0.36011824	
1226.6	0.33241815	0.35992459	
1226.8	0.33243231	0.35973103	
1227	0.33248287	0.35953759	
1227.2	0.33224076	0.35934424	
1227.4	0.3318733	0.359151	
1227.6	0.33183871	0.35895786	
1227.8	0.33149352	0.35876483	
1228	0.33130666	0.3585719	
1228.2	0.33081004	0.35837907	
1228.4	0.33047292	0.35818635	
1228.6	0.33009558	0.35799373	
1228.8	0.32962069	0.35780122	
1229	0.32958471	0.35760881	
1229.2	0.32920566	0.3574165	
1229.4	0.32933955	0.3572243	
1229.6	0.3293653	0.3570322	
1229.8	0.32914351	0.3568402	
1230	0.32926318	0.3566483	
1230.2	0.32914742	0.35645651	
1230.4	0.32868141	0.35626482	
1230.6	0.32858945	0.35607324	
1230.8	0.32835995	0.35588176	
1231	0.32847027	0.35569038	
1231.2	0.32815083	0.3554991	
1231.4	0.32850181	0.35530793	
1231.6	0.32856187	0.35511686	
1231.8	0.328067	0.35492589	
1232	0.32790906	0.35473503	
1232.2	0.32757189	0.35454426	
1232.4	0.32754727	0.35435361	
1232.6	0.32736606	0.35416305	
1232.8	0.32708576	0.35397259	
1233	0.32666851	0.35378224	
1233.2	0.32629291	0.35359199	
1233.4	0.32627093	0.35340184	
1233.6	0.32607706	0.3532118	
1233.8	0.32569761	0.35302186	
1234	0.32550443	0.35283201	
1234.2	0.32535334	0.35264228	
1234.4	0.32537795	0.35245264	
1234.6	0.32556675	0.3522631	
1234.8	0.32589237	0.35207367	
1235	0.32615873	0.35188434	
1235.2	0.32588535	0.35169511	
1235.4	0.32619089	0.35150598	
1235.6	0.3255883	0.35131696	
1235.8	0.3250454	0.35112803	
1236	0.32497776	0.35093921	
1236.2	0.32461297	0.35075049	
1236.4	0.32434375	0.35056187	
1236.6	0.32372204	0.35037335	
1236.8	0.32308613	0.35018493	
1237	0.32248103	0.34999662	
1237.2	0.32207221	0.34980841	
1237.4	0.32211732	0.34962029	
1237.6	0.32187364	0.34943228	
1237.8	0.32175926	0.34924437	
1238	0.32156914	0.34905656	
1238.2	0.32137282	0.34886885	
1238.4	0.32123999	0.34868124	
1238.6	0.32111073	0.34849374	
1238.8	0.32118668	0.34830633	
1239	0.32100058	0.34811903	
1239.2	0.32089374	0.34793182	
1239.4	0.32093405	0.34774472	
1239.6	0.32083458	0.34755771	
1239.8	0.32059689	0.34737081	
1240	0.32047033	0.34718401	
1240.2	0.32007358	0.34699731	
1240.4	0.32000492	0.34681071	
1240.6	0.31992326	0.34662421	
1240.8	0.31956456	0.34643781	
1241	0.31956553	0.34625151	
1241.2	0.31945374	0.34606531	
1241.4	0.31974576	0.34587921	
1241.6	0.31951468	0.34569321	
1241.8	0.31958906	0.34550731	
1242	0.31945447	0.34532151	
1242.2	0.31930153	0.34513581	
1242.4	0.31900738	0.34495021	
1242.6	0.31902499	0.3447647	
1242.8	0.31907237	0.3445793	
1243	0.31885715	0.344394	
1243.2	0.31874641	0.3442088	
1243.4	0.31858129	0.3440237	
1243.6	0.31879963	0.3438387	
1243.8	0.3183171	0.3436538	
1244	0.3180929	0.34346899	
1244.2	0.31784211	0.34328429	
1244.4	0.31758013	0.34309968	
1244.6	0.31702965	0.34291518	
1244.8	0.31659663	0.34273077	
1245	0.31646248	0.34254647	
1245.2	0.31613502	0.34236226	
1245.4	0.31601027	0.34217815	
1245.6	0.31599359	0.34199414	
1245.8	0.31609901	0.34181023	
1246	0.31556709	0.34162642	
1246.2	0.3150005	0.3414427	
1246.4	0.314323	0.34125909	
1246.6	0.31417033	0.34107557	
1246.8	0.31395746	0.34089216	
1247	0.31353121	0.34070884	
1247.2	0.31348109	0.34052562	
1247.4	0.31354497	0.3403425	
1247.6	0.31355366	0.34015948	
1247.8	0.31314314	0.33997655	
1248	0.31319144	0.33979373	
1248.2	0.31322222	0.339611	
1248.4	0.31293025	0.33942837	
1248.6	0.31279994	0.33924584	
1248.8	0.31280014	0.33906341	
1249	0.31279034	0.33888107	
1249.2	0.31286518	0.33869884	
1249.4	0.31289684	0.3385167	
1249.6	0.31280964	0.33833466	
1249.8	0.31259671	0.33815271	
1250	0.31217303	0.33797087	
1250.2	0.31189818	0.33778912	
1250.4	0.31154072	0.33760747	
1250.6	0.31090646	0.33742592	
1250.8	0.31081164	0.33724447	
1251	0.31061836	0.33706311	
1251.2	0.31055901	0.33688185	
1251.4	0.31045037	0.33670069	
1251.6	0.3100345	0.33651962	
1251.8	0.3097167	0.33633866	
1252	0.30989393	0.33615779	
1252.2	0.30958347	0.33597702	
1252.4	0.30933292	0.33579634	
1252.6	0.30908365	0.33561576	
1252.8	0.30892805	0.33543528	
1253	0.30887629	0.3352549	
1253.2	0.30874439	0.33507461	
1253.4	0.30834805	0.33489442	
1253.6	0.30815645	0.33471433	
1253.8	0.3079222	0.33453433	
1254	0.30811519	0.33435443	
1254.2	0.30786516	0.33417463	
1254.4	0.30755038	0.33399493	
1254.6	0.30719923	0.33381532	
1254.8	0.30776593	0.33363581	
1255	0.30748156	0.33345639	
1255.2	0.30731837	0.33327707	
1255.4	0.30704124	0.33309785	
1255.6	0.30719331	0.33291872	
1255.8	0.30699517	0.33273969	
1256	0.3069628	0.33256076	
1256.2	0.30635385	0.33238192	
1256.4	0.30638514	0.33220318	
1256.6	0.30611356	0.33202453	
1256.8	0.30613873	0.33184598	
1257	0.30585824	0.33166753	
1257.2	0.30546841	0.33148917	
1257.4	0.30493847	0.33131091	
1257.6	0.30495871	0.33113274	
1257.8	0.30464198	0.33095467	
1258	0.30470108	0.3307767	
1258.2	0.30426936	0.33059882	
1258.4	0.30402253	0.33042104	
1258.6	0.3038696	0.33024335	
1258.8	0.30375883	0.33006576	
1259	0.30361053	0.32988826	
1259.2	0.30354393	0.32971086	
1259.4	0.30299642	0.32953356	
1259.6	0.30305231	0.32935635	
1259.8	0.30277763	0.32917923	
1260	0.30256222	0.32900221	
1260.2	0.30241216	0.32882529	
1260.4	0.3023409	0.32864846	
1260.6	0.30227087	0.32847173	
1260.8	0.30224092	0.32829509	
1261	0.30193882	0.32811854	
1261.2	0.30190357	0.32794209	
1261.4	0.3018898	0.32776574	
1261.6	0.3021244	0.32758948	
1261.8	0.30206415	0.32741332	
1262	0.30201113	0.32723725	
1262.2	0.30167593	0.32706127	
1262.4	0.30166054	0.32688539	
1262.6	0.30178728	0.32670961	
1262.8	0.30159158	0.32653391	
1263	0.30176512	0.32635832	
1263.2	0.30150979	0.32618281	
1263.4	0.30129828	0.32600741	
1263.6	0.30152913	0.32583209	
1263.8	0.30150405	0.32565687	
1264	0.30118175	0.32548175	
1264.2	0.30100462	0.32530672	
1264.4	0.30071129	0.32513178	
1264.6	0.30077892	0.32495694	
1264.8	0.30081811	0.32478219	
1265	0.30068725	0.32460753	
1265.2	0.30059708	0.32443297	
1265.4	0.30063138	0.32425851	
1265.6	0.3002893	0.32408413	
1265.8	0.30020398	0.32390985	
1266	0.29975722	0.32373567	
1266.2	0.29939137	0.32356158	
1266.4	0.29931479	0.32338758	
1266.6	0.29900305	0.32321367	
1266.8	0.29878179	0.32303986	
1267	0.29857525	0.32286614	
1267.2	0.29837849	0.32269252	
1267.4	0.29843584	0.32251899	
1267.6	0.29823666	0.32234555	
1267.8	0.29801988	0.32217221	
1268	0.29732588	0.32199895	
1268.2	0.29722645	0.3218258	
1268.4	0.2967173	0.32165273	
1268.6	0.29643188	0.32147976	
1268.8	0.29656022	0.32130688	
1269	0.29592789	0.32113409	
1269.2	0.2959772	0.3209614	
1269.4	0.2960555	0.3207888	
1269.6	0.2958715	0.32061629	
1269.8	0.29592011	0.32044388	
1270	0.29554244	0.32027156	
1270.2	0.29570757	0.32009933	
1270.4	0.29600554	0.31992719	
1270.6	0.29591209	0.31975515	
1270.8	0.29603406	0.3195832	
1271	0.29592458	0.31941134	
1271.2	0.29585847	0.31923957	
1271.4	0.29576218	0.3190679	
1271.6	0.2956325	0.31889631	
1271.8	0.29530609	0.31872482	
1272	0.29495982	0.31855343	
1272.2	0.29490881	0.31838212	
1272.4	0.29452142	0.31821091	
1272.6	0.2948675	0.31803979	
1272.8	0.29506868	0.31786876	
1273	0.29455079	0.31769782	
1273.2	0.29471644	0.31752698	
1273.4	0.29483795	0.31735622	
1273.6	0.29492405	0.31718556	
1273.8	0.29481658	0.31701499	
1274	0.29508754	0.31684451	
1274.2	0.29529993	0.31667413	
1274.4	0.29504575	0.31650383	
1274.6	0.2948825	0.31633363	
1274.8	0.29470619	0.31616352	
1275	0.29408014	0.3159935	
1275.2	0.29355731	0.31582357	
1275.4	0.29331015	0.31565373	
1275.6	0.29309687	0.31548399	
1275.8	0.29265346	0.31531433	
1276	0.29224685	0.31514477	
1276.2	0.29184681	0.3149753	
1276.4	0.29190204	0.31480592	
1276.6	0.29188302	0.31463663	
1276.8	0.29142067	0.31446743	
1277	0.29079937	0.31429832	
1277.2	0.29103754	0.3141293	
1277.4	0.29075423	0.31396038	
1277.6	0.29048361	0.31379154	
1277.8	0.290285	0.3136228	
1278	0.29011464	0.31345414	
1278.2	0.28983526	0.31328558	
1278.4	0.2900081	0.31311711	
1278.6	0.29044174	0.31294872	
1278.8	0.29018391	0.31278043	
1279	0.29012438	0.31261223	
1279.2	0.29006854	0.31244412	
1279.4	0.2898132	0.3122761	
1279.6	0.28956567	0.31210817	
1279.8	0.2900207	0.31194033	
1280	0.28981079	0.31177258	
1280.2	0.28971532	0.31160493	
1280.4	0.29025797	0.31143736	
1280.6	0.2901441	0.31126988	
1280.8	0.29001023	0.31110249	
1281	0.28968814	0.31093519	
1281.2	0.28966382	0.31076798	
1281.4	0.28884216	0.31060087	
1281.6	0.28871595	0.31043384	
1281.8	0.28895129	0.3102669	
1282	0.28854046	0.31010005	
1282.2	0.28878728	0.30993329	
1282.4	0.28865346	0.30976662	
1282.6	0.28843413	0.30960004	
1282.8	0.28778365	0.30943355	
1283	0.28763969	0.30926715	
1283.2	0.28717409	0.30910084	
1283.4	0.28688142	0.30893461	
1283.6	0.28698164	0.30876848	
1283.8	0.2870181	0.30860244	
1284	0.28658251	0.30843648	
1284.2	0.28666416	0.30827062	
1284.4	0.28726333	0.30810484	
1284.6	0.28669027	0.30793916	
1284.8	0.28629171	0.30777356	
1285	0.28590218	0.30760805	
1285.2	0.28537945	0.30744263	
1285.4	0.28522171	0.3072773	
1285.6	0.2850845	0.30711206	
1285.8	0.28493233	0.30694691	
1286	0.28466993	0.30678184	
1286.2	0.2841995	0.30661687	
1286.4	0.28355952	0.30645198	
1286.6	0.28308148	0.30628719	
1286.8	0.28284289	0.30612248	
1287	0.28320763	0.30595786	
1287.2	0.28286355	0.30579332	
1287.4	0.28265378	0.30562888	
1287.6	0.28285576	0.30546453	
1287.8	0.28269246	0.30530026	
1288	0.28270125	0.30513608	
1288.2	0.28277505	0.30497199	
1288.4	0.28259753	0.30480799	
1288.6	0.28217098	0.30464408	
1288.8	0.28228255	0.30448025	
1289	0.28265441	0.30431651	
1289.2	0.28259864	0.30415286	
1289.4	0.28289398	0.3039893	
1289.6	0.28264559	0.30382583	
1289.8	0.28241442	0.30366245	
1290	0.28223323	0.30349915	
1290.2	0.28165469	0.30333594	
1290.4	0.28154431	0.30317282	
1290.6	0.28149696	0.30300978	
1290.8	0.28211187	0.30284684	
1291	0.28204577	0.30268398	
1291.2	0.28128532	0.30252121	
1291.4	0.28115773	0.30235852	
1291.6	0.2803239	0.30219593	
1291.8	0.27958646	0.30203342	
1292	0.27945379	0.30187099	
1292.2	0.27926508	0.30170866	
1292.4	0.27928653	0.30154641	
1292.6	0.27989062	0.30138425	
1292.8	0.2800134	0.30122218	
1293	0.28000636	0.3010602	
1293.2	0.27960687	0.3008983	
1293.4	0.27949312	0.30073649	
1293.6	0.27926207	0.30057476	
1293.8	0.27896926	0.30041313	
1294	0.27905473	0.30025158	
1294.2	0.27900273	0.30009011	
1294.4	0.27877586	0.29992874	
1294.6	0.27893321	0.29976745	
1294.8	0.27918138	0.29960624	
1295	0.27841139	0.29944513	
1295.2	0.27816437	0.2992841	
1295.4	0.27787978	0.29912316	
1295.6	0.27745051	0.2989623	
1295.8	0.27767214	0.29880153	
1296	0.27836139	0.29864085	
1296.2	0.27836893	0.29848025	
1296.4	0.27878557	0.29831974	
1296.6	0.27919301	0.29815931	
1296.8	0.27877278	0.29799898	
1297	0.27930948	0.29783872	
1297.2	0.27944397	0.29767856	
1297.4	0.27968802	0.29751848	
1297.6	0.27951852	0.29735848	
1297.8	0.27940688	0.29719858	
1298	0.27925386	0.29703876	
1298.2	0.27870071	0.29687902	
1298.4	0.27837184	0.29671937	
1298.6	0.27830295	0.29655981	
1298.8	0.27801956	0.29640033	
1299	0.27731416	0.29624094	
1299.2	0.27728844	0.29608163	
1299.4	0.27685097	0.29592241	
1299.6	0.2767589	0.29576327	
1299.8	0.27636762	0.29560422	
1300	0.27642706	0.29544526	
1300.2	0.27587961	0.29528638	
1300.4	0.27578924	0.29512759	
1300.6	0.27576593	0.29496888	
1300.8	0.27564134	0.29481026	
1301	0.27551596	0.29465172	
1301.2	0.27513299	0.29449327	
1301.4	0.27495113	0.2943349	
1301.6	0.27494591	0.29417662	
1301.8	0.27514534	0.29401843	
1302	0.27518741	0.29386031	
1302.2	0.27529821	0.29370229	
1302.4	0.27536438	0.29354435	
1302.6	0.27527137	0.29338649	
1302.8	0.27507728	0.29322872	
1303	0.27489448	0.29307103	
1303.2	0.27506243	0.29291343	
1303.4	0.27487367	0.29275591	
1303.6	0.275147	0.29259848	
1303.8	0.27531335	0.29244113	
1304	0.27536023	0.29228387	
1304.2	0.27482482	0.29212669	
1304.4	0.27463083	0.2919696	
1304.6	0.27405643	0.29181259	
1304.8	0.27352019	0.29165566	
1305	0.2731174	0.29149882	
1305.2	0.272929	0.29134207	
1305.4	0.27276545	0.29118539	
1305.6	0.2727544	0.29102881	
1305.8	0.27258732	0.2908723	
1306	0.27227547	0.29071588	
1306.2	0.27206393	0.29055955	
1306.4	0.27156281	0.2904033	
1306.6	0.27121549	0.29024713	
1306.8	0.27103676	0.29009105	
1307	0.27077452	0.28993505	
1307.2	0.27100267	0.28977913	
1307.4	0.27053302	0.2896233	
1307.6	0.27090747	0.28946755	
1307.8	0.27121488	0.28931189	
1308	0.27109321	0.28915631	
1308.2	0.27064526	0.28900081	
1308.4	0.27027974	0.2888454	
1308.6	0.27024369	0.28869007	
1308.8	0.27032866	0.28853482	
1309	0.2702613	0.28837966	
1309.2	0.27004715	0.28822458	
1309.4	0.26996496	0.28806958	
1309.6	0.26998841	0.28791467	
1309.8	0.26998618	0.28775984	
1310	0.27002605	0.2876051	
1310.2	0.27020752	0.28745044	
1310.4	0.27042381	0.28729586	
1310.6	0.27055935	0.28714136	
1310.8	0.2705419	0.28698695	
1311	0.27025141	0.28683262	
1311.2	0.27029497	0.28667837	
1311.4	0.26993247	0.28652421	
1311.6	0.27014863	0.28637012	
1311.8	0.27029256	0.28621613	
1312	0.26985799	0.28606221	
1312.2	0.26975659	0.28590838	
1312.4	0.26922185	0.28575463	
1312.6	0.26920345	0.28560096	
1312.8	0.26874154	0.28544738	
1313	0.26812735	0.28529387	
1313.2	0.26784182	0.28514045	
1313.4	0.26779244	0.28498712	
1313.6	0.2677402	0.28483386	
1313.8	0.26753041	0.28468069	
1314	0.26796808	0.2845276	
1314.2	0.26826374	0.28437459	
1314.4	0.26863526	0.28422167	
1314.6	0.26818346	0.28406882	
1314.8	0.26773609	0.28391606	
1315	0.267753	0.28376338	
1315.2	0.26744777	0.28361079	
1315.4	0.26670928	0.28345827	
1315.6	0.26640228	0.28330584	
1315.8	0.26598986	0.28315349	
1316	0.26547956	0.28300122	
1316.2	0.26495561	0.28284904	
1316.4	0.26419466	0.28269693	
1316.6	0.26384083	0.28254491	
1316.8	0.26337245	0.28239297	
1317	0.26285265	0.28224111	
1317.2	0.26295923	0.28208933	
1317.4	0.26329764	0.28193763	
1317.6	0.26310255	0.28178602	
1317.8	0.26310529	0.28163448	
1318	0.26341038	0.28148303	
1318.2	0.26355327	0.28133166	
1318.4	0.26397367	0.28118037	
1318.6	0.26418412	0.28102917	
1318.8	0.26435029	0.28087804	
1319	0.26455573	0.280727	
1319.2	0.26406939	0.28057603	
1319.4	0.26394213	0.28042515	
1319.6	0.26441617	0.28027435	
1319.8	0.26456625	0.28012363	
1320	0.2643029	0.27997299	
1320.2	0.26422113	0.27982243	
1320.4	0.26413404	0.27967195	
1320.6	0.26404325	0.27952156	
1320.8	0.26359197	0.27937124	
1321	0.26330915	0.27922101	
1321.2	0.26307384	0.27907085	
1321.4	0.2628729	0.27892078	
1321.6	0.26224871	0.27877079	
1321.8	0.26177991	0.27862087	
1322	0.26176208	0.27847104	
1322.2	0.26160925	0.27832129	
1322.4	0.26156089	0.27817162	
1322.6	0.26118034	0.27802203	
1322.8	0.26068182	0.27787252	
1323	0.26038368	0.2777231	
1323.2	0.26003984	0.27757375	
1323.4	0.26022011	0.27742448	
1323.6	0.26043973	0.27727529	
1323.8	0.26053687	0.27712618	
1324	0.26014242	0.27697716	
1324.2	0.26016319	0.27682821	
1324.4	0.25993699	0.27667934	
1324.6	0.25970291	0.27653056	
1324.8	0.25962548	0.27638185	
1325	0.2598745	0.27623322	
1325.2	0.25980615	0.27608467	
1325.4	0.26027698	0.27593621	
1325.6	0.26017377	0.27578782	
1325.8	0.26032947	0.27563951	
1326	0.26038731	0.27549128	
1326.2	0.26040285	0.27534314	
1326.4	0.2603962	0.27519507	
1326.6	0.26097869	0.27504708	
1326.8	0.26091966	0.27489917	
1327	0.26107456	0.27475134	
1327.2	0.26101975	0.27460359	
1327.4	0.26135222	0.27445592	
1327.6	0.261334	0.27430833	
1327.8	0.26133192	0.27416082	
1328	0.26072806	0.27401338	
1328.2	0.26050319	0.27386603	
1328.4	0.26024187	0.27371875	
1328.6	0.25975976	0.27357156	
1328.8	0.26018734	0.27342444	
1329	0.25980716	0.27327741	
1329.2	0.2592202	0.27313045	
1329.4	0.25887578	0.27298357	
1329.6	0.25843418	0.27283677	
1329.8	0.25843737	0.27269005	
1330	0.25846609	0.27254341	
1330.2	0.25831394	0.27239685	
1330.4	0.25814889	0.27225036	
1330.6	0.25845199	0.27210396	
1330.8	0.25774045	0.27195763	
1331	0.25797597	0.27181138	
1331.2	0.25766052	0.27166521	
1331.4	0.25796681	0.27151912	
1331.6	0.25789205	0.27137311	
1331.8	0.2581753	0.27122718	
1332	0.25777161	0.27108132	
1332.2	0.25785603	0.27093555	
1332.4	0.25784876	0.27078985	
1332.6	0.2579019	0.27064423	
1332.8	0.25805218	0.27049869	
1333	0.25761262	0.27035322	
1333.2	0.25739659	0.27020784	
1333.4	0.25719137	0.27006253	
1333.6	0.25688802	0.2699173	
1333.8	0.2568076	0.26977215	
1334	0.256433	0.26962708	
1334.2	0.25585596	0.26948208	
1334.4	0.25570611	0.26933717	
1334.6	0.2553138	0.26919233	
1334.8	0.25479183	0.26904757	
1335	0.25473985	0.26890288	
1335.2	0.25449691	0.26875828	
1335.4	0.25491564	0.26861375	
1335.6	0.25467556	0.2684693	
1335.8	0.25442145	0.26832493	
1336	0.25389987	0.26818064	
1336.2	0.25384885	0.26803642	
1336.4	0.25400232	0.26789228	
1336.6	0.25395345	0.26774822	
1336.8	0.25355299	0.26760423	
1337	0.25350127	0.26746033	
1337.2	0.25325282	0.2673165	
1337.4	0.25322643	0.26717275	
1337.6	0.25275849	0.26702907	
1337.8	0.25305031	0.26688547	
1338	0.25295703	0.26674195	
1338.2	0.25307689	0.26659851	
1338.4	0.25319511	0.26645514	
1338.6	0.25313671	0.26631185	
1338.8	0.25335608	0.26616864	
1339	0.25340038	0.26602551	
1339.2	0.25334444	0.26588245	
1339.4	0.25386443	0.26573947	
1339.6	0.25341009	0.26559657	
1339.8	0.25279576	0.26545374	
1340	0.25292238	0.26531099	
1340.2	0.25278854	0.26516831	
1340.4	0.2529033	0.26502572	
1340.6	0.25243081	0.2648832	
1340.8	0.25187649	0.26474075	
1341	0.25183817	0.26459839	
1341.2	0.25169475	0.2644561	
1341.4	0.25160544	0.26431388	
1341.6	0.25133332	0.26417174	
1341.8	0.25156093	0.26402968	
1342	0.25148074	0.2638877	
1342.2	0.25190164	0.26374579	
1342.4	0.25218774	0.26360396	
1342.6	0.2521726	0.2634622	
1342.8	0.25246978	0.26332052	
1343	0.25244922	0.26317892	
1343.2	0.25243581	0.26303739	
1343.4	0.25287568	0.26289594	
1343.6	0.25251952	0.26275457	
1343.8	0.2520553	0.26261327	
1344	0.25182457	0.26247205	
1344.2	0.2516702	0.2623309	
1344.4	0.25145419	0.26218983	
1344.6	0.25107243	0.26204883	
1344.8	0.25086286	0.26190791	
1345	0.25048022	0.26176707	
1345.2	0.25009737	0.2616263	
1345.4	0.24992172	0.26148561	
1345.6	0.2496562	0.26134499	
1345.8	0.24965598	0.26120445	
1346	0.24924018	0.26106399	
1346.2	0.24937719	0.2609236	
1346.4	0.24957113	0.26078328	
1346.6	0.24915345	0.26064305	
1346.8	0.2493683	0.26050288	
1347	0.24931708	0.26036279	
1347.2	0.24960469	0.26022278	
1347.4	0.24990582	0.26008284	
1347.6	0.24953329	0.25994298	
1347.8	0.249147	0.25980319	
1348	0.24890763	0.25966348	
1348.2	0.24909791	0.25952385	
1348.4	0.24910272	0.25938428	
1348.6	0.24922615	0.2592448	
1348.8	0.24891209	0.25910539	
1349	0.2483776	0.25896605	
1349.2	0.24857434	0.25882679	
1349.4	0.24852942	0.2586876	
1349.6	0.24828429	0.25854849	
1349.8	0.24814036	0.25840945	
1350	0.24783854	0.25827049	
1350.2	0.24786804	0.2581316	
1350.4	0.24800851	0.25799279	
1350.6	0.24746289	0.25785405	
1350.8	0.24763382	0.25771539	
1351	0.24733054	0.2575768	
1351.2	0.24733823	0.25743829	
1351.4	0.24671828	0.25729985	
1351.6	0.2460622	0.25716148	
1351.8	0.24582702	0.25702319	
1352	0.2456662	0.25688497	
1352.2	0.24580723	0.25674683	
1352.4	0.24576241	0.25660876	
1352.6	0.24583781	0.25647077	
1352.8	0.2456891	0.25633285	
1353	0.24590202	0.256195	
1353.2	0.24607525	0.25605723	
1353.4	0.24611989	0.25591953	
1353.6	0.24592665	0.25578191	
1353.8	0.24600831	0.25564436	
1354	0.24657991	0.25550689	
1354.2	0.24653429	0.25536948	
1354.4	0.24669798	0.25523216	
1354.6	0.24639153	0.2550949	
1354.8	0.24627618	0.25495772	
1355	0.24599311	0.25482062	
1355.2	0.24596384	0.25468359	
1355.4	0.24565941	0.25454663	
1355.6	0.24582152	0.25440974	
1355.8	0.24589016	0.25427293	
1356	0.24616267	0.25413619	
1356.2	0.24632734	0.25399953	
1356.4	0.2461351	0.25386294	
1356.6	0.24648161	0.25372642	
1356.8	0.24638524	0.25358998	
1357	0.24656369	0.25345361	
1357.2	0.24625871	0.25331731	
1357.4	0.24628348	0.25318109	
1357.6	0.24620787	0.25304493	
1357.8	0.24643457	0.25290886	
1358	0.24633569	0.25277285	
1358.2	0.24612877	0.25263692	
1358.4	0.24568397	0.25250106	
1358.6	0.24520488	0.25236528	
1358.8	0.2450879	0.25222957	
1359	0.24508365	0.25209393	
1359.2	0.24489862	0.25195836	
1359.4	0.24488286	0.25182287	
1359.6	0.2446099	0.25168745	
1359.8	0.24407238	0.2515521	
1360	0.24402762	0.25141683	
1360.2	0.24379301	0.25128162	
1360.4	0.24376015	0.2511465	
1360.6	0.24393651	0.25101144	
1360.8	0.24343784	0.25087646	
1361	0.24356852	0.25074154	
1361.2	0.24307379	0.25060671	
1361.4	0.24331301	0.25047194	
1361.6	0.24347407	0.25033725	
1361.8	0.24311597	0.25020262	
1362	0.24295574	0.25006808	
1362.2	0.24306726	0.2499336	
1362.4	0.24263898	0.24979919	
1362.6	0.24252179	0.24966486	
1362.8	0.24252719	0.2495306	
1363	0.24254399	0.24939641	
1363.2	0.24218146	0.2492623	
1363.4	0.24208295	0.24912826	
1363.6	0.24183749	0.24899429	
1363.8	0.24151784	0.24886039	
1364	0.24203534	0.24872656	
1364.2	0.24183639	0.2485928	
1364.4	0.24182786	0.24845912	
1364.6	0.24144428	0.24832551	
1364.8	0.24092949	0.24819197	
1365	0.24084392	0.2480585	
1365.2	0.24047454	0.24792511	
1365.4	0.24065551	0.24779178	
1365.6	0.24026263	0.24765853	
1365.8	0.23971687	0.24752535	
1366	0.23988644	0.24739224	
1366.2	0.23981738	0.2472592	
1366.4	0.23972838	0.24712624	
1366.6	0.2395974	0.24699334	
1366.8	0.23961234	0.24686052	
1367	0.23935399	0.24672777	
1367.2	0.23923249	0.24659509	
1367.4	0.23949597	0.24646248	
1367.6	0.2396312	0.24632994	
1367.8	0.23961102	0.24619747	
1368	0.24007824	0.24606508	
1368.2	0.2397958	0.24593275	
1368.4	0.23998824	0.2458005	
1368.6	0.24008869	0.24566832	
1368.8	0.24023218	0.24553621	
1369	0.24015175	0.24540417	
1369.2	0.24013805	0.2452722	
1369.4	0.24015041	0.2451403	
1369.6	0.23990591	0.24500848	
1369.8	0.24002784	0.24487672	
1370	0.24011668	0.24474504	
1370.2	0.23984069	0.24461342	
1370.4	0.23968084	0.24448188	
1370.6	0.23922709	0.24435041	
1370.8	0.2384809	0.244219	
1371	0.23780391	0.24408767	
1371.2	0.23749872	0.24395641	
1371.4	0.2372889	0.24382522	
1371.6	0.23707011	0.2436941	
1371.8	0.23709979	0.24356305	
1372	0.23696196	0.24343208	
1372.2	0.23724373	0.24330117	
1372.4	0.23727721	0.24317033	
1372.6	0.2375799	0.24303956	
1372.8	0.23769606	0.24290887	
1373	0.23755559	0.24277824	
1373.2	0.23755994	0.24264768	
1373.4	0.23760209	0.2425172	
1373.6	0.23756976	0.24238678	
1373.8	0.23759801	0.24225644	
1374	0.23735957	0.24212616	
1374.2	0.23709684	0.24199595	
1374.4	0.23691728	0.24186582	
1374.6	0.2362613	0.24173575	
1374.8	0.23578565	0.24160576	
1375	0.23572454	0.24147583	
1375.2	0.23551284	0.24134597	
1375.4	0.23544173	0.24121619	
1375.6	0.23539945	0.24108647	
1375.8	0.23522441	0.24095683	
1376	0.23510189	0.24082725	
1376.2	0.23526844	0.24069774	
1376.4	0.23504478	0.2405683	
1376.6	0.23537457	0.24043894	
1376.8	0.23513523	0.24030964	
1377	0.23496269	0.24018041	
1377.2	0.23477892	0.24005125	
1377.4	0.23470709	0.23992216	
1377.6	0.23478414	0.23979314	
1377.8	0.2349807	0.23966419	
1378	0.23522872	0.23953531	
1378.2	0.23518374	0.23940649	
1378.4	0.23496028	0.23927775	
1378.6	0.2343956	0.23914908	
1378.8	0.23459409	0.23902047	
1379	0.23458362	0.23889194	
1379.2	0.23452529	0.23876347	
1379.4	0.23438215	0.23863507	
1379.6	0.23405786	0.23850674	
1379.8	0.23368614	0.23837848	
1380	0.23367291	0.23825029	
1380.2	0.23352724	0.23812217	
1380.4	0.23315645	0.23799412	
1380.6	0.23295854	0.23786614	
1380.8	0.23242998	0.23773822	
1381	0.23268817	0.23761038	
1381.2	0.23280395	0.2374826	
1381.4	0.232829	0.23735489	
1381.6	0.23347031	0.23722725	
1381.8	0.23357089	0.23709968	
1382	0.23370637	0.23697218	
1382.2	0.23358326	0.23684474	
1382.4	0.23353193	0.23671738	
1382.6	0.2333981	0.23659008	
1382.8	0.23348661	0.23646285	
1383	0.23372196	0.23633569	
1383.2	0.23353562	0.2362086	
1383.4	0.23300874	0.23608157	
1383.6	0.23295246	0.23595462	
1383.8	0.23251841	0.23582773	
1384	0.23210958	0.23570091	
1384.2	0.23171334	0.23557416	
1384.4	0.23143635	0.23544748	
1384.6	0.23113673	0.23532087	
1384.8	0.23105701	0.23519432	
1385	0.23095227	0.23506784	
1385.2	0.23043197	0.23494143	
1385.4	0.23023582	0.23481509	
1385.6	0.23049978	0.23468882	
1385.8	0.23059878	0.23456261	
1386	0.23074355	0.23443647	
1386.2	0.2309108	0.2343104	
1386.4	0.23064383	0.2341844	
1386.6	0.23029089	0.23405846	
1386.8	0.23043753	0.2339326	
1387	0.23045791	0.2338068	
1387.2	0.2303336	0.23368106	
1387.4	0.23032112	0.2335554	
1387.6	0.23025663	0.2334298	
1387.8	0.22983079	0.23330427	
1388	0.22944711	0.23317881	
1388.2	0.22918988	0.23305342	
1388.4	0.22942182	0.23292809	
1388.6	0.22912112	0.23280283	
1388.8	0.22897311	0.23267764	
1389	0.22835625	0.23255252	
1389.2	0.22825884	0.23242746	
1389.4	0.22870619	0.23230247	
1389.6	0.22937479	0.23217755	
1389.8	0.22953997	0.23205269	
1390	0.22933187	0.2319279	
1390.2	0.22901106	0.23180318	
1390.4	0.22884038	0.23167852	
1390.6	0.22888464	0.23155394	
1390.8	0.22909361	0.23142942	
1391	0.22907602	0.23130496	
1391.2	0.2292584	0.23118058	
1391.4	0.22943273	0.23105626	
1391.6	0.22952824	0.230932	
1391.8	0.22945977	0.23080782	
1392	0.22933489	0.2306837	
1392.2	0.22908832	0.23055965	
1392.4	0.22959844	0.23043566	
1392.6	0.22930384	0.23031174	
1392.8	0.22929953	0.23018789	
1393	0.22903977	0.2300641	
1393.2	0.22872614	0.22994038	
1393.4	0.2288721	0.22981673	
1393.6	0.22877422	0.22969315	
1393.8	0.2280826	0.22956963	
1394	0.22767823	0.22944617	
1394.2	0.22707086	0.22932279	
1394.4	0.22714073	0.22919947	
1394.6	0.22701707	0.22907621	
1394.8	0.22687436	0.22895302	
1395	0.22662499	0.2288299	
1395.2	0.2264959	0.22870685	
1395.4	0.22692134	0.22858386	
1395.6	0.22676383	0.22846093	
1395.8	0.22637533	0.22833808	
1396	0.226287	0.22821528	
1396.2	0.22597883	0.22809256	
1396.4	0.22586549	0.2279699	
1396.6	0.22542132	0.22784731	
1396.8	0.22566662	0.22772478	
1397	0.22537314	0.22760232	
1397.2	0.22514542	0.22747992	
1397.4	0.22506309	0.22735759	
1397.6	0.22513293	0.22723533	
1397.8	0.22528074	0.22711313	
1398	0.22531991	0.226991	
1398.2	0.22540804	0.22686893	
1398.4	0.22563477	0.22674693	
1398.6	0.2258114	0.226625	
1398.8	0.22581689	0.22650313	
1399	0.22614045	0.22638132	
1399.2	0.22654869	0.22625958	
1399.4	0.22679415	0.22613791	
1399.6	0.22641379	0.2260163	
1399.8	0.22602841	0.22589476	
1400	0.22560382	0.22577328	
1400.2	0.22484556	0.22565187	
1400.4	0.22411136	0.22553053	
1400.6	0.22380982	0.22540924	
1400.8	0.22358642	0.22528803	
1401	0.22288026	0.22516688	
1401.2	0.22234601	0.22504579	
1401.4	0.22212645	0.22492477	
1401.6	0.22251283	0.22480382	
1401.8	0.22258962	0.22468292	
1402	0.22224295	0.2245621	
1402.2	0.2224646	0.22444134	
1402.4	0.22270388	0.22432064	
1402.6	0.22309028	0.22420001	
1402.8	0.22342506	0.22407945	
1403	0.22372773	0.22395895	
1403.2	0.22350324	0.22383851	
1403.4	0.22379668	0.22371814	
1403.6	0.22371091	0.22359783	
1403.8	0.22398315	0.22347759	
1404	0.22388913	0.22335741	
1404.2	0.22335701	0.2232373	
1404.4	0.22361212	0.22311725	
1404.6	0.22352363	0.22299727	
1404.8	0.22297827	0.22287735	
1405	0.22302858	0.22275749	
1405.2	0.22311927	0.2226377	
1405.4	0.22334779	0.22251798	
1405.6	0.22347995	0.22239832	
1405.8	0.22326484	0.22227872	
1406	0.223096	0.22215919	
1406.2	0.22335924	0.22203972	
1406.4	0.22327627	0.22192032	
1406.6	0.22310628	0.22180098	
1406.8	0.22278043	0.2216817	
1407	0.22243434	0.22156249	
1407.2	0.22235734	0.22144334	
1407.4	0.22258922	0.22132426	
1407.6	0.22236082	0.22120524	
1407.8	0.2221698	0.22108628	
1408	0.22150256	0.22096739	
1408.2	0.22110781	0.22084857	
1408.4	0.22134346	0.2207298	
1408.6	0.22095499	0.2206111	
1408.8	0.22069696	0.22049247	
1409	0.22085306	0.22037389	
1409.2	0.22068157	0.22025539	
1409.4	0.22057011	0.22013694	
1409.6	0.22049351	0.22001856	
1409.8	0.22058584	0.21990024	
1410	0.22067916	0.21978199	
1410.2	0.22061532	0.2196638	
1410.4	0.22051078	0.21954567	
1410.6	0.22018798	0.21942761	
1410.8	0.22015446	0.21930961	
1411	0.2202677	0.21919168	
1411.2	0.22027043	0.2190738	
1411.4	0.22011589	0.21895599	
1411.6	0.22003543	0.21883825	
1411.8	0.21985227	0.21872057	
1412	0.21989436	0.21860295	
1412.2	0.22003227	0.21848539	
1412.4	0.21977424	0.2183679	
1412.6	0.21942459	0.21825047	
1412.8	0.21918254	0.2181331	
1413	0.21891336	0.2180158	
1413.2	0.21875266	0.21789856	
1413.4	0.21894118	0.21778138	
1413.6	0.21867408	0.21766427	
1413.8	0.21853919	0.21754722	
1414	0.21830396	0.21743023	
1414.2	0.21804162	0.2173133	
1414.4	0.21793878	0.21719644	
1414.6	0.21756509	0.21707964	
1414.8	0.21767328	0.2169629	
1415	0.21739664	0.21684623	
1415.2	0.21724558	0.21672962	
1415.4	0.21752089	0.21661307	
1415.6	0.21726577	0.21649659	
1415.8	0.21751145	0.21638016	
1416	0.21773795	0.2162638	
1416.2	0.21755358	0.2161475	
1416.4	0.21750879	0.21603127	
1416.6	0.21757684	0.2159151	
1416.8	0.21714201	0.21579898	
1417	0.21699035	0.21568294	
1417.2	0.2167914	0.21556695	
1417.4	0.21703746	0.21545103	
1417.6	0.21673312	0.21533517	
1417.8	0.21667659	0.21521937	
1418	0.21706389	0.21510363	
1418.2	0.21708484	0.21498796	
1418.4	0.2171402	0.21487235	
1418.6	0.21696578	0.2147568	
1418.8	0.21697459	0.21464131	
1419	0.21678214	0.21452588	
1419.2	0.21658544	0.21441052	
1419.4	0.21657358	0.21429522	
1419.6	0.21624756	0.21417998	
1419.8	0.21645912	0.2140648	
1420	0.21625151	0.21394969	
1420.2	0.21596348	0.21383463	
1420.4	0.21556683	0.21371964	
1420.6	0.21474844	0.21360471	
1420.8	0.21411085	0.21348984	
1421	0.21404439	0.21337504	
1421.2	0.21420974	0.21326029	
1421.4	0.21448685	0.21314561	
1421.6	0.21458091	0.21303099	
1421.8	0.21489262	0.21291643	
1422	0.21524828	0.21280193	
1422.2	0.21505465	0.21268749	
1422.4	0.21528278	0.21257312	
1422.6	0.21534655	0.21245881	
1422.8	0.21539912	0.21234455	
1423	0.21564463	0.21223036	
1423.2	0.21544726	0.21211624	
1423.4	0.2155785	0.21200217	
1423.6	0.21539407	0.21188816	
1423.8	0.21528464	0.21177422	
1424	0.21528243	0.21166033	
1424.2	0.21509788	0.21154651	
1424.4	0.21472167	0.21143275	
1424.6	0.21448465	0.21131905	
1424.8	0.21490161	0.21120541	
1425	0.21522625	0.21109183	
1425.2	0.21565645	0.21097832	
1425.4	0.21544137	0.21086486	
1425.6	0.21557922	0.21075147	
1425.8	0.21549285	0.21063813	
1426	0.21512926	0.21052486	
1426.2	0.21461505	0.21041165	
1426.4	0.21437223	0.2102985	
1426.6	0.21408224	0.21018541	
1426.8	0.21407423	0.21007238	
1427	0.21402057	0.20995941	
1427.2	0.21338659	0.2098465	
1427.4	0.2131165	0.20973365	
1427.6	0.21265487	0.20962087	
1427.8	0.21282738	0.20950814	
1428	0.21255571	0.20939548	
1428.2	0.21196144	0.20928287	
1428.4	0.21164324	0.20917033	
1428.6	0.21162763	0.20905784	
1428.8	0.21194185	0.20894542	
1429	0.21205252	0.20883306	
1429.2	0.21230563	0.20872076	
1429.4	0.21211429	0.20860852	
1429.6	0.21216838	0.20849633	
1429.8	0.21241186	0.20838421	
1430	0.2125417	0.20827215	
1430.2	0.21266712	0.20816015	
1430.4	0.21298736	0.20804821	
1430.6	0.21326267	0.20793633	
1430.8	0.21370093	0.20782451	
1431	0.21380548	0.20771275	
1431.2	0.21360463	0.20760105	
1431.4	0.21333241	0.20748941	
1431.6	0.21337561	0.20737783	
1431.8	0.21319965	0.20726631	
1432	0.21269679	0.20715485	
1432.2	0.2123148	0.20704346	
1432.4	0.21210587	0.20693212	
1432.6	0.21202374	0.20682084	
1432.8	0.21190123	0.20670962	
1433	0.21198365	0.20659846	
1433.2	0.21190436	0.20648736	
1433.4	0.21156405	0.20637631	
1433.6	0.21126086	0.20626533	
1433.8	0.21119666	0.20615441	
1434	0.21127127	0.20604355	
1434.2	0.21119941	0.20593275	
1434.4	0.21118151	0.20582201	
1434.6	0.21117673	0.20571132	
1434.8	0.21110236	0.2056007	
1435	0.21084153	0.20549014	
1435.2	0.21039532	0.20537963	
1435.4	0.21020706	0.20526919	
1435.6	0.21025713	0.2051588	
1435.8	0.20969758	0.20504848	
1436	0.20947809	0.20493821	
1436.2	0.20913785	0.204828	
1436.4	0.20903838	0.20471785	
1436.6	0.20894055	0.20460776	
1436.8	0.20886226	0.20449773	
1437	0.20873112	0.20438776	
1437.2	0.20842084	0.20427785	
1437.4	0.20845653	0.204168	
1437.6	0.20818249	0.20405821	
1437.8	0.20844834	0.20394847	
1438	0.20899803	0.2038388	
1438.2	0.20917203	0.20372918	
1438.4	0.20956903	0.20361962	
1438.6	0.20994252	0.20351012	
1438.8	0.21009917	0.20340069	
1439	0.21038835	0.2032913	
1439.2	0.21060221	0.20318198	
1439.4	0.21079355	0.20307272	
1439.6	0.21073686	0.20296352	
1439.8	0.21056824	0.20285437	
