Conc1	1.25E-08	
Start1	1020	
Stop1	1439.8	
Kobs	0.00267394736731054	
Error Kobs	2.86751311821034E-05	
Koff	0	
Error Koff	0	
Time1	Data1	Fit1	
1020	0.00831751	0	
1020.2	0.00872194	0.00058194	
1020.4	0.00910284	0.00116193	
1020.6	0.00906731	0.00174	
1020.8	0.00962789	0.00231614	
1021	0.00975682	0.00289037	
1021.2	0.00972276	0.00346268	
1021.4	0.01018604	0.00403308	
1021.6	0.01023291	0.00460158	
1021.8	0.01090322	0.0051682	
1022	0.01173838	0.00573292	
1022.2	0.01153907	0.00629576	
1022.4	0.01215992	0.00685673	
1022.6	0.01248379	0.00741583	
1022.8	0.01281096	0.00797307	
1023	0.01368818	0.00852845	
1023.2	0.01412411	0.00908199	
1023.4	0.014877	0.00963368	
1023.6	0.01592446	0.01018353	
1023.8	0.01621269	0.01073155	
1024	0.01646802	0.01127775	
1024.2	0.01744799	0.01182212	
1024.4	0.01764069	0.01236469	
1024.6	0.01857501	0.01290545	
1024.8	0.01937624	0.0134444	
1025	0.01965894	0.01398156	
1025.2	0.02044576	0.01451693	
1025.4	0.02116973	0.01505052	
1025.6	0.02222118	0.01558234	
1025.8	0.02365884	0.01611238	
1026	0.0248699	0.01664065	
1026.2	0.02534095	0.01716717	
1026.4	0.02633836	0.01769193	
1026.6	0.02671174	0.01821495	
1026.8	0.02817071	0.01873622	
1027	0.02846444	0.01925576	
1027.2	0.02876741	0.01977356	
1027.4	0.02958058	0.02028965	
1027.6	0.02984135	0.02080401	
1027.8	0.03086405	0.02131666	
1028	0.03212067	0.0218276	
1028.2	0.03248345	0.02233685	
1028.4	0.03336816	0.02284439	
1028.6	0.03437429	0.02335025	
1028.8	0.03482904	0.02385442	
1029	0.03578775	0.02435691	
1029.2	0.03662378	0.02485773	
1029.4	0.03757244	0.02535688	
1029.6	0.03880645	0.02585437	
1029.8	0.03991397	0.0263502	
1030	0.04136482	0.02684438	
1030.2	0.04181767	0.02733691	
1030.4	0.04264361	0.0278278	
1030.6	0.04401304	0.02831706	
1030.8	0.04486098	0.02880469	
1031	0.04515759	0.0292907	
1031.2	0.04607288	0.02977508	
1031.4	0.04704967	0.03025786	
1031.6	0.04852595	0.03073902	
1031.8	0.04997265	0.03121858	
1032	0.05038464	0.03169655	
1032.2	0.05106533	0.03217292	
1032.4	0.05138675	0.03264771	
1032.6	0.05191777	0.03312092	
1032.8	0.05263363	0.03359255	
1033	0.05275762	0.03406261	
1033.2	0.05380195	0.0345311	
1033.4	0.0550428	0.03499804	
1033.6	0.05566498	0.03546342	
1033.8	0.05740333	0.03592724	
1034	0.05832006	0.03638953	
1034.2	0.05899504	0.03685027	
1034.4	0.06066797	0.03730948	
1034.6	0.06180021	0.03776716	
1034.8	0.06271101	0.03822332	
1035	0.06365901	0.03867796	
1035.2	0.06394854	0.03913108	
1035.4	0.06544702	0.0395827	
1035.6	0.06597012	0.04003281	
1035.8	0.06649614	0.04048142	
1036	0.06711962	0.04092853	
1036.2	0.06730223	0.04137416	
1036.4	0.0670985	0.04181831	
1036.6	0.06801872	0.04226097	
1036.8	0.0683205	0.04270216	
1037	0.06887822	0.04314188	
1037.2	0.07039441	0.04358014	
1037.4	0.07151647	0.04401693	
1037.6	0.07261834	0.04445228	
1037.8	0.07357071	0.04488617	
1038	0.07411126	0.04531862	
1038.2	0.07526106	0.04574962	
1038.4	0.07619922	0.0461792	
1038.6	0.07723246	0.04660734	
1038.8	0.07833981	0.04703405	
1039	0.0794452	0.04745935	
1039.2	0.08056877	0.04788322	
1039.4	0.08180542	0.04830569	
1039.6	0.08250644	0.04872675	
1039.8	0.08397918	0.04914641	
1040	0.08438498	0.04956466	
1040.2	0.08493041	0.04998153	
1040.4	0.0855532	0.05039701	
1040.6	0.08654201	0.0508111	
1040.8	0.08732141	0.05122382	
1041	0.08811899	0.05163516	
1041.2	0.08879008	0.05204513	
1041.4	0.08945738	0.05245373	
1041.6	0.08961681	0.05286098	
1041.8	0.09036957	0.05326687	
1042	0.09130176	0.0536714	
1042.2	0.09167203	0.05407459	
1042.4	0.09247345	0.05447644	
1042.6	0.09351763	0.05487695	
1042.8	0.09423067	0.05527612	
1043	0.09521895	0.05567396	
1043.2	0.09588844	0.05607048	
1043.4	0.0964138	0.05646568	
1043.6	0.09757423	0.05685957	
1043.8	0.09799804	0.05725214	
1044	0.09864262	0.0576434	
1044.2	0.09968869	0.05803336	
1044.4	0.09955001	0.05842202	
1044.6	0.10072428	0.05880939	
1044.8	0.10080374	0.05919547	
1045	0.10088699	0.05958026	
1045.2	0.10125354	0.05996377	
1045.4	0.10153828	0.060346	
1045.6	0.10212685	0.06072696	
1045.8	0.10352441	0.06110665	
1046	0.10364709	0.06148508	
1046.2	0.10413542	0.06186225	
1046.4	0.1051227	0.06223816	
1046.6	0.10534572	0.06261282	
1046.8	0.10643524	0.06298623	
1047	0.10689085	0.06335839	
1047.2	0.10745458	0.06372932	
1047.4	0.10846388	0.06409901	
1047.6	0.10870346	0.06446747	
1047.8	0.10910765	0.06483471	
1048	0.10971388	0.06520072	
1048.2	0.10914693	0.06556551	
1048.4	0.10916223	0.06592909	
1048.6	0.10939481	0.06629145	
1048.8	0.10857391	0.06665261	
1049	0.10889202	0.06701257	
1049.2	0.10849474	0.06737133	
1049.4	0.10859366	0.06772889	
1049.6	0.10890294	0.06808526	
1049.8	0.1093539	0.06844045	
1050	0.10962708	0.06879445	
1050.2	0.110446	0.06914727	
1050.4	0.11130732	0.06949892	
1050.6	0.11237068	0.0698494	
1050.8	0.11322829	0.07019871	
1051	0.11397418	0.07054685	
1051.2	0.11508819	0.07089384	
1051.4	0.11513063	0.07123967	
1051.6	0.11551322	0.07158435	
1051.8	0.11590713	0.07192788	
1052	0.11557884	0.07227027	
1052.2	0.11538581	0.07261152	
1052.4	0.11599611	0.07295163	
1052.6	0.11559325	0.07329061	
1052.8	0.11578534	0.07362845	
1053	0.11599478	0.07396518	
1053.2	0.11581765	0.07430078	
1053.4	0.11597258	0.07463527	
1053.6	0.11585099	0.07496864	
1053.8	0.11636313	0.0753009	
1054	0.11664092	0.07563205	
1054.2	0.11729391	0.0759621	
1054.4	0.11809321	0.07629106	
1054.6	0.11878246	0.07661891	
1054.8	0.11899789	0.07694568	
1055	0.11997121	0.07727135	
1055.2	0.11924522	0.07759594	
1055.4	0.11922909	0.07791946	
1055.6	0.11998016	0.07824189	
1055.8	0.11948192	0.07856325	
1056	0.12017177	0.07888354	
1056.2	0.1200229	0.07920276	
1056.4	0.11993419	0.07952092	
1056.6	0.12016926	0.07983802	
1056.8	0.12047795	0.08015406	
1057	0.12096237	0.08046905	
1057.2	0.121165	0.080783	
1057.4	0.12084462	0.08109589	
1057.6	0.12138703	0.08140775	
1057.8	0.12227066	0.08171856	
1058	0.12202004	0.08202834	
1058.2	0.12250471	0.08233709	
1058.4	0.12249615	0.08264481	
1058.6	0.12289673	0.08295151	
1058.8	0.12332051	0.08325718	
1059	0.1232622	0.08356184	
1059.2	0.12317526	0.08386548	
1059.4	0.12403774	0.08416811	
1059.6	0.12382517	0.08446973	
1059.8	0.12399631	0.08477035	
1060	0.12382009	0.08506997	
1060.2	0.12302733	0.08536859	
1060.4	0.12324658	0.08566621	
1060.6	0.12298012	0.08596285	
1060.8	0.12268901	0.08625849	
1061	0.12306929	0.08655315	
1061.2	0.12303286	0.08684683	
1061.4	0.12331744	0.08713953	
1061.6	0.12360761	0.08743126	
1061.8	0.12362481	0.08772202	
1062	0.12308011	0.0880118	
1062.2	0.12286047	0.08830062	
1062.4	0.12292165	0.08858848	
1062.6	0.12366234	0.08887539	
1062.8	0.12342726	0.08916133	
1063	0.12364955	0.08944632	
1063.2	0.12428579	0.08973037	
1063.4	0.12436664	0.09001347	
1063.6	0.12466477	0.09029562	
1063.8	0.12489263	0.09057684	
1064	0.12492921	0.09085712	
1064.2	0.12596458	0.09113646	
1064.4	0.12548448	0.09141488	
1064.6	0.1255207	0.09169237	
1064.8	0.12612156	0.09196893	
1065	0.12647493	0.09224457	
1065.2	0.12673864	0.0925193	
1065.4	0.12686209	0.09279311	
1065.6	0.12639683	0.09306601	
1065.8	0.1266631	0.09333799	
1066	0.12624998	0.09360908	
1066.2	0.12597801	0.09387926	
1066.4	0.12653142	0.09414854	
1066.6	0.1262093	0.09441692	
1066.8	0.12629572	0.09468441	
1067	0.12678931	0.09495101	
1067.2	0.12706271	0.09521672	
1067.4	0.12755739	0.09548155	
1067.6	0.12760467	0.09574549	
1067.8	0.12724521	0.09600856	
1068	0.12763834	0.09627075	
1068.2	0.1273414	0.09653206	
1068.4	0.12695686	0.09679251	
1068.6	0.12737914	0.09705209	
1068.8	0.12680514	0.0973108	
1069	0.12687321	0.09756866	
1069.2	0.12656663	0.09782565	
1069.4	0.12632806	0.09808179	
1069.6	0.1267428	0.09833707	
1069.8	0.12702026	0.09859151	
1070	0.12645859	0.09884509	
1070.2	0.12718639	0.09909783	
1070.4	0.12696631	0.09934974	
1070.6	0.12724503	0.0996008	
1070.8	0.12761795	0.09985102	
1071	0.12736498	0.10010042	
1071.2	0.12859403	0.10034898	
1071.4	0.12890514	0.10059671	
1071.6	0.12823744	0.10084362	
1071.8	0.12870346	0.10108971	
1072	0.12890777	0.10133497	
1072.2	0.12862398	0.10157942	
1072.4	0.12955355	0.10182306	
1072.6	0.12882246	0.10206588	
1072.8	0.1289053	0.1023079	
1073	0.12911548	0.10254911	
1073.2	0.12894843	0.10278952	
1073.4	0.12970786	0.10302912	
1073.6	0.13007496	0.10326793	
1073.8	0.12968337	0.10350594	
1074	0.12976028	0.10374316	
1074.2	0.12961106	0.10397959	
1074.4	0.12924104	0.10421524	
1074.6	0.12984591	0.10445009	
1074.8	0.12924446	0.10468417	
1075	0.13000161	0.10491746	
1075.2	0.1307294	0.10514998	
1075.4	0.13014413	0.10538173	
1075.6	0.13035585	0.1056127	
1075.8	0.13061919	0.1058429	
1076	0.13036787	0.10607234	
1076.2	0.1308463	0.10630101	
1076.4	0.13101997	0.10652893	
1076.6	0.1307024	0.10675608	
1076.8	0.13132031	0.10698247	
1077	0.13127984	0.10720812	
1077.2	0.13202348	0.10743301	
1077.4	0.1321653	0.10765715	
1077.6	0.1318738	0.10788054	
1077.8	0.1321106	0.10810319	
1078	0.13213401	0.1083251	
1078.2	0.13199901	0.10854627	
1078.4	0.13262292	0.10876671	
1078.6	0.13232446	0.1089864	
1078.8	0.13233335	0.10920537	
1079	0.13284967	0.10942361	
1079.2	0.13235147	0.10964112	
1079.4	0.13255962	0.10985791	
1079.6	0.13270886	0.11007398	
1079.8	0.13251984	0.11028932	
1080	0.13290563	0.11050395	
1080.2	0.13281701	0.11071786	
1080.4	0.13267094	0.11093107	
1080.6	0.13304601	0.11114356	
1080.8	0.13255976	0.11135534	
1081	0.13257502	0.11156642	
1081.2	0.13265232	0.11177679	
1081.4	0.13224132	0.11198647	
1081.6	0.13262389	0.11219544	
1081.8	0.13272117	0.11240373	
1082	0.13244433	0.11261131	
1082.2	0.13287109	0.11281821	
1082.4	0.13267564	0.11302441	
1082.6	0.13261106	0.11322993	
1082.8	0.13302082	0.11343477	
1083	0.13277222	0.11363892	
1083.2	0.13286663	0.11384239	
1083.4	0.13316558	0.11404519	
1083.6	0.13287107	0.11424731	
1083.8	0.13362943	0.11444876	
1084	0.13385792	0.11464953	
1084.2	0.13361275	0.11484964	
1084.4	0.13390823	0.11504908	
1084.6	0.13356768	0.11524786	
1084.8	0.13358688	0.11544597	
1085	0.13371082	0.11564343	
1085.2	0.13339581	0.11584022	
1085.4	0.13365627	0.11603637	
1085.6	0.13412477	0.11623185	
1085.8	0.13410514	0.11642669	
1086	0.13469567	0.11662088	
1086.2	0.13520969	0.11681442	
1086.4	0.13508209	0.11700732	
1086.6	0.13559311	0.11719958	
1086.8	0.13515659	0.11739119	
1087	0.13545139	0.11758217	
1087.2	0.13534239	0.11777251	
1087.4	0.13496754	0.11796221	
1087.6	0.13567754	0.11815129	
1087.8	0.13577919	0.11833973	
1088	0.13549057	0.11852755	
1088.2	0.1357782	0.11871474	
1088.4	0.13525117	0.11890131	
1088.6	0.13522884	0.11908726	
1088.8	0.13552558	0.11927259	
1089	0.13465595	0.1194573	
1089.2	0.13466711	0.11964139	
1089.4	0.13501074	0.11982487	
1089.6	0.13496402	0.12000775	
1089.8	0.13559624	0.12019001	
1090	0.13573587	0.12037166	
1090.2	0.13541599	0.12055271	
1090.4	0.13530639	0.12073316	
1090.6	0.13499515	0.12091301	
1090.8	0.13495291	0.12109226	
1091	0.13550462	0.12127091	
1091.2	0.13513532	0.12144896	
1091.4	0.13582173	0.12162642	
1091.6	0.13640068	0.1218033	
1091.8	0.13584219	0.12197958	
1092	0.13682416	0.12215527	
1092.2	0.13686745	0.12233038	
1092.4	0.13661437	0.12250491	
1092.6	0.1371549	0.12267886	
1092.8	0.13668008	0.12285222	
1093	0.13633896	0.12302501	
1093.2	0.13700821	0.12319723	
1093.4	0.13667802	0.12336887	
1093.6	0.13643658	0.12353993	
1093.8	0.13674947	0.12371043	
1094	0.13613537	0.12388036	
1094.2	0.13647049	0.12404973	
1094.4	0.13614955	0.12421853	
1094.6	0.13606688	0.12438677	
1094.8	0.13656413	0.12455445	
1095	0.13673255	0.12472157	
1095.2	0.13707	0.12488813	
1095.4	0.13720066	0.12505414	
1095.6	0.13708576	0.12521959	
1095.8	0.13755101	0.1253845	
1096	0.13758378	0.12554885	
1096.2	0.1366104	0.12571266	
1096.4	0.13729898	0.12587593	
1096.6	0.13666754	0.12603864	
1096.8	0.13659786	0.12620082	
1097	0.13686668	0.12636246	
1097.2	0.13630649	0.12652356	
1097.4	0.1361427	0.12668412	
1097.6	0.13629664	0.12684415	
1097.8	0.13643662	0.12700364	
1098	0.13686374	0.1271626	
1098.2	0.13687904	0.12732104	
1098.4	0.13657462	0.12747894	
1098.6	0.13722397	0.12763632	
1098.8	0.13711337	0.12779318	
1099	0.1374367	0.12794951	
1099.2	0.13783011	0.12810533	
1099.4	0.1374752	0.12826062	
1099.6	0.13797029	0.1284154	
1099.8	0.13805425	0.12856966	
1100	0.13763802	0.12872341	
1100.2	0.13792083	0.12887664	
1100.4	0.13832334	0.12902937	
1100.6	0.13851414	0.12918158	
1100.8	0.13897928	0.12933329	
1101	0.13841026	0.1294845	
1101.2	0.13850125	0.1296352	
1101.4	0.13954832	0.1297854	
1101.6	0.13923942	0.1299351	
1101.8	0.13983839	0.1300843	
1102	0.13976722	0.130233	
1102.2	0.13905591	0.13038121	
1102.4	0.13958636	0.13052892	
1102.6	0.13936276	0.13067615	
1102.8	0.13883212	0.13082288	
1103	0.13907878	0.13096912	
1103.2	0.13874339	0.13111488	
1103.4	0.13872982	0.13126015	
1103.6	0.13871747	0.13140494	
1103.8	0.1380967	0.13154924	
1104	0.1384669	0.13169307	
1104.2	0.138122	0.13183641	
1104.4	0.13775662	0.13197928	
1104.6	0.13855491	0.13212167	
1104.8	0.1383697	0.13226359	
1105	0.13861433	0.13240504	
1105.2	0.13964113	0.13254601	
1105.4	0.13948011	0.13268651	
1105.6	0.13953883	0.13282655	
1105.8	0.14010149	0.13296612	
1106	0.13944333	0.13310523	
1106.2	0.13993045	0.13324387	
1106.4	0.14057975	0.13338205	
1106.6	0.14013371	0.13351977	
1106.8	0.14040875	0.13365703	
1107	0.14005468	0.13379384	
1107.2	0.14015042	0.13393019	
1107.4	0.14075038	0.13406608	
1107.6	0.14004329	0.13420152	
1107.8	0.14034685	0.13433652	
1108	0.14042357	0.13447106	
1108.2	0.13982226	0.13460515	
1108.4	0.14076572	0.1347388	
1108.6	0.14123908	0.134872	
1108.8	0.1415877	0.13500476	
1109	0.14216021	0.13513707	
1109.2	0.14182709	0.13526895	
1109.4	0.14123796	0.13540039	
1109.6	0.14176983	0.13553139	
1109.8	0.14161217	0.13566195	
1110	0.14190445	0.13579208	
1110.2	0.14185119	0.13592177	
1110.4	0.14111276	0.13605103	
1110.6	0.14068	0.13617986	
1110.8	0.14042031	0.13630827	
1111	0.13982728	0.13643624	
1111.2	0.14056345	0.13656379	
1111.4	0.14033642	0.13669091	
1111.6	0.14000625	0.13681761	
1111.8	0.14041846	0.13694389	
1112	0.14035505	0.13706975	
1112.2	0.14123787	0.13719519	
1112.4	0.14204567	0.13732021	
1112.6	0.14230117	0.13744482	
1112.8	0.14308218	0.13756901	
1113	0.14331488	0.13769278	
1113.2	0.14265727	0.13781615	
1113.4	0.1432511	0.1379391	
1113.6	0.14314178	0.13806164	
1113.8	0.14312782	0.13818378	
1114	0.1434549	0.13830551	
1114.2	0.14242223	0.13842683	
1114.4	0.14217962	0.13854775	
1114.6	0.14248925	0.13866827	
1114.8	0.14185481	0.13878838	
1115	0.14202798	0.1389081	
1115.2	0.14182385	0.13902741	
1115.4	0.14105704	0.13914633	
1115.6	0.14131268	0.13926486	
1115.8	0.1412386	0.13938298	
1116	0.14177442	0.13950072	
1116.2	0.14189673	0.13961806	
1116.4	0.14165625	0.13973501	
1116.6	0.14237867	0.13985158	
1116.8	0.14227767	0.13996775	
1117	0.14180643	0.14008354	
1117.2	0.14201469	0.14019894	
1117.4	0.14200754	0.14031396	
1117.6	0.14159143	0.14042859	
1117.8	0.14217099	0.14054285	
1118	0.14186847	0.14065672	
1118.2	0.14154877	0.14077021	
1118.4	0.14218982	0.14088333	
1118.6	0.14244771	0.14099606	
1118.8	0.14247356	0.14110843	
1119	0.14272098	0.14122042	
1119.2	0.14234488	0.14133203	
1119.4	0.14272736	0.14144327	
1119.6	0.14298215	0.14155415	
1119.8	0.14289237	0.14166465	
1120	0.14320326	0.14177479	
1120.2	0.1426086	0.14188456	
1120.4	0.14307696	0.14199396	
1120.6	0.14393096	0.142103	
1120.8	0.14345191	0.14221168	
1121	0.14392469	0.14231999	
1121.2	0.14448063	0.14242794	
1121.4	0.14381542	0.14253554	
1121.6	0.14431248	0.14264277	
1121.8	0.14421699	0.14274965	
1122	0.14387826	0.14285618	
1122.2	0.14467376	0.14296234	
1122.4	0.1446316	0.14306816	
1122.6	0.14519053	0.14317362	
1122.8	0.14528623	0.14327873	
1123	0.14474668	0.14338349	
1123.2	0.14494614	0.1434879	
1123.4	0.14504437	0.14359197	
1123.6	0.14450218	0.14369568	
1123.8	0.14455729	0.14379906	
1124	0.14412815	0.14390208	
1124.2	0.14409177	0.14400477	
1124.4	0.14460122	0.14410711	
1124.6	0.14413872	0.14420911	
1124.8	0.14399732	0.14431077	
1125	0.14425457	0.1444121	
1125.2	0.14346813	0.14451308	
1125.4	0.14335356	0.14461373	
1125.6	0.14353239	0.14471405	
1125.8	0.1433615	0.14481403	
1126	0.14391258	0.14491368	
1126.2	0.14404322	0.14501299	
1126.4	0.14420456	0.14511198	
1126.6	0.14479751	0.14521063	
1126.8	0.14407781	0.14530896	
1127	0.14454673	0.14540696	
1127.2	0.14491967	0.14550463	
1127.4	0.14443503	0.14560198	
1127.6	0.14430729	0.145699	
1127.8	0.14412192	0.1457957	
1128	0.14413782	0.14589208	
1128.2	0.1444607	0.14598814	
1128.4	0.14389663	0.14608387	
1128.6	0.14371544	0.14617929	
1128.8	0.14403929	0.14627439	
1129	0.14335644	0.14636918	
1129.2	0.14353503	0.14646364	
1129.4	0.14362692	0.1465578	
1129.6	0.1432618	0.14665164	
1129.8	0.14432503	0.14674516	
1130	0.14439935	0.14683838	
1130.2	0.14427786	0.14693129	
1130.4	0.14501263	0.14702388	
1130.6	0.1447063	0.14711617	
1130.8	0.14501339	0.14720815	
1131	0.14575014	0.14729982	
1131.2	0.14517383	0.14739119	
1131.4	0.14565877	0.14748226	
1131.6	0.14558134	0.14757302	
1131.8	0.14521351	0.14766348	
1132	0.1456381	0.14775363	
1132.2	0.14527531	0.14784349	
1132.4	0.14487788	0.14793305	
1132.6	0.14519221	0.14802231	
1132.8	0.14480173	0.14811127	
1133	0.14461342	0.14819994	
1133.2	0.14543383	0.14828831	
1133.4	0.14444855	0.14837639	
1133.6	0.14527313	0.14846417	
1133.8	0.14593925	0.14855166	
1134	0.14541748	0.14863886	
1134.2	0.14599127	0.14872577	
1134.4	0.14602913	0.14881239	
1134.6	0.1459322	0.14889872	
1134.8	0.14662177	0.14898476	
1135	0.14654023	0.14907052	
1135.2	0.14657722	0.14915599	
1135.4	0.14732322	0.14924118	
1135.6	0.1464582	0.14932608	
1135.8	0.14661816	0.1494107	
1136	0.14653618	0.14949504	
1136.2	0.14628791	0.1495791	
1136.4	0.1465572	0.14966288	
1136.6	0.1464964	0.14974638	
1136.8	0.1461468	0.1498296	
1137	0.14699528	0.14991254	
1137.2	0.14687824	0.14999521	
1137.4	0.14673051	0.1500776	
1137.6	0.14759541	0.15015972	
1137.8	0.14699518	0.15024156	
1138	0.14686152	0.15032313	
1138.2	0.14692942	0.15040443	
1138.4	0.146651	0.15048546	
1138.6	0.14697088	0.15056622	
1138.8	0.14731509	0.15064671	
1139	0.14732641	0.15072693	
1139.2	0.14779133	0.15080689	
1139.4	0.14823418	0.15088658	
1139.6	0.14829706	0.150966	
1139.8	0.14875905	0.15104516	
1140	0.16005817	0.15112442	
1140.2	0.15931946	0.15104362	
1140.4	0.15906135	0.15096286	
1140.6	0.15853457	0.15088215	
1140.8	0.15820791	0.15080148	
1141	0.15778613	0.15072086	
1141.2	0.15715129	0.15064027	
1141.4	0.15671143	0.15055974	
1141.6	0.15566775	0.15047924	
1141.8	0.15492557	0.15039879	
1142	0.15479381	0.15031838	
1142.2	0.15443458	0.15023801	
1142.4	0.15397336	0.15015768	
1142.6	0.15314803	0.1500774	
1142.8	0.15268458	0.14999716	
1143	0.15169397	0.14991697	
1143.2	0.15076387	0.14983682	
1143.4	0.15003588	0.14975671	
1143.6	0.14948576	0.14967664	
1143.8	0.14900611	0.14959662	
1144	0.14867968	0.14951663	
1144.2	0.14801974	0.1494367	
1144.4	0.1480122	0.1493568	
1144.6	0.1476826	0.14927695	
1144.8	0.14734916	0.14919714	
1145	0.14727128	0.14911737	
1145.2	0.14640062	0.14903764	
1145.4	0.14554272	0.14895796	
1145.6	0.14511048	0.14887832	
1145.8	0.14516125	0.14879872	
1146	0.14542468	0.14871917	
1146.2	0.14505563	0.14863966	
1146.4	0.14470726	0.14856019	
1146.6	0.14439347	0.14848076	
1146.8	0.14386037	0.14840138	
1147	0.14357922	0.14832203	
1147.2	0.14304645	0.14824273	
1147.4	0.14276761	0.14816348	
1147.6	0.14329258	0.14808426	
1147.8	0.14335568	0.14800509	
1148	0.14360779	0.14792596	
1148.2	0.14346321	0.14784687	
1148.4	0.14366535	0.14776782	
1148.6	0.14414429	0.14768882	
1148.8	0.14414254	0.14760986	
1149	0.14431293	0.14753094	
1149.2	0.14436293	0.14745206	
1149.4	0.144102	0.14737323	
1149.6	0.14453472	0.14729444	
1149.8	0.14438595	0.14721569	
1150	0.14422339	0.14713698	
1150.2	0.1437479	0.14705831	
1150.4	0.14301421	0.14697969	
1150.6	0.14287368	0.1469011	
1150.8	0.14230249	0.14682256	
1151	0.14220212	0.14674407	
1151.2	0.14199081	0.14666561	
1151.4	0.14172021	0.1465872	
1151.6	0.14198257	0.14650882	
1151.8	0.14177696	0.14643049	
1152	0.14107974	0.1463522	
1152.2	0.1414991	0.14627396	
1152.4	0.1415454	0.14619575	
1152.6	0.14146192	0.14611759	
1152.8	0.14191192	0.14603947	
1153	0.14173366	0.14596139	
1153.2	0.14195222	0.14588335	
1153.4	0.14171175	0.14580536	
1153.6	0.1416688	0.1457274	
1153.8	0.1415265	0.14564949	
1154	0.14105352	0.14557162	
1154.2	0.14068864	0.14549379	
1154.4	0.14046365	0.145416	
1154.6	0.14062499	0.14533825	
1154.8	0.14041166	0.14526055	
1155	0.14044706	0.14518289	
1155.2	0.14046195	0.14510526	
1155.4	0.14046349	0.14502768	
1155.6	0.13989159	0.14495015	
1155.8	0.13982139	0.14487265	
1156	0.13978065	0.14479519	
1156.2	0.13957558	0.14471778	
1156.4	0.13997533	0.14464041	
1156.6	0.13986833	0.14456307	
1156.8	0.13992395	0.14448578	
1157	0.1396038	0.14440854	
1157.2	0.1394108	0.14433133	
1157.4	0.13949741	0.14425416	
1157.6	0.13891618	0.14417704	
1157.8	0.13843395	0.14409995	
1158	0.13811171	0.14402291	
1158.2	0.13794405	0.14394591	
1158.4	0.13773882	0.14386895	
1158.6	0.1377929	0.14379203	
1158.8	0.13764104	0.14371515	
1159	0.1378265	0.14363832	
1159.2	0.13784325	0.14356152	
1159.4	0.13726445	0.14348477	
1159.6	0.13671426	0.14340805	
1159.8	0.13654187	0.14333138	
1160	0.13676253	0.14325475	
1160.2	0.13650867	0.14317816	
1160.4	0.1363234	0.14310161	
1160.6	0.13585006	0.1430251	
1160.8	0.13534649	0.14294863	
1161	0.13552335	0.1428722	
1161.2	0.135187	0.14279582	
1161.4	0.13539989	0.14271947	
1161.6	0.13526007	0.14264317	
1161.8	0.13531815	0.1425669	
1162	0.13555558	0.14249068	
1162.2	0.13570331	0.1424145	
1162.4	0.13587723	0.14233836	
1162.6	0.13611902	0.14226226	
1162.8	0.13642037	0.1421862	
1163	0.13623221	0.14211018	
1163.2	0.13639127	0.1420342	
1163.4	0.13651109	0.14195826	
1163.6	0.13685199	0.14188236	
1163.8	0.13720035	0.14180651	
1164	0.13693126	0.14173069	
1164.2	0.13690473	0.14165491	
1164.4	0.13681346	0.14157918	
1164.6	0.13697475	0.14150348	
1164.8	0.13725582	0.14142783	
1165	0.13724325	0.14135222	
1165.2	0.13678136	0.14127664	
1165.4	0.13663385	0.14120111	
1165.6	0.13589489	0.14112562	
1165.8	0.13587519	0.14105016	
1166	0.1355969	0.14097475	
1166.2	0.13494176	0.14089938	
1166.4	0.13447182	0.14082405	
1166.6	0.1338267	0.14074876	
1166.8	0.13345091	0.14067351	
1167	0.13287691	0.1405983	
1167.2	0.1332076	0.14052313	
1167.4	0.13334519	0.140448	
1167.6	0.13320193	0.14037291	
1167.8	0.13310016	0.14029786	
1168	0.13303859	0.14022285	
1168.2	0.13312609	0.14014788	
1168.4	0.13353352	0.14007295	
1168.6	0.13340046	0.13999806	
1168.8	0.13361015	0.13992321	
1169	0.13328254	0.1398484	
1169.2	0.1332435	0.13977363	
1169.4	0.13331374	0.1396989	
1169.6	0.13322597	0.13962421	
1169.8	0.13333023	0.13954956	
1170	0.13381919	0.13947495	
1170.2	0.1334135	0.13940038	
1170.4	0.1333098	0.13932585	
1170.6	0.13355572	0.13925136	
1170.8	0.13322007	0.13917691	
1171	0.13319546	0.1391025	
1171.2	0.13333388	0.13902813	
1171.4	0.13288514	0.1389538	
1171.6	0.13328819	0.13887951	
1171.8	0.13282721	0.13880526	
1172	0.13294622	0.13873104	
1172.2	0.13314416	0.13865687	
1172.4	0.1330432	0.13858274	
1172.6	0.13304933	0.13850865	
1172.8	0.13286247	0.13843459	
1173	0.13294245	0.13836058	
1173.2	0.13283374	0.13828661	
1173.4	0.1320795	0.13821267	
1173.6	0.13186517	0.13813878	
1173.8	0.1317771	0.13806492	
1174	0.1318686	0.13799111	
1174.2	0.13134803	0.13791733	
1174.4	0.13097402	0.13784359	
1174.6	0.13078466	0.13776989	
1174.8	0.1303218	0.13769624	
1175	0.1301897	0.13762262	
1175.2	0.12994679	0.13754904	
1175.4	0.12976958	0.1374755	
1175.6	0.12963248	0.137402	
1175.8	0.12948561	0.13732854	
1176	0.12982311	0.13725511	
1176.2	0.13007064	0.13718173	
1176.4	0.1298611	0.13710839	
1176.6	0.12993825	0.13703508	
1176.8	0.12985935	0.13696182	
1177	0.12993414	0.13688859	
1177.2	0.12947831	0.1368154	
1177.4	0.12964138	0.13674226	
1177.6	0.12968413	0.13666915	
1177.8	0.12979877	0.13659608	
1178	0.12963677	0.13652305	
1178.2	0.12933347	0.13645006	
1178.4	0.1295027	0.1363771	
1178.6	0.1292539	0.13630419	
1178.8	0.12921388	0.13623131	
1179	0.12919035	0.13615848	
1179.2	0.12922325	0.13608568	
1179.4	0.12938278	0.13601292	
1179.6	0.12879184	0.13594021	
1179.8	0.12887949	0.13586753	
1180	0.1286651	0.13579489	
1180.2	0.12887796	0.13572228	
1180.4	0.12871266	0.13564972	
1180.6	0.12908561	0.13557719	
1180.8	0.12920454	0.13550471	
1181	0.12942316	0.13543226	
1181.2	0.12924026	0.13535985	
1181.4	0.1297309	0.13528748	
1181.6	0.12985998	0.13521515	
1181.8	0.1301216	0.13514286	
1182	0.12961868	0.13507061	
1182.2	0.12975875	0.13499839	
1182.4	0.13007381	0.13492622	
1182.6	0.12998688	0.13485408	
1182.8	0.13048286	0.13478198	
1183	0.13028649	0.13470992	
1183.2	0.1305568	0.1346379	
1183.4	0.13016679	0.13456591	
1183.6	0.12949373	0.13449397	
1183.8	0.12929082	0.13442206	
1184	0.12880238	0.13435019	
1184.2	0.12868388	0.13427836	
1184.4	0.12817675	0.13420657	
1184.6	0.12820512	0.13413482	
1184.8	0.12788491	0.1340631	
1185	0.12749198	0.13399143	
1185.2	0.12684826	0.13391979	
1185.4	0.12692434	0.13384819	
1185.6	0.12642148	0.13377663	
1185.8	0.12598886	0.1337051	
1186	0.12578484	0.13363362	
1186.2	0.12643222	0.13356217	
1186.4	0.12685449	0.13349076	
1186.6	0.12713323	0.13341939	
1186.8	0.12704363	0.13334806	
1187	0.12693963	0.13327677	
1187.2	0.12733544	0.13320551	
1187.4	0.127011	0.13313429	
1187.6	0.12694584	0.13306311	
1187.8	0.12704732	0.13299197	
1188	0.1269227	0.13292087	
1188.2	0.12691258	0.1328498	
1188.4	0.12690542	0.13277877	
1188.6	0.12723489	0.13270778	
1188.8	0.12714021	0.13263683	
1189	0.12643934	0.13256592	
1189.2	0.12582135	0.13249504	
1189.4	0.12527668	0.1324242	
1189.6	0.12498579	0.1323534	
1189.8	0.12512444	0.13228264	
1190	0.12540528	0.13221192	
1190.2	0.12534091	0.13214123	
1190.4	0.12511055	0.13207058	
1190.6	0.12454921	0.13199997	
1190.8	0.12442069	0.1319294	
1191	0.12425097	0.13185886	
1191.2	0.12436435	0.13178836	
1191.4	0.12445943	0.1317179	
1191.6	0.12435869	0.13164748	
1191.8	0.12479664	0.1315771	
1192	0.12463363	0.13150675	
1192.2	0.12461426	0.13143644	
1192.4	0.12518031	0.13136617	
1192.6	0.12471234	0.13129593	
1192.8	0.12433974	0.13122574	
1193	0.12391073	0.13115558	
1193.2	0.12328425	0.13108546	
1193.4	0.12305418	0.13101537	
1193.6	0.12306138	0.13094532	
1193.8	0.12316579	0.13087531	
1194	0.12284663	0.13080534	
1194.2	0.12241055	0.13073541	
1194.4	0.12222422	0.13066551	
1194.6	0.12205168	0.13059565	
1194.8	0.12222013	0.13052583	
1195	0.12211814	0.13045604	
1195.2	0.12221027	0.1303863	
1195.4	0.1219981	0.13031659	
1195.6	0.12178704	0.13024691	
1195.8	0.12207305	0.13017728	
1196	0.12215448	0.13010768	
1196.2	0.12231892	0.13003812	
1196.4	0.12242535	0.12996859	
1196.6	0.12219904	0.1298991	
1196.8	0.12236209	0.12982965	
1197	0.12255703	0.12976024	
1197.2	0.12287551	0.12969086	
1197.4	0.12291056	0.12962153	
1197.6	0.12355007	0.12955222	
1197.8	0.12403291	0.12948296	
1198	0.12379126	0.12941373	
1198.2	0.12390869	0.12934454	
1198.4	0.12367502	0.12927539	
1198.6	0.12405662	0.12920627	
1198.8	0.12417443	0.12913719	
1199	0.12360171	0.12906815	
1199.2	0.12333162	0.12899914	
1199.4	0.12288075	0.12893017	
1199.6	0.1226813	0.12886124	
1199.8	0.12301866	0.12879235	
1200	0.1227711	0.12872349	
1200.2	0.12243428	0.12865467	
1200.4	0.12228004	0.12858588	
1200.6	0.12215068	0.12851713	
1200.8	0.12228983	0.12844842	
1201	0.12218511	0.12837975	
1201.2	0.12211778	0.12831111	
1201.4	0.12162929	0.12824251	
1201.6	0.12179069	0.12817394	
1201.8	0.12166529	0.12810542	
1202	0.12102196	0.12803693	
1202.2	0.12107947	0.12796847	
1202.4	0.12138286	0.12790005	
1202.6	0.12138813	0.12783167	
1202.8	0.12101879	0.12776333	
1203	0.12066872	0.12769502	
1203.2	0.12042669	0.12762675	
1203.4	0.12059715	0.12755851	
1203.6	0.12065537	0.12749031	
1203.8	0.12056615	0.12742215	
1204	0.12041883	0.12735403	
1204.2	0.1201588	0.12728594	
1204.4	0.11998535	0.12721788	
1204.6	0.12015886	0.12714987	
1204.8	0.11999358	0.12708189	
1205	0.11942397	0.12701394	
1205.2	0.11942283	0.12694604	
1205.4	0.1191208	0.12687816	
1205.6	0.11891302	0.12681033	
1205.8	0.11867985	0.12674253	
1206	0.11842914	0.12667477	
1206.2	0.11890898	0.12660704	
1206.4	0.11869025	0.12653935	
1206.6	0.11882773	0.1264717	
1206.8	0.11914986	0.12640408	
1207	0.119406	0.1263365	
1207.2	0.11971585	0.12626895	
1207.4	0.11975148	0.12620144	
1207.6	0.12004167	0.12613397	
1207.8	0.12013091	0.12606653	
1208	0.12022904	0.12599913	
1208.2	0.11998857	0.12593177	
1208.4	0.11970719	0.12586444	
1208.6	0.12006523	0.12579715	
1208.8	0.11949056	0.12572989	
1209	0.11915304	0.12566267	
1209.2	0.11934258	0.12559548	
1209.4	0.11933433	0.12552833	
1209.6	0.11912493	0.12546122	
1209.8	0.11906532	0.12539414	
1210	0.11906619	0.1253271	
1210.2	0.1194222	0.1252601	
1210.4	0.11938836	0.12519313	
1210.6	0.11983899	0.12512619	
1210.8	0.11997528	0.12505929	
1211	0.119461	0.12499243	
1211.2	0.11898605	0.1249256	
1211.4	0.11882593	0.12485881	
1211.6	0.11911971	0.12479206	
1211.8	0.11869261	0.12472534	
1212	0.11805456	0.12465865	
1212.2	0.11792334	0.12459201	
1212.4	0.11785992	0.12452539	
1212.6	0.11776505	0.12445882	
1212.8	0.11745587	0.12439227	
1213	0.11735693	0.12432577	
1213.2	0.11746635	0.1242593	
1213.4	0.11760309	0.12419286	
1213.6	0.11716805	0.12412646	
1213.8	0.11716874	0.1240601	
1214	0.11707226	0.12399377	
1214.2	0.1169777	0.12392748	
1214.4	0.11650836	0.12386122	
1214.6	0.11635227	0.123795	
1214.8	0.11600069	0.12372881	
1215	0.11544412	0.12366266	
1215.2	0.11570484	0.12359655	
1215.4	0.11594702	0.12353047	
1215.6	0.11648779	0.12346442	
1215.8	0.11630612	0.12339841	
1216	0.11619883	0.12333244	
1216.2	0.11664644	0.1232665	
1216.4	0.11647514	0.12320059	
1216.6	0.11597339	0.12313472	
1216.8	0.11630555	0.12306889	
1217	0.1159421	0.12300309	
1217.2	0.11617532	0.12293733	
1217.4	0.11603829	0.1228716	
1217.6	0.11604959	0.12280591	
1217.8	0.11601393	0.12274025	
1218	0.11539068	0.12267463	
1218.2	0.11500755	0.12260904	
1218.4	0.11486032	0.12254349	
1218.6	0.11482981	0.12247797	
1218.8	0.11507038	0.12241249	
1219	0.11492861	0.12234704	
1219.2	0.11492785	0.12228163	
1219.4	0.11515252	0.12221625	
1219.6	0.11469806	0.12215091	
1219.8	0.11432292	0.1220856	
1220	0.11401499	0.12202033	
1220.2	0.11353709	0.12195509	
1220.4	0.1132637	0.12188989	
1220.6	0.11285672	0.12182472	
1220.8	0.11339055	0.12175959	
1221	0.11342982	0.12169449	
1221.2	0.11354272	0.12162942	
1221.4	0.11397861	0.1215644	
1221.6	0.1141212	0.1214994	
1221.8	0.11380409	0.12143444	
1222	0.11394248	0.12136952	
1222.2	0.11393227	0.12130463	
1222.4	0.11451589	0.12123977	
1222.6	0.11498193	0.12117495	
1222.8	0.11510088	0.12111017	
1223	0.11493006	0.12104542	
1223.2	0.11509564	0.1209807	
1223.4	0.11513	0.12091602	
1223.6	0.11497474	0.12085137	
1223.8	0.11487232	0.12078676	
1224	0.11415535	0.12072218	
1224.2	0.11358134	0.12065764	
1224.4	0.11364444	0.12059313	
1224.6	0.11361186	0.12052865	
1224.8	0.11355562	0.12046421	
1225	0.11331806	0.12039981	
1225.2	0.11362607	0.12033543	
1225.4	0.11328054	0.1202711	
1225.6	0.11281333	0.12020679	
1225.8	0.11262619	0.12014253	
1226	0.11218071	0.12007829	
1226.2	0.1122731	0.12001409	
1226.4	0.11243932	0.11994993	
1226.6	0.11251157	0.1198858	
1226.8	0.11221834	0.1198217	
1227	0.11186818	0.11975764	
1227.2	0.11215576	0.11969361	
1227.4	0.11203652	0.11962962	
1227.6	0.11196741	0.11956566	
1227.8	0.1119795	0.11950173	
1228	0.11186334	0.11943784	
1228.2	0.11197246	0.11937398	
1228.4	0.11216352	0.11931016	
1228.6	0.112437	0.11924637	
1228.8	0.11290909	0.11918262	
1229	0.11281954	0.1191189	
1229.2	0.11320765	0.11905521	
1229.4	0.11279429	0.11899156	
1229.6	0.11243774	0.11892794	
1229.8	0.11221171	0.11886436	
1230	0.11193808	0.1188008	
1230.2	0.11184388	0.11873729	
1230.4	0.11153864	0.11867381	
1230.6	0.11125914	0.11861036	
1230.8	0.11076994	0.11854694	
1231	0.1103596	0.11848356	
1231.2	0.10984861	0.11842022	
1231.4	0.11010675	0.1183569	
1231.6	0.11007001	0.11829362	
1231.8	0.10993062	0.11823038	
1232	0.10971674	0.11816717	
1232.2	0.10975054	0.11810399	
1232.4	0.10966209	0.11804084	
1232.6	0.11057635	0.11797773	
1232.8	0.11068332	0.11791466	
1233	0.11076558	0.11785162	
1233.2	0.11143318	0.11778861	
1233.4	0.11111558	0.11772563	
1233.6	0.1111288	0.11766269	
1233.8	0.11108971	0.11759978	
1234	0.11073528	0.11753691	
1234.2	0.11053959	0.11747407	
1234.4	0.11029488	0.11741126	
1234.6	0.10994848	0.11734849	
1234.8	0.10953468	0.11728575	
1235	0.10894246	0.11722304	
1235.2	0.10882723	0.11716037	
1235.4	0.10899677	0.11709773	
1235.6	0.1086302	0.11703512	
1235.8	0.10908331	0.11697255	
1236	0.10862326	0.11691001	
1236.2	0.10881545	0.1168475	
1236.4	0.10952849	0.11678503	
1236.6	0.11005035	0.11672259	
1236.8	0.1106829	0.11666019	
1237	0.11075447	0.11659782	
1237.2	0.11090915	0.11653548	
1237.4	0.1107754	0.11647317	
1237.6	0.11075026	0.1164109	
1237.8	0.11047886	0.11634866	
1238	0.11041587	0.11628646	
1238.2	0.11015894	0.11622428	
1238.4	0.11005842	0.11616215	
1238.6	0.10957262	0.11610004	
1238.8	0.10919944	0.11603797	
1239	0.10887046	0.11597593	
1239.2	0.10858324	0.11591392	
1239.4	0.10882365	0.11585195	
1239.6	0.10935722	0.11579001	
1239.8	0.10930369	0.1157281	
1240	0.1090912	0.11566623	
1240.2	0.10935341	0.11560439	
1240.4	0.10968974	0.11554258	
1240.6	0.10971473	0.11548081	
1240.8	0.10987921	0.11541907	
1241	0.10967475	0.11535736	
1241.2	0.11016932	0.11529568	
1241.4	0.10979039	0.11523404	
1241.6	0.11021308	0.11517243	
1241.8	0.11009895	0.11511085	
1242	0.10988662	0.11504931	
1242.2	0.1095365	0.1149878	
1242.4	0.10880846	0.11492632	
1242.6	0.10851664	0.11486488	
1242.8	0.10831885	0.11480346	
1243	0.10813373	0.11474208	
1243.2	0.10841491	0.11468074	
1243.4	0.10831605	0.11461942	
1243.6	0.10822417	0.11455814	
1243.8	0.10790381	0.1144969	
1244	0.10769292	0.11443568	
1244.2	0.10767023	0.1143745	
1244.4	0.10767367	0.11431335	
1244.6	0.1080361	0.11425223	
1244.8	0.10868716	0.11419115	
1245	0.10878921	0.11413009	
1245.2	0.10924813	0.11406907	
1245.4	0.10959622	0.11400809	
1245.6	0.10963654	0.11394713	
1245.8	0.10944825	0.11388621	
1246	0.10920142	0.11382532	
1246.2	0.1087191	0.11376447	
1246.4	0.10853753	0.11370364	
1246.6	0.1086113	0.11364285	
1246.8	0.1085001	0.11358209	
1247	0.10833736	0.11352137	
1247.2	0.10780499	0.11346067	
1247.4	0.10757651	0.11340001	
1247.6	0.1074546	0.11333938	
1247.8	0.10717811	0.11327879	
1248	0.10729298	0.11321822	
1248.2	0.10722579	0.11315769	
1248.4	0.10683064	0.11309719	
1248.6	0.1077762	0.11303672	
1248.8	0.10783863	0.11297629	
1249	0.10787482	0.11291589	
1249.2	0.10773643	0.11285552	
1249.4	0.10751177	0.11279518	
1249.6	0.10713287	0.11273487	
1249.8	0.10692969	0.1126746	
1250	0.10649191	0.11261436	
1250.2	0.10641017	0.11255415	
1250.4	0.10594515	0.11249397	
1250.6	0.10590427	0.11243383	
1250.8	0.10595419	0.11237372	
1251	0.10607838	0.11231364	
1251.2	0.10593675	0.11225359	
1251.4	0.10578828	0.11219357	
1251.6	0.10554669	0.11213359	
1251.8	0.10602185	0.11207364	
1252	0.10563876	0.11201372	
1252.2	0.10548475	0.11195383	
1252.4	0.10545493	0.11189397	
1252.6	0.10584138	0.11183415	
1252.8	0.10545102	0.11177436	
1253	0.1053219	0.1117146	
1253.2	0.10517675	0.11165487	
1253.4	0.10539737	0.11159517	
1253.6	0.10491112	0.11153551	
1253.8	0.1051785	0.11147588	
1254	0.10497834	0.11141628	
1254.2	0.10516913	0.11135671	
1254.4	0.1052389	0.11129717	
1254.6	0.10536217	0.11123767	
1254.8	0.10560246	0.1111782	
1255	0.10573889	0.11111876	
1255.2	0.10536304	0.11105935	
1255.4	0.10525707	0.11099997	
1255.6	0.10504329	0.11094062	
1255.8	0.10533434	0.11088131	
1256	0.10505891	0.11082203	
1256.2	0.10474885	0.11076278	
1256.4	0.10456367	0.11070356	
1256.6	0.10464449	0.11064437	
1256.8	0.1042647	0.11058521	
1257	0.10480001	0.11052609	
1257.2	0.10445746	0.110467	
1257.4	0.10427896	0.11040794	
1257.6	0.10418216	0.11034891	
1257.8	0.10434629	0.11028991	
1258	0.10394571	0.11023094	
1258.2	0.10401587	0.11017201	
1258.4	0.10366191	0.11011311	
1258.6	0.10394088	0.11005423	
1258.8	0.10409451	0.10999539	
1259	0.10407614	0.10993659	
1259.2	0.10391696	0.10987781	
1259.4	0.10346431	0.10981906	
1259.6	0.10350117	0.10976035	
1259.8	0.10367287	0.10970167	
1260	0.10341434	0.10964301	
1260.2	0.1031593	0.10958439	
1260.4	0.10269036	0.1095258	
1260.6	0.10280321	0.10946725	
1260.8	0.10282657	0.10940872	
1261	0.10293291	0.10935023	
1261.2	0.10227849	0.10929176	
1261.4	0.1024228	0.10923333	
1261.6	0.10245878	0.10917493	
1261.8	0.10215892	0.10911656	
1262	0.10188097	0.10905822	
1262.2	0.1020615	0.10899991	
1262.4	0.10241027	0.10894164	
1262.6	0.10280636	0.10888339	
1262.8	0.10327785	0.10882518	
1263	0.1034349	0.10876699	
1263.2	0.10363306	0.10870884	
1263.4	0.1036258	0.10865072	
1263.6	0.10382993	0.10859263	
1263.8	0.10392092	0.10853457	
1264	0.10369958	0.10847654	
1264.2	0.1035688	0.10841855	
1264.4	0.10327118	0.10836058	
1264.6	0.1033287	0.10830265	
1264.8	0.103081	0.10824474	
1265	0.10262078	0.10818687	
1265.2	0.10263138	0.10812903	
1265.4	0.1025582	0.10807122	
1265.6	0.10252522	0.10801344	
1265.8	0.10163225	0.10795569	
1266	0.10190151	0.10789797	
1266.2	0.10197025	0.10784028	
1266.4	0.1021139	0.10778263	
1266.6	0.10202462	0.107725	
1266.8	0.1023015	0.10766741	
1267	0.10204518	0.10760984	
1267.2	0.1020951	0.10755231	
1267.4	0.10141999	0.10749481	
1267.6	0.10157982	0.10743734	
1267.8	0.10141069	0.1073799	
1268	0.10100551	0.10732249	
1268.2	0.10133364	0.10726511	
1268.4	0.10084117	0.10720776	
1268.6	0.10073451	0.10715044	
1268.8	0.10039134	0.10709315	
1269	0.10006931	0.10703589	
1269.2	0.10057641	0.10697867	
1269.4	0.10006656	0.10692147	
1269.6	0.09974232	0.10686431	
1269.8	0.09937157	0.10680717	
1270	0.09938489	0.10675007	
1270.2	0.09899105	0.10669299	
1270.4	0.09895086	0.10663595	
1270.6	0.09869646	0.10657894	
1270.8	0.09902475	0.10652196	
1271	0.098632	0.106465	
1271.2	0.09873758	0.10640808	
1271.4	0.09899897	0.10635119	
1271.6	0.09925033	0.10629433	
1271.8	0.09944917	0.1062375	
1272	0.09949243	0.1061807	
1272.2	0.09978722	0.10612393	
1272.4	0.09978925	0.1060672	
1272.6	0.09980652	0.10601049	
1272.8	0.09958321	0.10595381	
1273	0.09983972	0.10589716	
1273.2	0.10003654	0.10584054	
1273.4	0.09985252	0.10578396	
1273.6	0.09976087	0.1057274	
1273.8	0.09939632	0.10567087	
1274	0.09972281	0.10561438	
1274.2	0.09966128	0.10555791	
1274.4	0.09979067	0.10550147	
1274.6	0.09960738	0.10544507	
1274.8	0.09929784	0.10538869	
1275	0.09889232	0.10533235	
1275.2	0.09910929	0.10527603	
1275.4	0.09877884	0.10521974	
1275.6	0.09834862	0.10516349	
1275.8	0.09829853	0.10510726	
1276	0.09799441	0.10505107	
1276.2	0.09767104	0.1049949	
1276.4	0.09727288	0.10493877	
1276.6	0.09742559	0.10488266	
1276.8	0.09738822	0.10482659	
1277	0.09755172	0.10477054	
1277.2	0.09789275	0.10471453	
1277.4	0.09807662	0.10465854	
1277.6	0.09813009	0.10460259	
1277.8	0.09862676	0.10454666	
1278	0.09905865	0.10449077	
1278.2	0.09884954	0.1044349	
1278.4	0.09907241	0.10437906	
1278.6	0.09905119	0.10432326	
1278.8	0.09893938	0.10426748	
1279	0.09908778	0.10421174	
1279.2	0.09888242	0.10415602	
1279.4	0.09891301	0.10410033	
1279.6	0.09867196	0.10404468	
1279.8	0.09866271	0.10398905	
1280	0.09795599	0.10393345	
1280.2	0.09763235	0.10387788	
1280.4	0.09793059	0.10382235	
1280.6	0.0980359	0.10376684	
1280.8	0.09814784	0.10371136	
1281	0.09828045	0.10365591	
1281.2	0.09834674	0.10360049	
1281.4	0.09861054	0.1035451	
1281.6	0.09842473	0.10348974	
1281.8	0.09895363	0.10343441	
1282	0.09893637	0.10337911	
1282.2	0.09841825	0.10332384	
1282.4	0.09862082	0.1032686	
1282.6	0.09855033	0.10321339	
1282.8	0.0981957	0.1031582	
1283	0.09832406	0.10310305	
1283.2	0.09766464	0.10304793	
1283.4	0.0976695	0.10299283	
1283.6	0.09714398	0.10293777	
1283.8	0.09701561	0.10288273	
1284	0.09672047	0.10282773	
1284.2	0.09711892	0.10277275	
1284.4	0.09688969	0.1027178	
1284.6	0.09664942	0.10266288	
1284.8	0.09675604	0.102608	
1285	0.09642219	0.10255314	
1285.2	0.0964659	0.10249831	
1285.4	0.09632798	0.10244351	
1285.6	0.09642211	0.10238874	
1285.8	0.09682514	0.10233399	
1286	0.09659837	0.10227928	
1286.2	0.09593276	0.1022246	
1286.4	0.09611006	0.10216994	
1286.6	0.09613762	0.10211532	
1286.8	0.09629634	0.10206072	
1287	0.09613449	0.10200616	
1287.2	0.0956051	0.10195162	
1287.4	0.09585255	0.10189711	
1287.6	0.09551904	0.10184263	
1287.8	0.09585505	0.10178818	
1288	0.09578824	0.10173376	
1288.2	0.09595149	0.10167937	
1288.4	0.09549458	0.10162501	
1288.6	0.09508378	0.10157068	
1288.8	0.09539169	0.10151637	
1289	0.09540398	0.1014621	
1289.2	0.09562931	0.10140785	
1289.4	0.09602567	0.10135363	
1289.6	0.09573082	0.10129944	
1289.8	0.09580929	0.10124528	
1290	0.09562994	0.10119115	
1290.2	0.09505778	0.10113705	
1290.4	0.09587559	0.10108298	
1290.6	0.09607544	0.10102894	
1290.8	0.09608844	0.10097492	
1291	0.09587825	0.10092094	
1291.2	0.09549124	0.10086698	
1291.4	0.09562505	0.10081305	
1291.6	0.09542311	0.10075915	
1291.8	0.09495211	0.10070528	
1292	0.09529693	0.10065144	
1292.2	0.09548555	0.10059763	
1292.4	0.09523386	0.10054384	
1292.6	0.0951853	0.10049009	
1292.8	0.09548777	0.10043636	
1293	0.09573815	0.10038266	
1293.2	0.09585746	0.10032899	
1293.4	0.09519986	0.10027535	
1293.6	0.0944457	0.10022174	
1293.8	0.09456257	0.10016816	
1294	0.09376613	0.1001146	
1294.2	0.09415092	0.10006108	
1294.4	0.09409874	0.10000758	
1294.6	0.09354457	0.09995411	
1294.8	0.09322122	0.09990067	
1295	0.09272997	0.09984726	
1295.2	0.09278118	0.09979388	
1295.4	0.09270735	0.09974052	
1295.6	0.09243352	0.09968719	
1295.8	0.09272684	0.0996339	
1296	0.09325582	0.09958063	
1296.2	0.09313015	0.09952739	
1296.4	0.09340111	0.09947418	
1296.6	0.09332351	0.09942099	
1296.8	0.09380472	0.09936784	
1297	0.09402566	0.09931471	
1297.2	0.09370073	0.09926161	
1297.4	0.09353791	0.09920854	
1297.6	0.09350104	0.0991555	
1297.8	0.0933718	0.09910249	
1298	0.0932095	0.0990495	
1298.2	0.09309437	0.09899655	
1298.4	0.09277928	0.09894362	
1298.6	0.09279456	0.09889072	
1298.8	0.0925596	0.09883785	
1299	0.09280344	0.098785	
1299.2	0.09315597	0.09873219	
1299.4	0.09331811	0.0986794	
1299.6	0.09349362	0.09862664	
1299.8	0.09339921	0.09857391	
1300	0.09361458	0.09852121	
1300.2	0.09348492	0.09846854	
1300.4	0.09373862	0.09841589	
1300.6	0.09387527	0.09836327	
1300.8	0.09387669	0.09831068	
1301	0.09370951	0.09825812	
1301.2	0.09370964	0.09820559	
1301.4	0.09328515	0.09815308	
1301.6	0.09355472	0.09810061	
1301.8	0.09344746	0.09804816	
1302	0.09273099	0.09799574	
1302.2	0.09208962	0.09794334	
1302.4	0.09159834	0.09789098	
1302.6	0.09114514	0.09783864	
1302.8	0.09122749	0.09778633	
1303	0.09135698	0.09773405	
1303.2	0.09182409	0.0976818	
1303.4	0.09168345	0.09762957	
1303.6	0.09147123	0.09757738	
1303.8	0.09139599	0.09752521	
1304	0.09125257	0.09747306	
1304.2	0.09104388	0.09742095	
1304.4	0.09151309	0.09736886	
1304.6	0.09145829	0.09731681	
1304.8	0.09143493	0.09726478	
1305	0.09147108	0.09721277	
1305.2	0.09119935	0.0971608	
1305.4	0.09123438	0.09710885	
1305.6	0.09167307	0.09705693	
1305.8	0.09161988	0.09700504	
1306	0.0912587	0.09695318	
1306.2	0.09070476	0.09690134	
1306.4	0.09081295	0.09684954	
1306.6	0.0909988	0.09679776	
1306.8	0.0912389	0.096746	
1307	0.09171301	0.09669428	
1307.2	0.09128834	0.09664258	
1307.4	0.0913629	0.09659091	
1307.6	0.09159058	0.09653927	
1307.8	0.09114187	0.09648766	
1308	0.09107783	0.09643607	
1308.2	0.09148094	0.09638451	
1308.4	0.09120564	0.09633298	
1308.6	0.09160336	0.09628147	
1308.8	0.09125324	0.09623	
1309	0.09124799	0.09617855	
1309.2	0.09115634	0.09612713	
1309.4	0.09104916	0.09607573	
1309.6	0.09120476	0.09602437	
1309.8	0.09122867	0.09597303	
1310	0.09082453	0.09592172	
1310.2	0.09045538	0.09587043	
1310.4	0.09048876	0.09581917	
1310.6	0.0899358	0.09576794	
1310.8	0.09013033	0.09571674	
1311	0.08991876	0.09566557	
1311.2	0.08981013	0.09561442	
1311.4	0.09001924	0.0955633	
1311.6	0.08985733	0.09551221	
1311.8	0.09012141	0.09546114	
1312	0.08992271	0.09541011	
1312.2	0.09026857	0.09535909	
1312.4	0.09042999	0.09530811	
1312.6	0.09094481	0.09525715	
1312.8	0.09086655	0.09520623	
1313	0.09119963	0.09515532	
1313.2	0.09109825	0.09510445	
1313.4	0.09124257	0.0950536	
1313.6	0.09091772	0.09500278	
1313.8	0.09115038	0.09495199	
1314	0.09130119	0.09490122	
1314.2	0.09076271	0.09485049	
1314.4	0.0907641	0.09479977	
1314.6	0.0901291	0.09474909	
1314.8	0.0898693	0.09469843	
1315	0.08952556	0.0946478	
1315.2	0.08915833	0.0945972	
1315.4	0.08903003	0.09454662	
1315.6	0.08912769	0.09449607	
1315.8	0.08877255	0.09444555	
1316	0.08881356	0.09439506	
1316.2	0.08924586	0.09434459	
1316.4	0.08882997	0.09429415	
1316.6	0.08931014	0.09424373	
1316.8	0.08905873	0.09419335	
1317	0.08897615	0.09414299	
1317.2	0.08942346	0.09409265	
1317.4	0.08963192	0.09404235	
1317.6	0.08943859	0.09399207	
1317.8	0.08974853	0.09394182	
1318	0.08964954	0.09389159	
1318.2	0.08960643	0.09384139	
1318.4	0.08957337	0.09379122	
1318.6	0.08930221	0.09374107	
1318.8	0.0894024	0.09369096	
1319	0.08893308	0.09364086	
1319.2	0.08865563	0.0935908	
1319.4	0.08855135	0.09354076	
1319.6	0.08791389	0.09349075	
1319.8	0.08784422	0.09344077	
1320	0.08765302	0.09339081	
1320.2	0.08726087	0.09334088	
1320.4	0.0871581	0.09329097	
1320.6	0.0872933	0.09324109	
1320.8	0.08707044	0.09319124	
1321	0.08724215	0.09314142	
1321.2	0.08774838	0.09309162	
1321.4	0.08803913	0.09304185	
1321.6	0.08794317	0.09299211	
1321.8	0.08814783	0.09294239	
1322	0.0882895	0.0928927	
1322.2	0.08835802	0.09284303	
1322.4	0.0886959	0.09279339	
1322.6	0.08879549	0.09274378	
1322.8	0.08880073	0.0926942	
1323	0.08879465	0.09264464	
1323.2	0.0885738	0.09259511	
1323.4	0.08802776	0.0925456	
1323.6	0.08806509	0.09249612	
1323.8	0.08796538	0.09244667	
1324	0.08764441	0.09239724	
1324.2	0.08799642	0.09234784	
1324.4	0.08804451	0.09229847	
1324.6	0.08802931	0.09224912	
1324.8	0.08784054	0.0921998	
1325	0.08769171	0.09215051	
1325.2	0.08795916	0.09210124	
1325.4	0.08762907	0.092052	
1325.6	0.08764066	0.09200278	
1325.8	0.08755844	0.09195359	
1326	0.08718124	0.09190443	
1326.2	0.08744833	0.09185529	
1326.4	0.08743198	0.09180618	
1326.6	0.08703474	0.0917571	
1326.8	0.08704784	0.09170804	
1327	0.08669552	0.09165901	
1327.2	0.08651397	0.09161001	
1327.4	0.08651522	0.09156103	
1327.6	0.08650288	0.09151207	
1327.8	0.08668442	0.09146315	
1328	0.08680205	0.09141425	
1328.2	0.08722674	0.09136537	
1328.4	0.08761093	0.09131652	
1328.6	0.08725366	0.0912677	
1328.8	0.0873368	0.09121891	
1329	0.08727515	0.09117014	
1329.2	0.08730655	0.09112139	
1329.4	0.08762187	0.09107267	
1329.6	0.08758211	0.09102398	
1329.8	0.08720487	0.09097532	
1330	0.08747769	0.09092668	
1330.2	0.08676003	0.09087806	
1330.4	0.08657835	0.09082948	
1330.6	0.0864761	0.09078091	
1330.8	0.08583343	0.09073238	
1331	0.0857187	0.09068387	
1331.2	0.08552121	0.09063539	
1331.4	0.08503772	0.09058693	
1331.6	0.08519	0.0905385	
1331.8	0.08477625	0.09049009	
1332	0.08484254	0.09044171	
1332.2	0.08464573	0.09039336	
1332.4	0.08456576	0.09034503	
1332.6	0.08467047	0.09029672	
1332.8	0.0847239	0.09024845	
1333	0.08473405	0.0902002	
1333.2	0.0849219	0.09015197	
1333.4	0.08495811	0.09010377	
1333.6	0.08478593	0.0900556	
1333.8	0.08523867	0.09000745	
1334	0.08485571	0.08995933	
1334.2	0.0845691	0.08991123	
1334.4	0.08535717	0.08986316	
1334.6	0.08506181	0.08981512	
1334.8	0.08535563	0.0897671	
1335	0.08543145	0.0897191	
1335.2	0.08559261	0.08967113	
1335.4	0.08575255	0.08962319	
1335.6	0.08550606	0.08957528	
1335.8	0.08541703	0.08952738	
1336	0.08504738	0.08947952	
1336.2	0.08474421	0.08943168	
1336.4	0.08502989	0.08938386	
1336.6	0.08495983	0.08933608	
1336.8	0.08477357	0.08928831	
1337	0.08481043	0.08924057	
1337.2	0.08408349	0.08919286	
1337.4	0.08435819	0.08914518	
1337.6	0.08427502	0.08909751	
1337.8	0.08391074	0.08904988	
1338	0.08372336	0.08900227	
1338.2	0.08404077	0.08895468	
1338.4	0.08430333	0.08890713	
1338.6	0.08460751	0.08885959	
1338.8	0.08468613	0.08881208	
1339	0.08447395	0.0887646	
1339.2	0.08419529	0.08871714	
1339.4	0.08343778	0.08866971	
1339.6	0.08333402	0.0886223	
1339.8	0.08272712	0.08857492	
1340	0.08207205	0.08852756	
1340.2	0.08296052	0.08848023	
1340.4	0.08287942	0.08843293	
1340.6	0.0830827	0.08838565	
1340.8	0.08317657	0.08833839	
1341	0.08278273	0.08829116	
1341.2	0.08282896	0.08824396	
1341.4	0.08316131	0.08819678	
1341.6	0.08262683	0.08814962	
1341.8	0.08291819	0.0881025	
1342	0.08319339	0.08805539	
1342.2	0.08327832	0.08800831	
1342.4	0.08356694	0.08796126	
1342.6	0.08299174	0.08791423	
1342.8	0.08252193	0.08786723	
1343	0.08260173	0.08782025	
1343.2	0.08238509	0.0877733	
1343.4	0.08273078	0.08772637	
1343.6	0.08266671	0.08767947	
1343.8	0.08244244	0.08763259	
1344	0.08327508	0.08758574	
1344.2	0.08325354	0.08753891	
1344.4	0.08319749	0.08749211	
1344.6	0.08345445	0.08744533	
1344.8	0.08294655	0.08739858	
1345	0.08342553	0.08735185	
1345.2	0.08290377	0.08730515	
1345.4	0.08248933	0.08725847	
1345.6	0.08233889	0.08721182	
1345.8	0.08200706	0.08716519	
1346	0.08188487	0.08711859	
1346.2	0.08186845	0.08707201	
1346.4	0.08160042	0.08702546	
1346.6	0.08154341	0.08697893	
1346.8	0.08193566	0.08693243	
1347	0.0821964	0.08688595	
1347.2	0.0825181	0.0868395	
1347.4	0.08214991	0.08679307	
1347.6	0.08156705	0.08674666	
1347.8	0.08178011	0.08670029	
1348	0.08170308	0.08665393	
1348.2	0.08198065	0.0866076	
1348.4	0.08263703	0.0865613	
1348.6	0.08251202	0.08651502	
1348.8	0.08232594	0.08646876	
1349	0.0828268	0.08642253	
1349.2	0.08202403	0.08637633	
1349.4	0.08222126	0.08633015	
1349.6	0.08161828	0.08628399	
1349.8	0.08123149	0.08623786	
1350	0.08149902	0.08619175	
1350.2	0.08102185	0.08614567	
1350.4	0.0811448	0.08609961	
1350.6	0.08058624	0.08605358	
1350.8	0.0799013	0.08600757	
1351	0.08028364	0.08596159	
1351.2	0.08008181	0.08591563	
1351.4	0.07974537	0.08586969	
1351.6	0.07996663	0.08582378	
1351.8	0.07971275	0.0857779	
1352	0.07998623	0.08573204	
1352.2	0.08043511	0.0856862	
1352.4	0.08048198	0.08564039	
1352.6	0.0811477	0.0855946	
1352.8	0.08137899	0.08554884	
1353	0.08155392	0.0855031	
1353.2	0.08183126	0.08545739	
1353.4	0.08091925	0.0854117	
1353.6	0.08047661	0.08536603	
1353.8	0.08034678	0.08532039	
1354	0.07979095	0.08527478	
1354.2	0.07939629	0.08522918	
1354.4	0.07903404	0.08518362	
1354.6	0.07804102	0.08513807	
1354.8	0.07802621	0.08509256	
1355	0.07796981	0.08504706	
1355.2	0.07800834	0.08500159	
1355.4	0.07782242	0.08495614	
1355.6	0.07725283	0.08491072	
1355.8	0.07680485	0.08486533	
1356	0.07741118	0.08481995	
1356.2	0.07796935	0.0847746	
1356.4	0.07843734	0.08472928	
1356.6	0.07905535	0.08468398	
1356.8	0.07909027	0.0846387	
1357	0.07927025	0.08459345	
1357.2	0.07931871	0.08454822	
1357.4	0.07970676	0.08450302	
1357.6	0.08045513	0.08445784	
1357.8	0.08009219	0.08441269	
1358	0.08082226	0.08436756	
1358.2	0.08061615	0.08432245	
1358.4	0.08040323	0.08427737	
1358.6	0.08058007	0.08423231	
1358.8	0.07990771	0.08418727	
1359	0.07998145	0.08414226	
1359.2	0.08009277	0.08409728	
1359.4	0.07958327	0.08405231	
1359.6	0.07939762	0.08400738	
1359.8	0.07915047	0.08396246	
1360	0.07933312	0.08391757	
1360.2	0.07898907	0.08387271	
1360.4	0.07858201	0.08382786	
1360.6	0.07867873	0.08378304	
1360.8	0.0786336	0.08373825	
1361	0.07869236	0.08369348	
1361.2	0.07899597	0.08364873	
1361.4	0.07957187	0.08360401	
1361.6	0.07916422	0.08355931	
1361.8	0.07893467	0.08351464	
1362	0.07885212	0.08346999	
1362.2	0.07850352	0.08342536	
1362.4	0.07858561	0.08338076	
1362.6	0.07819955	0.08333618	
1362.8	0.0779497	0.08329162	
1363	0.07806555	0.08324709	
1363.2	0.0780712	0.08320258	
1363.4	0.07836575	0.0831581	
1363.6	0.07793496	0.08311364	
1363.8	0.07777658	0.0830692	
1364	0.07805816	0.08302479	
1364.2	0.07740019	0.0829804	
1364.4	0.0779883	0.08293604	
1364.6	0.07799691	0.08289169	
1364.8	0.07803058	0.08284738	
1365	0.07844424	0.08280308	
1365.2	0.07842515	0.08275881	
1365.4	0.07872649	0.08271457	
1365.6	0.07908298	0.08267034	
1365.8	0.07871718	0.08262614	
1366	0.07859968	0.08258197	
1366.2	0.07894214	0.08253781	
1366.4	0.07835657	0.08249369	
1366.6	0.07822795	0.08244958	
1366.8	0.07842085	0.0824055	
1367	0.07836638	0.08236144	
1367.2	0.07868674	0.08231741	
1367.4	0.07846632	0.0822734	
1367.6	0.0783317	0.08222941	
1367.8	0.07843728	0.08218545	
1368	0.07809627	0.08214151	
1368.2	0.07768063	0.08209759	
1368.4	0.07759036	0.0820537	
1368.6	0.07707625	0.08200983	
1368.8	0.07751113	0.08196598	
1369	0.0770033	0.08192216	
1369.2	0.0769776	0.08187836	
1369.4	0.07728727	0.08183458	
1369.6	0.07695293	0.08179083	
1369.8	0.07699405	0.0817471	
1370	0.07675002	0.08170339	
1370.2	0.07641165	0.08165971	
1370.4	0.07654117	0.08161605	
1370.6	0.07619287	0.08157242	
1370.8	0.07658383	0.0815288	
1371	0.07723405	0.08148522	
1371.2	0.0771503	0.08144165	
1371.4	0.07768475	0.08139811	
1371.6	0.07823234	0.08135459	
1371.8	0.07796184	0.08131109	
1372	0.07809767	0.08126762	
1372.2	0.07768594	0.08122417	
1372.4	0.0774547	0.08118074	
1372.6	0.07791985	0.08113734	
1372.8	0.07781148	0.08109396	
1373	0.07684113	0.0810506	
1373.2	0.07716607	0.08100727	
1373.4	0.07676054	0.08096396	
1373.6	0.07680322	0.08092067	
1373.8	0.07641924	0.08087741	
1374	0.07559876	0.08083417	
1374.2	0.07560926	0.08079095	
1374.4	0.07484949	0.08074776	
1374.6	0.07443934	0.08070459	
1374.8	0.0750832	0.08066144	
1375	0.07479879	0.08061831	
1375.2	0.07475909	0.08057521	
1375.4	0.07501342	0.08053213	
1375.6	0.0748836	0.08048907	
1375.8	0.07524134	0.08044604	
1376	0.07534834	0.08040303	
1376.2	0.07537763	0.08036004	
1376.4	0.07625983	0.08031708	
1376.6	0.07618394	0.08027414	
1376.8	0.07621743	0.08023122	
1377	0.07627387	0.08018832	
1377.2	0.07653585	0.08014545	
1377.4	0.0767043	0.0801026	
1377.6	0.07626018	0.08005978	
1377.8	0.07551087	0.08001697	
1378	0.07595078	0.07997419	
1378.2	0.07503757	0.07993143	
1378.4	0.07485607	0.0798887	
1378.6	0.07541232	0.07984599	
1378.8	0.07487438	0.0798033	
1379	0.07462363	0.07976063	
1379.2	0.07471935	0.07971799	
1379.4	0.07461778	0.07967537	
1379.6	0.07493176	0.07963277	
1379.8	0.07518299	0.07959019	
1380	0.07499427	0.07954764	
1380.2	0.07577052	0.07950511	
1380.4	0.07568194	0.0794626	
1380.6	0.07562232	0.07942012	
1380.8	0.07603857	0.07937766	
1381	0.07604857	0.07933522	
1381.2	0.07617179	0.0792928	
1381.4	0.07584787	0.07925041	
1381.6	0.07518319	0.07920804	
1381.8	0.0754024	0.07916569	
1382	0.07531998	0.07912336	
1382.2	0.07509186	0.07908106	
1382.4	0.07580347	0.07903878	
1382.6	0.07586557	0.07899652	
1382.8	0.07560138	0.07895429	
1383	0.07573522	0.07891207	
1383.2	0.07539589	0.07886988	
1383.4	0.07559295	0.07882772	
1383.6	0.07502963	0.07878557	
1383.8	0.07512692	0.07874345	
1384	0.07525658	0.07870135	
1384.2	0.07489624	0.07865927	
1384.4	0.07480335	0.07861722	
1384.6	0.07492055	0.07857518	
1384.8	0.07430523	0.07853317	
1385	0.07416306	0.07849119	
1385.2	0.07361925	0.07844922	
1385.4	0.07315795	0.07840728	
1385.6	0.07316137	0.07836536	
1385.8	0.07299582	0.07832346	
1386	0.0733313	0.07828159	
1386.2	0.07339688	0.07823973	
1386.4	0.07331873	0.0781979	
1386.6	0.07397874	0.07815609	
1386.8	0.07362439	0.07811431	
1387	0.0735373	0.07807254	
1387.2	0.07375325	0.0780308	
1387.4	0.07359174	0.07798908	
1387.6	0.07322651	0.07794739	
1387.8	0.07365316	0.07790571	
1388	0.07291346	0.07786406	
1388.2	0.07299742	0.07782243	
1388.4	0.07351139	0.07778082	
1388.6	0.07268402	0.07773924	
1388.8	0.07289059	0.07769768	
1389	0.07293673	0.07765613	
1389.2	0.07289285	0.07761462	
1389.4	0.07327959	0.07757312	
1389.6	0.07267456	0.07753165	
1389.8	0.07259716	0.07749019	
1390	0.07286733	0.07744876	
1390.2	0.072021	0.07740736	
1390.4	0.07254135	0.07736597	
1390.6	0.07240947	0.07732461	
1390.8	0.07184677	0.07728327	
1391	0.07245602	0.07724195	
1391.2	0.07203436	0.07720065	
1391.4	0.07192154	0.07715937	
1391.6	0.07224365	0.07711812	
1391.8	0.07214683	0.07707689	
1392	0.07215832	0.07703568	
1392.2	0.07210496	0.07699449	
1392.4	0.07210143	0.07695333	
1392.6	0.07258303	0.07691219	
1392.8	0.07286733	0.07687107	
1393	0.07247018	0.07682997	
1393.2	0.07321299	0.07678889	
1393.4	0.07274836	0.07674784	
1393.6	0.07221322	0.0767068	
1393.8	0.07213924	0.07666579	
1394	0.07177603	0.0766248	
1394.2	0.07185901	0.07658383	
1394.4	0.07193701	0.07654289	
1394.6	0.07138828	0.07650197	
1394.8	0.07199996	0.07646106	
1395	0.0723378	0.07642019	
1395.2	0.07151545	0.07637933	
1395.4	0.07209204	0.07633849	
1395.6	0.07140084	0.07629768	
1395.8	0.07114013	0.07625689	
1396	0.07102938	0.07621611	
1396.2	0.07017414	0.07617537	
1396.4	0.07042866	0.07613464	
1396.6	0.07057019	0.07609393	
1396.8	0.06951711	0.07605325	
1397	0.06969637	0.07601259	
1397.2	0.06969328	0.07597195	
1397.4	0.0689117	0.07593133	
1397.6	0.06886252	0.07589073	
1397.8	0.06839457	0.07585016	
1398	0.06918478	0.07580961	
1398.2	0.06978505	0.07576908	
1398.4	0.06918734	0.07572857	
1398.6	0.06995431	0.07568808	
1398.8	0.07047679	0.07564761	
1399	0.07050337	0.07560717	
1399.2	0.07077763	0.07556674	
1399.4	0.07070095	0.07552634	
1399.6	0.0704972	0.07548596	
1399.8	0.07093761	0.0754456	
1400	0.0705033	0.07540527	
1400.2	0.0703951	0.07536495	
1400.4	0.07018994	0.07532466	
1400.6	0.06996743	0.07528439	
1400.8	0.06999994	0.07524414	
1401	0.06977848	0.07520391	
1401.2	0.06983179	0.0751637	
1401.4	0.06979415	0.07512351	
1401.6	0.06914156	0.07508335	
1401.8	0.0696279	0.07504321	
1402	0.0699376	0.07500308	
1402.2	0.06931898	0.07496298	
1402.4	0.06944346	0.07492291	
1402.6	0.06988692	0.07488285	
1402.8	0.06951225	0.07484281	
1403	0.06966031	0.0748028	
1403.2	0.06943409	0.0747628	
1403.4	0.06906383	0.07472283	
1403.6	0.06939315	0.07468288	
1403.8	0.06896166	0.07464295	
1404	0.06894142	0.07460305	
1404.2	0.06890396	0.07456316	
1404.4	0.06819932	0.07452329	
1404.6	0.06867464	0.07448345	
1404.8	0.06868867	0.07444363	
1405	0.06851563	0.07440383	
1405.2	0.06889006	0.07436405	
1405.4	0.068042	0.07432429	
1405.6	0.06819826	0.07428455	
1405.8	0.06891871	0.07424484	
1406	0.06822978	0.07420514	
1406.2	0.0687717	0.07416547	
1406.4	0.06884287	0.07412582	
1406.6	0.06869469	0.07408618	
1406.8	0.06897473	0.07404657	
1407	0.06849284	0.07400699	
1407.2	0.06874503	0.07396742	
1407.4	0.0684996	0.07392787	
1407.6	0.0678774	0.07388835	
1407.8	0.0684028	0.07384884	
1408	0.06830195	0.07380936	
1408.2	0.06832337	0.0737699	
1408.4	0.06851655	0.07373046	
1408.6	0.06873585	0.07369104	
1408.8	0.06858089	0.07365164	
1409	0.06879234	0.07361226	
1409.2	0.06839001	0.0735729	
1409.4	0.06868188	0.07353357	
1409.6	0.06910348	0.07349425	
1409.8	0.06926373	0.07345496	
1410	0.06951479	0.07341569	
1410.2	0.06976389	0.07337644	
1410.4	0.06958643	0.07333721	
1410.6	0.06958921	0.073298	
1410.8	0.06921271	0.07325881	
1411	0.06855694	0.07321964	
1411.2	0.06878293	0.07318049	
1411.4	0.06795992	0.07314137	
1411.6	0.06893707	0.07310226	
1411.8	0.06947835	0.07306318	
1412	0.06871988	0.07302412	
1412.2	0.06940018	0.07298508	
1412.4	0.06872533	0.07294605	
1412.6	0.06843999	0.07290705	
1412.8	0.06833765	0.07286807	
1413	0.06759558	0.07282912	
1413.2	0.06762918	0.07279018	
1413.4	0.06770517	0.07275126	
1413.6	0.06726622	0.07271236	
1413.8	0.06789513	0.07267349	
1414	0.06768602	0.07263463	
1414.2	0.06719235	0.0725958	
1414.4	0.06750309	0.07255699	
1414.6	0.06709792	0.0725182	
1414.8	0.06723033	0.07247942	
1415	0.06724925	0.07244067	
1415.2	0.06719293	0.07240194	
1415.4	0.06790706	0.07236323	
1415.6	0.06812651	0.07232454	
1415.8	0.06748364	0.07228588	
1416	0.06725451	0.07224723	
1416.2	0.06752247	0.0722086	
1416.4	0.06696017	0.07217	
1416.6	0.06731423	0.07213141	
1416.8	0.0669988	0.07209285	
1417	0.06740002	0.0720543	
1417.2	0.06805064	0.07201578	
1417.4	0.06765121	0.07197727	
1417.6	0.06782855	0.07193879	
1417.8	0.06809564	0.07190033	
1418	0.06757713	0.07186189	
1418.2	0.06742642	0.07182347	
1418.4	0.06768569	0.07178507	
1418.6	0.06775175	0.07174669	
1418.8	0.06784777	0.07170833	
1419	0.06740096	0.07166999	
1419.2	0.06759577	0.07163167	
1419.4	0.06802207	0.07159338	
1419.6	0.06745519	0.0715551	
1419.8	0.06826287	0.07151684	
1420	0.06784485	0.07147861	
1420.2	0.06787691	0.07144039	
1420.4	0.06844544	0.07140219	
1420.6	0.06849183	0.07136402	
1420.8	0.06867341	0.07132586	
1421	0.068955	0.07128773	
1421.2	0.06815388	0.07124962	
1421.4	0.06806787	0.07121152	
1421.6	0.06829499	0.07117345	
1421.8	0.0680469	0.0711354	
1422	0.06788156	0.07109737	
1422.2	0.06747626	0.07105935	
1422.4	0.06747382	0.07102136	
1422.6	0.0677151	0.07098339	
1422.8	0.06723591	0.07094544	
1423	0.06714697	0.07090751	
1423.2	0.06722962	0.0708696	
1423.4	0.06663087	0.07083171	
1423.6	0.06638267	0.07079384	
1423.8	0.06623392	0.07075599	
1424	0.06548403	0.07071816	
1424.2	0.06578319	0.07068035	
1424.4	0.06556934	0.07064256	
1424.6	0.0649048	0.07060479	
1424.8	0.06459359	0.07056704	
1425	0.06373211	0.07052932	
1425.2	0.0639641	0.07049161	
1425.4	0.06466564	0.07045392	
1425.6	0.06428714	0.07041625	
1425.8	0.06454076	0.0703786	
1426	0.06434607	0.07034098	
1426.2	0.06461063	0.07030337	
1426.4	0.06541216	0.07026578	
1426.6	0.0653816	0.07022821	
1426.8	0.06532885	0.07019067	
1427	0.06579291	0.07015314	
1427.2	0.06536704	0.07011563	
1427.4	0.06541341	0.07007814	
1427.6	0.06541803	0.07004068	
1427.8	0.06548114	0.07000323	
1428	0.06614806	0.0699658	
1428.2	0.06552093	0.0699284	
1428.4	0.0655143	0.06989101	
1428.6	0.06608235	0.06985364	
1428.8	0.06552742	0.0698163	
1429	0.0653796	0.06977897	
1429.2	0.06574451	0.06974166	
1429.4	0.06544695	0.06970437	
1429.6	0.06549825	0.06966711	
1429.8	0.06550553	0.06962986	
1430	0.06542506	0.06959263	
1430.2	0.06603111	0.06955543	
1430.4	0.06551046	0.06951824	
1430.6	0.06553403	0.06948107	
1430.8	0.06601412	0.06944392	
1431	0.06591325	0.06940679	
1431.2	0.06570157	0.06936969	
1431.4	0.06560546	0.0693326	
1431.6	0.06501209	0.06929553	
1431.8	0.06548462	0.06925848	
1432	0.06550248	0.06922145	
1432.2	0.06485278	0.06918444	
1432.4	0.06562539	0.06914745	
1432.6	0.06492553	0.06911048	
1432.8	0.06441648	0.06907353	
1433	0.06450155	0.0690366	
1433.2	0.06455071	0.06899969	
1433.4	0.06499136	0.0689628	
1433.6	0.06491466	0.06892593	
1433.8	0.06486364	0.06888908	
1434	0.06506292	0.06885225	
1434.2	0.06463873	0.06881544	
1434.4	0.06445999	0.06877865	
1434.6	0.06510013	0.06874188	
1434.8	0.06471781	0.06870512	
1435	0.06461606	0.06866839	
1435.2	0.06427247	0.06863168	
1435.4	0.06391122	0.06859498	
1435.6	0.06413057	0.06855831	
1435.8	0.06422141	0.06852165	
1436	0.0638191	0.06848502	
1436.2	0.06395758	0.0684484	
1436.4	0.06371916	0.06841181	
1436.6	0.06346307	0.06837523	
1436.8	0.06380938	0.06833868	
1437	0.06405662	0.06830214	
1437.2	0.06475468	0.06826562	
1437.4	0.0648929	0.06822912	
1437.6	0.06463191	0.06819264	
1437.8	0.06495625	0.06815619	
1438	0.06461826	0.06811975	
1438.2	0.06443309	0.06808333	
1438.4	0.06451836	0.06804693	
1438.6	0.06438528	0.06801054	
1438.8	0.06406389	0.06797418	
1439	0.06391982	0.06793784	
1439.2	0.0634056	0.06790152	
1439.4	0.06332189	0.06786521	
1439.6	0.0630818	0.06782893	
1439.8	0.06263637	0.06779267	
