Conc1	2.5E-08	
Start1	1020	
Stop1	1439.8	
Kobs	0.00267394736731054	
Error Kobs	2.86751311821034E-05	
Koff	0	
Error Koff	0	
Time1	Data1	Fit1	
1020	0.01204859	0	
1020.2	0.01186908	0.00133926	
1020.4	0.01220007	0.00267032	
1020.6	0.01281228	0.00399325	
1020.8	0.01350382	0.00530807	
1021	0.01456322	0.00661486	
1021.2	0.01580631	0.00791364	
1021.4	0.0170048	0.00920449	
1021.6	0.01831465	0.01048743	
1021.8	0.01994698	0.01176252	
1022	0.02174476	0.01302982	
1022.2	0.02332773	0.01428935	
1022.4	0.02511526	0.01554119	
1022.6	0.02671873	0.01678536	
1022.8	0.02857116	0.01802192	
1023	0.03076839	0.01925092	
1023.2	0.03246277	0.02047239	
1023.4	0.03412518	0.02168639	
1023.6	0.0357342	0.02289297	
1023.8	0.03701897	0.02409216	
1024	0.03864015	0.02528402	
1024.2	0.0402258	0.02646858	
1024.4	0.04257355	0.0276459	
1024.6	0.04456884	0.02881601	
1024.8	0.04670912	0.02997896	
1025	0.04860542	0.0311348	
1025.2	0.05033154	0.03228357	
1025.4	0.05182845	0.0334253	
1025.6	0.05373085	0.03456006	
1025.8	0.05559014	0.03568787	
1026	0.05705167	0.03680878	
1026.2	0.05891388	0.03792283	
1026.4	0.06108615	0.03903006	
1026.6	0.06294994	0.04013052	
1026.8	0.0649087	0.04122425	
1027	0.0667746	0.04231128	
1027.2	0.06833206	0.04339167	
1027.4	0.0701337	0.04446544	
1027.6	0.07164633	0.04553265	
1027.8	0.07329519	0.04659332	
1028	0.07566523	0.04764751	
1028.2	0.07795852	0.04869525	
1028.4	0.08043925	0.04973657	
1028.6	0.08238822	0.05077153	
1028.8	0.08430049	0.05180015	
1029	0.08592508	0.05282248	
1029.2	0.08804577	0.05383855	
1029.4	0.09003101	0.05484841	
1029.6	0.09200813	0.05585209	
1029.8	0.09354019	0.05684962	
1030	0.09464503	0.05784106	
1030.2	0.0965313	0.05882643	
1030.4	0.09782007	0.05980577	
1030.6	0.09907322	0.06077911	
1030.8	0.1007156	0.06174651	
1031	0.10217051	0.06270798	
1031.2	0.10354559	0.06366357	
1031.4	0.10455166	0.06461331	
1031.6	0.10589939	0.06555725	
1031.8	0.10742199	0.06649541	
1032	0.10935545	0.06742782	
1032.2	0.11098586	0.06835454	
1032.4	0.11272257	0.06927558	
1032.6	0.11410733	0.07019099	
1032.8	0.11551732	0.0711008	
1033	0.11687972	0.07200504	
1033.2	0.1187619	0.07290375	
1033.4	0.12009208	0.07379696	
1033.6	0.12123818	0.0746847	
1033.8	0.12233636	0.07556701	
1034	0.12327176	0.07644393	
1034.2	0.12466016	0.07731548	
1034.4	0.1255172	0.0781817	
1034.6	0.12640582	0.07904261	
1034.8	0.12771722	0.07989826	
1035	0.12809665	0.08074868	
1035.2	0.1287204	0.08159389	
1035.4	0.12949273	0.08243393	
1035.6	0.13081787	0.08326883	
1035.8	0.13184485	0.08409862	
1036	0.13286482	0.08492334	
1036.2	0.13371495	0.08574301	
1036.4	0.13468998	0.08655766	
1036.6	0.13529621	0.08736734	
1036.8	0.13583739	0.08817205	
1037	0.13636288	0.08897184	
1037.2	0.13739817	0.08976674	
1037.4	0.1378394	0.09055678	
1037.6	0.13861452	0.09134198	
1037.8	0.13921994	0.09212238	
1038	0.13982219	0.09289801	
1038.2	0.14045888	0.09366888	
1038.4	0.14073549	0.09443505	
1038.6	0.14131155	0.09519652	
1038.8	0.14199716	0.09595333	
1039	0.14215136	0.09670552	
1039.2	0.14292363	0.0974531	
1039.4	0.14376172	0.09819611	
1039.6	0.144786	0.09893457	
1039.8	0.14494826	0.09966852	
1040	0.1451076	0.10039797	
1040.2	0.14556554	0.10112296	
1040.4	0.14605449	0.10184352	
1040.6	0.14620692	0.10255966	
1040.8	0.14642058	0.10327143	
1041	0.14682931	0.10397884	
1041.2	0.14742416	0.10468192	
1041.4	0.1480561	0.1053807	
1041.6	0.1489146	0.1060752	
1041.8	0.14938753	0.10676546	
1042	0.1495428	0.10745149	
1042.2	0.14963612	0.10813333	
1042.4	0.14977297	0.10881099	
1042.6	0.15012966	0.10948451	
1042.8	0.15028642	0.1101539	
1043	0.1503889	0.11081921	
1043.2	0.15057172	0.11148044	
1043.4	0.15084632	0.11213762	
1043.6	0.15145639	0.11279078	
1043.8	0.1514521	0.11343995	
1044	0.15197766	0.11408515	
1044.2	0.15278225	0.11472639	
1044.4	0.15287076	0.11536372	
1044.6	0.15354421	0.11599714	
1044.8	0.15388377	0.11662669	
1045	0.15449467	0.11725239	
1045.2	0.15498707	0.11787426	
1045.4	0.15553098	0.11849233	
1045.6	0.15556677	0.11910661	
1045.8	0.15548478	0.11971714	
1046	0.15490155	0.12032393	
1046.2	0.1549363	0.120927	
1046.4	0.15490042	0.12152639	
1046.6	0.15472871	0.12212211	
1046.8	0.15496875	0.12271419	
1047	0.1552651	0.12330264	
1047.2	0.15549245	0.12388749	
1047.4	0.15587713	0.12446876	
1047.6	0.15658417	0.12504648	
1047.8	0.15705525	0.12562066	
1048	0.15772154	0.12619133	
1048.2	0.15794528	0.12675851	
1048.4	0.15796302	0.12732222	
1048.6	0.15882145	0.12788248	
1048.8	0.15884318	0.12843931	
1049	0.15923236	0.12899274	
1049.2	0.159127	0.12954277	
1049.4	0.15941796	0.13008945	
1049.6	0.15945416	0.13063278	
1049.8	0.15950699	0.13117278	
1050	0.15944198	0.13170948	
1050.2	0.15961856	0.1322429	
1050.4	0.15933902	0.13277305	
1050.6	0.15946171	0.13329996	
1050.8	0.16031785	0.13382364	
1051	0.16031196	0.13434413	
1051.2	0.16032668	0.13486142	
1051.4	0.16017634	0.13537555	
1051.6	0.16063539	0.13588654	
1051.8	0.16083105	0.1363944	
1052	0.16125897	0.13689915	
1052.2	0.16133891	0.13740082	
1052.4	0.16157882	0.13789941	
1052.6	0.1619489	0.13839496	
1052.8	0.16150477	0.13888747	
1053	0.16169372	0.13937697	
1053.2	0.16163825	0.13986347	
1053.4	0.16191084	0.140347	
1053.6	0.16225864	0.14082757	
1053.8	0.16228486	0.1413052	
1054	0.1623928	0.1417799	
1054.2	0.16191287	0.14225171	
1054.4	0.16216906	0.14272062	
1054.6	0.16252464	0.14318667	
1054.8	0.16344138	0.14364986	
1055	0.16331488	0.14411022	
1055.2	0.16359282	0.14456777	
1055.4	0.16416695	0.14502251	
1055.6	0.16482076	0.14547448	
1055.8	0.16531965	0.14592367	
1056	0.16563048	0.14637012	
1056.2	0.16550819	0.14681384	
1056.4	0.16526729	0.14725484	
1056.6	0.1650819	0.14769315	
1056.8	0.16512306	0.14812877	
1057	0.16524202	0.14856173	
1057.2	0.16516542	0.14899204	
1057.4	0.16522284	0.14941971	
1057.6	0.16517693	0.14984477	
1057.8	0.16484608	0.15026723	
1058	0.16486449	0.15068711	
1058.2	0.16467815	0.15110441	
1058.4	0.16536021	0.15151916	
1058.6	0.16518676	0.15193138	
1058.8	0.16571801	0.15234107	
1059	0.16564691	0.15274825	
1059.2	0.16628988	0.15315295	
1059.4	0.16712551	0.15355517	
1059.6	0.16730556	0.15395492	
1059.8	0.16749505	0.15435223	
1060	0.16712918	0.15474711	
1060.2	0.16736885	0.15513958	
1060.4	0.16737562	0.15552964	
1060.6	0.16795128	0.15591732	
1060.8	0.16809082	0.15630262	
1061	0.16776707	0.15668557	
1061.2	0.16726588	0.15706618	
1061.4	0.16727337	0.15744445	
1061.6	0.16688304	0.15782041	
1061.8	0.16678417	0.15819407	
1062	0.16698948	0.15856545	
1062.2	0.16686209	0.15893455	
1062.4	0.16725251	0.15930139	
1062.6	0.16731413	0.15966599	
1062.8	0.16780871	0.16002836	
1063	0.16833897	0.16038852	
1063.2	0.16893373	0.16074646	
1063.4	0.16933777	0.16110222	
1063.6	0.16936611	0.1614558	
1063.8	0.16985005	0.16180722	
1064	0.17036945	0.16215649	
1064.2	0.17083764	0.16250362	
1064.4	0.17114506	0.16284863	
1064.6	0.17151948	0.16319153	
1064.8	0.17128021	0.16353232	
1065	0.17163898	0.16387104	
1065.2	0.17150677	0.16420768	
1065.4	0.1718369	0.16454226	
1065.6	0.17168251	0.1648748	
1065.8	0.17168147	0.1652053	
1066	0.17209666	0.16553377	
1066.2	0.17213591	0.16586024	
1066.4	0.17249035	0.16618471	
1066.6	0.17269799	0.1665072	
1066.8	0.17292926	0.16682771	
1067	0.17334222	0.16714626	
1067.2	0.17322923	0.16746286	
1067.4	0.17358003	0.16777753	
1067.6	0.17393426	0.16809027	
1067.8	0.17460912	0.16840109	
1068	0.17470391	0.16871002	
1068.2	0.1743948	0.16901705	
1068.4	0.17458599	0.16932221	
1068.6	0.17454849	0.1696255	
1068.8	0.17432431	0.16992693	
1069	0.17447196	0.17022652	
1069.2	0.17381768	0.17052428	
1069.4	0.17373412	0.17082021	
1069.6	0.17352023	0.17111434	
1069.8	0.1736171	0.17140666	
1070	0.17373414	0.1716972	
1070.2	0.17368569	0.17198595	
1070.4	0.17393811	0.17227295	
1070.6	0.17418813	0.17255818	
1070.8	0.17412635	0.17284167	
1071	0.17447568	0.17312343	
1071.2	0.17454586	0.17340346	
1071.4	0.17520208	0.17368178	
1071.6	0.17573154	0.17395839	
1071.8	0.17591249	0.17423332	
1072	0.17622164	0.17450656	
1072.2	0.17604269	0.17477813	
1072.4	0.17662431	0.17504803	
1072.6	0.17633586	0.17531629	
1072.8	0.17605491	0.17558291	
1073	0.17654987	0.17584789	
1073.2	0.17693454	0.17611125	
1073.4	0.17779167	0.176373	
1073.6	0.17815654	0.17663315	
1073.8	0.17888888	0.17689171	
1074	0.1788113	0.17714869	
1074.2	0.17898135	0.17740409	
1074.4	0.17892445	0.17765793	
1074.6	0.17896164	0.17791022	
1074.8	0.17905387	0.17816097	
1075	0.17922857	0.17841018	
1075.2	0.17882058	0.17865786	
1075.4	0.1789723	0.17890403	
1075.6	0.17901257	0.1791487	
1075.8	0.17896811	0.17939187	
1076	0.17877604	0.17963355	
1076.2	0.17847878	0.17987375	
1076.4	0.17874195	0.18011248	
1076.6	0.1781156	0.18034975	
1076.8	0.17855204	0.18058557	
1077	0.17884896	0.18081994	
1077.2	0.17937089	0.18105288	
1077.4	0.17982875	0.1812844	
1077.6	0.1798633	0.1815145	
1077.8	0.18014802	0.18174319	
1078	0.18002716	0.18197049	
1078.2	0.18047701	0.18219639	
1078.4	0.18085788	0.18242091	
1078.6	0.18147154	0.18264406	
1078.8	0.18193026	0.18286584	
1079	0.18194434	0.18308626	
1079.2	0.18186176	0.18330534	
1079.4	0.18225271	0.18352308	
1079.6	0.18236142	0.18373948	
1079.8	0.1823184	0.18395456	
1080	0.18208697	0.18416832	
1080.2	0.18256923	0.18438078	
1080.4	0.18239939	0.18459193	
1080.6	0.18184958	0.1848018	
1080.8	0.18173881	0.18501038	
1081	0.18133414	0.18521768	
1081.2	0.18123339	0.18542371	
1081.4	0.18091229	0.18562849	
1081.6	0.18002576	0.18583201	
1081.8	0.18002069	0.18603429	
1082	0.18004105	0.18623533	
1082.2	0.18012926	0.18643514	
1082.4	0.18020411	0.18663372	
1082.6	0.18043788	0.18683109	
1082.8	0.18050003	0.18702726	
1083	0.18071027	0.18722222	
1083.2	0.18132525	0.18741599	
1083.4	0.18170052	0.18760858	
1083.6	0.18193528	0.18779998	
1083.8	0.18266601	0.18799022	
1084	0.18315896	0.18817929	
1084.2	0.18364758	0.18836721	
1084.4	0.18364855	0.18855397	
1084.6	0.18382357	0.18873959	
1084.8	0.1843736	0.18892408	
1085	0.18429942	0.18910744	
1085.2	0.18417479	0.18928968	
1085.4	0.18420316	0.1894708	
1085.6	0.18394615	0.18965081	
1085.8	0.18425494	0.18982972	
1086	0.18431759	0.19000754	
1086.2	0.18405224	0.19018427	
1086.4	0.18423692	0.19035992	
1086.6	0.18457921	0.19053449	
1086.8	0.18465372	0.190708	
1087	0.18495468	0.19088044	
1087.2	0.18532998	0.19105183	
1087.4	0.18520702	0.19122217	
1087.6	0.18515133	0.19139146	
1087.8	0.18498902	0.19155973	
1088	0.18506324	0.19172696	
1088.2	0.18522382	0.19189317	
1088.4	0.18521934	0.19205836	
1088.6	0.18552752	0.19222254	
1088.8	0.18555155	0.19238572	
1089	0.18535395	0.1925479	
1089.2	0.18559366	0.19270908	
1089.4	0.18576147	0.19286928	
1089.6	0.1856165	0.1930285	
1089.8	0.18583995	0.19318675	
1090	0.18606148	0.19334403	
1090.2	0.18568029	0.19350034	
1090.4	0.185873	0.1936557	
1090.6	0.18594148	0.19381011	
1090.8	0.18561596	0.19396358	
1091	0.18580569	0.1941161	
1091.2	0.18591739	0.19426769	
1091.4	0.18581737	0.19441836	
1091.6	0.18607898	0.1945681	
1091.8	0.18645337	0.19471692	
1092	0.18730259	0.19486484	
1092.2	0.18780925	0.19501185	
1092.4	0.18791319	0.19515796	
1092.6	0.18838326	0.19530318	
1092.8	0.18845683	0.19544751	
1093	0.18889928	0.19559095	
1093.2	0.18946609	0.19573352	
1093.4	0.18948238	0.19587522	
1093.6	0.18949063	0.19601605	
1093.8	0.18965153	0.19615601	
1094	0.18968403	0.19629512	
1094.2	0.18947439	0.19643338	
1094.4	0.18985452	0.1965708	
1094.6	0.18971995	0.19670737	
1094.8	0.18929054	0.19684311	
1095	0.18960331	0.19697802	
1095.2	0.18964522	0.1971121	
1095.4	0.19002842	0.19724536	
1095.6	0.19072759	0.1973778	
1095.8	0.19102105	0.19750944	
1096	0.19097929	0.19764027	
1096.2	0.1912084	0.1977703	
1096.4	0.1909935	0.19789953	
1096.6	0.1906866	0.19802798	
1096.8	0.190602	0.19815563	
1097	0.19063345	0.19828251	
1097.2	0.19084754	0.19840861	
1097.4	0.19055823	0.19853394	
1097.6	0.19063211	0.1986585	
1097.8	0.19022097	0.1987823	
1098	0.19041069	0.19890534	
1098.2	0.19085508	0.19902763	
1098.4	0.19125411	0.19914917	
1098.6	0.19105365	0.19926997	
1098.8	0.19121714	0.19939003	
1099	0.19141694	0.19950935	
1099.2	0.191988	0.19962795	
1099.4	0.19250847	0.19974582	
1099.6	0.19273054	0.19986296	
1099.8	0.19306724	0.19997939	
1100	0.19320944	0.20009511	
1100.2	0.19354681	0.20021012	
1100.4	0.19333443	0.20032443	
1100.6	0.19308285	0.20043803	
1100.8	0.19368842	0.20055095	
1101	0.19349712	0.20066317	
1101.2	0.19374692	0.2007747	
1101.4	0.19348825	0.20088555	
1101.6	0.19322027	0.20099573	
1101.8	0.19285471	0.20110523	
1102	0.19301567	0.20121406	
1102.2	0.19346105	0.20132222	
1102.4	0.19384877	0.20142972	
1102.6	0.19379416	0.20153657	
1102.8	0.19417809	0.20164276	
1103	0.19437844	0.2017483	
1103.2	0.19478655	0.2018532	
1103.4	0.19440423	0.20195745	
1103.6	0.19429101	0.20206106	
1103.8	0.19444159	0.20216405	
1104	0.1943041	0.2022664	
1104.2	0.19433391	0.20236812	
1104.4	0.19441751	0.20246923	
1104.6	0.19481432	0.20256971	
1104.8	0.19538231	0.20266958	
1105	0.19518378	0.20276884	
1105.2	0.19559926	0.20286749	
1105.4	0.19524576	0.20296554	
1105.6	0.19571601	0.20306299	
1105.8	0.19595015	0.20315984	
1106	0.19623407	0.2032561	
1106.2	0.19668649	0.20335177	
1106.4	0.1971521	0.20344685	
1106.6	0.19713635	0.20354135	
1106.8	0.19747025	0.20363528	
1107	0.19742929	0.20372863	
1107.2	0.19744965	0.20382141	
1107.4	0.19724767	0.20391362	
1107.6	0.19735069	0.20400527	
1107.8	0.19733302	0.20409635	
1108	0.19723858	0.20418688	
1108.2	0.19766685	0.20427686	
1108.4	0.19762368	0.20436628	
1108.6	0.19772687	0.20445516	
1108.8	0.19817658	0.20454349	
1109	0.19802986	0.20463129	
1109.2	0.19791903	0.20471854	
1109.4	0.19775993	0.20480527	
1109.6	0.19787427	0.20489146	
1109.8	0.19766078	0.20497712	
1110	0.19755786	0.20506226	
1110.2	0.19724206	0.20514688	
1110.4	0.19746361	0.20523098	
1110.6	0.19744636	0.20531457	
1110.8	0.19764017	0.20539765	
1111	0.19753534	0.20548021	
1111.2	0.19782618	0.20556228	
1111.4	0.19768185	0.20564384	
1111.6	0.19800322	0.2057249	
1111.8	0.19798169	0.20580546	
1112	0.19806509	0.20588553	
1112.2	0.19822854	0.20596512	
1112.4	0.19828598	0.20604421	
1112.6	0.19843338	0.20612282	
1112.8	0.19885806	0.20620095	
1113	0.19868551	0.20627861	
1113.2	0.19848306	0.20635578	
1113.4	0.1986254	0.20643249	
1113.6	0.19885654	0.20650872	
1113.8	0.19927957	0.20658449	
1114	0.19947064	0.2066598	
1114.2	0.19947463	0.20673464	
1114.4	0.19980151	0.20680903	
1114.6	0.19990729	0.20688296	
1114.8	0.2003354	0.20695644	
1115	0.20032229	0.20702947	
1115.2	0.20075916	0.20710206	
1115.4	0.20115993	0.2071742	
1115.6	0.20143619	0.20724589	
1115.8	0.20087787	0.20731715	
1116	0.20109567	0.20738798	
1116.2	0.20096031	0.20745837	
1116.4	0.20069845	0.20752833	
1116.6	0.20025967	0.20759786	
1116.8	0.20051189	0.20766696	
1117	0.20020718	0.20773565	
1117.2	0.19990166	0.20780391	
1117.4	0.20004066	0.20787175	
1117.6	0.20005598	0.20793918	
1117.8	0.19987894	0.2080062	
1118	0.20000637	0.20807281	
1118.2	0.20008934	0.20813901	
1118.4	0.20056626	0.2082048	
1118.6	0.20115027	0.20827019	
1118.8	0.20141346	0.20833519	
1119	0.20130663	0.20839978	
1119.2	0.2015145	0.20846398	
1119.4	0.20134374	0.20852779	
1119.6	0.20130831	0.2085912	
1119.8	0.20141845	0.20865423	
1120	0.20174971	0.20871687	
1120.2	0.20183659	0.20877913	
1120.4	0.20179917	0.20884101	
1120.6	0.20221162	0.20890251	
1120.8	0.20256935	0.20896363	
1121	0.20250506	0.20902438	
1121.2	0.20223133	0.20908476	
1121.4	0.20238225	0.20914477	
1121.6	0.20309926	0.20920441	
1121.8	0.20343699	0.20926369	
1122	0.20371708	0.2093226	
1122.2	0.20447344	0.20938115	
1122.4	0.20501006	0.20943935	
1122.6	0.20541779	0.20949719	
1122.8	0.20551394	0.20955467	
1123	0.20580828	0.20961181	
1123.2	0.20577357	0.20966859	
1123.4	0.20529104	0.20972503	
1123.6	0.20584717	0.20978112	
1123.8	0.20579819	0.20983686	
1124	0.20593279	0.20989227	
1124.2	0.20637309	0.20994734	
1124.4	0.20640731	0.21000207	
1124.6	0.20664585	0.21005647	
1124.8	0.20668094	0.21011053	
1125	0.20651352	0.21016426	
1125.2	0.20610269	0.21021766	
1125.4	0.20624958	0.21027074	
1125.6	0.20655668	0.21032349	
1125.8	0.20632102	0.21037592	
1126	0.20635985	0.21042803	
1126.2	0.2068772	0.21047982	
1126.4	0.20686725	0.21053129	
1126.6	0.20678258	0.21058245	
1126.8	0.2066195	0.2106333	
1127	0.20666343	0.21068383	
1127.2	0.20607535	0.21073406	
1127.4	0.20555106	0.21078397	
1127.6	0.20563143	0.21083359	
1127.8	0.2054053	0.21088289	
1128	0.20583296	0.2109319	
1128.2	0.20590073	0.21098061	
1128.4	0.20604714	0.21102902	
1128.6	0.2062807	0.21107713	
1128.8	0.20632507	0.21112495	
1129	0.20611707	0.21117247	
1129.2	0.20615016	0.21121971	
1129.4	0.20616377	0.21126665	
1129.6	0.20637203	0.21131331	
1129.8	0.20682674	0.21135969	
1130	0.2070728	0.21140578	
1130.2	0.20733786	0.21145158	
1130.4	0.20758822	0.21149711	
1130.6	0.20778684	0.21154236	
1130.8	0.20817066	0.21158733	
1131	0.20870866	0.21163203	
1131.2	0.20865431	0.21167645	
1131.4	0.20878307	0.2117206	
1131.6	0.20891409	0.21176448	
1131.8	0.20932059	0.2118081	
1132	0.20968049	0.21185144	
1132.2	0.20951609	0.21189452	
1132.4	0.20946824	0.21193734	
1132.6	0.20934266	0.2119799	
1132.8	0.2093734	0.21202219	
1133	0.20900247	0.21206423	
1133.2	0.20944796	0.21210601	
1133.4	0.209062	0.21214753	
1133.6	0.209144	0.2121888	
1133.8	0.2093701	0.21222982	
1134	0.20928616	0.21227058	
1134.2	0.20939299	0.2123111	
1134.4	0.2093562	0.21235137	
1134.6	0.20926306	0.21239139	
1134.8	0.20969796	0.21243117	
1135	0.20992909	0.2124707	
1135.2	0.20990792	0.21250999	
1135.4	0.20988708	0.21254904	
1135.6	0.21005671	0.21258786	
1135.8	0.21022158	0.21262643	
1136	0.21012836	0.21266477	
1136.2	0.20992993	0.21270288	
1136.4	0.21008284	0.21274075	
1136.6	0.21051956	0.21277839	
1136.8	0.21099871	0.2128158	
1137	0.21104277	0.21285298	
1137.2	0.21141935	0.21288993	
1137.4	0.21115557	0.21292666	
1137.6	0.21160307	0.21296316	
1137.8	0.21172528	0.21299944	
1138	0.21177884	0.2130355	
1138.2	0.21184442	0.21307133	
1138.4	0.21180039	0.21310695	
1138.6	0.21194978	0.21314235	
1138.8	0.21244309	0.21317753	
1139	0.21249595	0.2132125	
1139.2	0.21258772	0.21324725	
1139.4	0.21267381	0.21328179	
1139.6	0.2129394	0.21331612	
1139.8	0.21297908	0.21335024	
1140	0.23023719	0.21338431	
1140.2	0.22909277	0.21327022	
1140.4	0.22768292	0.2131562	
1140.6	0.22624071	0.21304224	
1140.8	0.22465817	0.21292833	
1141	0.22257981	0.21281449	
1141.2	0.22047005	0.21270071	
1141.4	0.21886176	0.21258699	
1141.6	0.21717375	0.21247333	
1141.8	0.21608624	0.21235973	
1142	0.21455583	0.2122462	
1142.2	0.21334878	0.21213272	
1142.4	0.21270482	0.2120193	
1142.6	0.21207175	0.21190595	
1142.8	0.21100544	0.21179265	
1143	0.21073926	0.21167942	
1143.2	0.21003885	0.21156625	
1143.4	0.20929405	0.21145313	
1143.6	0.20843551	0.21134008	
1143.8	0.20783221	0.21122709	
1144	0.20745289	0.21111416	
1144.2	0.20722292	0.21100128	
1144.4	0.20632078	0.21088847	
1144.6	0.20576895	0.21077572	
1144.8	0.20476099	0.21066303	
1145	0.20390838	0.2105504	
1145.2	0.20361092	0.21043783	
1145.4	0.20339026	0.21032532	
1145.6	0.20292969	0.21021287	
1145.8	0.20208868	0.21010048	
1146	0.20116629	0.20998815	
1146.2	0.20086167	0.20987588	
1146.4	0.20074554	0.20976367	
1146.6	0.20047635	0.20965153	
1146.8	0.19978805	0.20953944	
1147	0.19993203	0.20942741	
1147.2	0.19914288	0.20931544	
1147.4	0.19857346	0.20920353	
1147.6	0.19864632	0.20909168	
1147.8	0.19840428	0.20897989	
1148	0.19845224	0.20886816	
1148.2	0.19820131	0.20875649	
1148.4	0.19763223	0.20864487	
1148.6	0.19765086	0.20853332	
1148.8	0.19749825	0.20842183	
1149	0.19777518	0.2083104	
1149.2	0.19790808	0.20819903	
1149.4	0.19776364	0.20808771	
1149.6	0.19759858	0.20797646	
1149.8	0.19721831	0.20786527	
1150	0.19729159	0.20775413	
1150.2	0.19687594	0.20764306	
1150.4	0.19650434	0.20753204	
1150.6	0.19606078	0.20742109	
1150.8	0.1952436	0.20731019	
1151	0.19513274	0.20719935	
1151.2	0.19432368	0.20708857	
1151.4	0.19438723	0.20697785	
1151.6	0.19433519	0.20686719	
1151.8	0.19369507	0.20675659	
1152	0.19389259	0.20664605	
1152.2	0.19347176	0.20653557	
1152.4	0.19305793	0.20642515	
1152.6	0.19321478	0.20631478	
1152.8	0.19321494	0.20620448	
1153	0.19363343	0.20609423	
1153.2	0.19362394	0.20598404	
1153.4	0.19356252	0.20587391	
1153.6	0.19364382	0.20576384	
1153.8	0.19363637	0.20565383	
1154	0.19366802	0.20554388	
1154.2	0.1935555	0.20543399	
1154.4	0.19334044	0.20532415	
1154.6	0.19298684	0.20521438	
1154.8	0.1926916	0.20510466	
1155	0.19277598	0.204995	
1155.2	0.19216208	0.2048854	
1155.4	0.19207426	0.20477586	
1155.6	0.19147686	0.20466638	
1155.8	0.19147046	0.20455695	
1156	0.19166601	0.20444759	
1156.2	0.19139738	0.20433828	
1156.4	0.19141737	0.20422903	
1156.6	0.19119269	0.20411984	
1156.8	0.19114683	0.20401071	
1157	0.19107285	0.20390163	
1157.2	0.19054869	0.20379262	
1157.4	0.1903132	0.20368366	
1157.6	0.19064736	0.20357476	
1157.8	0.19074914	0.20346592	
1158	0.1908487	0.20335714	
1158.2	0.19070015	0.20324842	
1158.4	0.19070656	0.20313975	
1158.6	0.19082286	0.20303114	
1158.8	0.19070305	0.20292259	
1159	0.19051023	0.2028141	
1159.2	0.18975907	0.20270567	
1159.4	0.1897976	0.20259729	
1159.6	0.18973349	0.20248897	
1159.8	0.18994519	0.20238071	
1160	0.18973939	0.20227251	
1160.2	0.1897827	0.20216437	
1160.4	0.18951885	0.20205628	
1160.6	0.18886232	0.20194825	
1160.8	0.18855509	0.20184028	
1161	0.18815201	0.20173237	
1161.2	0.18812189	0.20162451	
1161.4	0.18806068	0.20151671	
1161.6	0.18812579	0.20140897	
1161.8	0.18814417	0.20130129	
1162	0.18839366	0.20119367	
1162.2	0.18849521	0.2010861	
1162.4	0.18865129	0.20097859	
1162.6	0.1885152	0.20087114	
1162.8	0.1883557	0.20076374	
1163	0.18812541	0.2006564	
1163.2	0.18783198	0.20054912	
1163.4	0.18811379	0.2004419	
1163.6	0.1878624	0.20033474	
1163.8	0.18773992	0.20022763	
1164	0.18756718	0.20012058	
1164.2	0.18750021	0.20001358	
1164.4	0.18702996	0.19990665	
1164.6	0.18651609	0.19979977	
1164.8	0.18617658	0.19969294	
1165	0.18627882	0.19958618	
1165.2	0.18610312	0.19947947	
1165.4	0.18567004	0.19937282	
1165.6	0.18566529	0.19926623	
1165.8	0.18585635	0.19915969	
1166	0.18574586	0.19905321	
1166.2	0.18562193	0.19894679	
1166.4	0.18564535	0.19884042	
1166.6	0.18581	0.19873411	
1166.8	0.18608635	0.19862786	
1167	0.18626845	0.19852166	
1167.2	0.18601863	0.19841552	
1167.4	0.18627555	0.19830944	
1167.6	0.18617609	0.19820342	
1167.8	0.18614078	0.19809745	
1168	0.18634992	0.19799153	
1168.2	0.1865838	0.19788568	
1168.4	0.18622793	0.19777988	
1168.6	0.18589123	0.19767414	
1168.8	0.18578706	0.19756845	
1169	0.18569298	0.19746282	
1169.2	0.18531463	0.19735725	
1169.4	0.1851802	0.19725173	
1169.6	0.18551964	0.19714627	
1169.8	0.18525893	0.19704087	
1170	0.18483592	0.19693552	
1170.2	0.18464037	0.19683023	
1170.4	0.18443877	0.196725	
1170.6	0.1845094	0.19661982	
1170.8	0.18425484	0.1965147	
1171	0.18411536	0.19640963	
1171.2	0.18344223	0.19630462	
1171.4	0.18353763	0.19619967	
1171.6	0.18366762	0.19609477	
1171.8	0.18334844	0.19598993	
1172	0.18366117	0.19588514	
1172.2	0.1837034	0.19578041	
1172.4	0.18343228	0.19567574	
1172.6	0.18355175	0.19557112	
1172.8	0.18365451	0.19546656	
1173	0.18398447	0.19536206	
1173.2	0.18401704	0.19525761	
1173.4	0.18418837	0.19515321	
1173.6	0.18444648	0.19504888	
1173.8	0.18413441	0.19494459	
1174	0.18378184	0.19484037	
1174.2	0.18373044	0.1947362	
1174.4	0.18351667	0.19463208	
1174.6	0.18334912	0.19452802	
1174.8	0.18294053	0.19442402	
1175	0.1823673	0.19432007	
1175.2	0.18202368	0.19421618	
1175.4	0.18184527	0.19411234	
1175.6	0.18172297	0.19400856	
1175.8	0.18140628	0.19390483	
1176	0.18204337	0.19380116	
1176.2	0.18209025	0.19369755	
1176.4	0.18188985	0.19359399	
1176.6	0.18207802	0.19349048	
1176.8	0.18198478	0.19338703	
1177	0.18228583	0.19328364	
1177.2	0.18187082	0.1931803	
1177.4	0.1820065	0.19307702	
1177.6	0.18180172	0.19297379	
1177.8	0.18149176	0.19287062	
1178	0.18124236	0.1927675	
1178.2	0.18108793	0.19266444	
1178.4	0.18119301	0.19256143	
1178.6	0.18106224	0.19245848	
1178.8	0.18049428	0.19235558	
1179	0.17994605	0.19225274	
1179.2	0.17989933	0.19214995	
1179.4	0.17983962	0.19204722	
1179.6	0.18024165	0.19194454	
1179.8	0.18060704	0.19184192	
1180	0.1810831	0.19173935	
1180.2	0.18053374	0.19163684	
1180.4	0.18035595	0.19153438	
1180.6	0.18061516	0.19143198	
1180.8	0.18049235	0.19132963	
1181	0.18053844	0.19122734	
1181.2	0.18019484	0.1911251	
1181.4	0.18003039	0.19102291	
1181.6	0.17957846	0.19092078	
1181.8	0.17927431	0.19081871	
1182	0.17934353	0.19071669	
1182.2	0.17918932	0.19061472	
1182.4	0.17958177	0.19051281	
1182.6	0.17921503	0.19041095	
1182.8	0.17893805	0.19030915	
1183	0.17890905	0.1902074	
1183.2	0.17924721	0.19010571	
1183.4	0.179332	0.19000407	
1183.6	0.17916976	0.18990248	
1183.8	0.17936623	0.18980095	
1184	0.17909329	0.18969948	
1184.2	0.17847053	0.18959805	
1184.4	0.17865844	0.18949669	
1184.6	0.17885174	0.18939537	
1184.8	0.17888221	0.18929411	
1185	0.178619	0.18919291	
1185.2	0.17837666	0.18909176	
1185.4	0.17818803	0.18899066	
1185.6	0.17840285	0.18888962	
1185.8	0.17830938	0.18878863	
1186	0.17826987	0.18868769	
1186.2	0.17809759	0.18858681	
1186.4	0.17817771	0.18848598	
1186.6	0.17800486	0.18838521	
1186.8	0.1779043	0.18828449	
1187	0.17740457	0.18818382	
1187.2	0.17740609	0.18808321	
1187.4	0.1769112	0.18798265	
1187.6	0.17696097	0.18788215	
1187.8	0.17736997	0.1877817	
1188	0.17734173	0.1876813	
1188.2	0.1771196	0.18758096	
1188.4	0.1768262	0.18748067	
1188.6	0.17702718	0.18738043	
1188.8	0.17679254	0.18728025	
1189	0.17674393	0.18718012	
1189.2	0.17697152	0.18708005	
1189.4	0.17653515	0.18698003	
1189.6	0.17647968	0.18688006	
1189.8	0.17644253	0.18678014	
1190	0.17651753	0.18668028	
1190.2	0.17655204	0.18658047	
1190.4	0.17649356	0.18648072	
1190.6	0.17629803	0.18638102	
1190.8	0.17608236	0.18628137	
1191	0.17549235	0.18618178	
1191.2	0.17579378	0.18608223	
1191.4	0.17575616	0.18598275	
1191.6	0.17619537	0.18588331	
1191.8	0.17619524	0.18578393	
1192	0.17574303	0.1856846	
1192.2	0.17494334	0.18558532	
1192.4	0.17481452	0.1854861	
1192.6	0.17496001	0.18538693	
1192.8	0.17438562	0.18528782	
1193	0.17430472	0.18518875	
1193.2	0.17376792	0.18508974	
1193.4	0.17368906	0.18499078	
1193.6	0.17414997	0.18489188	
1193.8	0.17470225	0.18479303	
1194	0.1749657	0.18469423	
1194.2	0.17492543	0.18459548	
1194.4	0.17509405	0.18449679	
1194.6	0.17475197	0.18439815	
1194.8	0.17438712	0.18429956	
1195	0.17404461	0.18420103	
1195.2	0.17428746	0.18410254	
1195.4	0.17423048	0.18400411	
1195.6	0.1740817	0.18390574	
1195.8	0.17367198	0.18380741	
1196	0.1734504	0.18370914	
1196.2	0.17333564	0.18361092	
1196.4	0.1731969	0.18351275	
1196.6	0.1728996	0.18341464	
1196.8	0.17269098	0.18331658	
1197	0.17297398	0.18321857	
1197.2	0.17311501	0.18312061	
1197.4	0.17369142	0.18302271	
1197.6	0.17383638	0.18292485	
1197.8	0.17379379	0.18282705	
1198	0.17386823	0.18272931	
1198.2	0.17382295	0.18263161	
1198.4	0.17363669	0.18253397	
1198.6	0.17325915	0.18243638	
1198.8	0.17285237	0.18233884	
1199	0.17299166	0.18224135	
1199.2	0.17249602	0.18214392	
1199.4	0.17248694	0.18204653	
1199.6	0.17192485	0.1819492	
1199.8	0.17175791	0.18185192	
1200	0.17160466	0.1817547	
1200.2	0.17128717	0.18165752	
1200.4	0.17102615	0.1815604	
1200.6	0.1710724	0.18146333	
1200.8	0.1712555	0.18136631	
1201	0.17151837	0.18126934	
1201.2	0.17152675	0.18117243	
1201.4	0.17131779	0.18107557	
1201.6	0.17122175	0.18097875	
1201.8	0.17107154	0.18088199	
1202	0.17104407	0.18078529	
1202.2	0.17072509	0.18068863	
1202.4	0.1705849	0.18059203	
1202.6	0.17047581	0.18049547	
1202.8	0.17009413	0.18039897	
1203	0.16974184	0.18030252	
1203.2	0.16935629	0.18020612	
1203.4	0.16934535	0.18010978	
1203.6	0.16886894	0.18001348	
1203.8	0.16843459	0.17991724	
1204	0.16812328	0.17982105	
1204.2	0.16819296	0.17972491	
1204.4	0.16838028	0.17962882	
1204.6	0.16850944	0.17953278	
1204.8	0.16866015	0.17943679	
1205	0.16867512	0.17934086	
1205.2	0.16868205	0.17924497	
1205.4	0.16888364	0.17914914	
1205.6	0.16906449	0.17905336	
1205.8	0.16943711	0.17895763	
1206	0.16946233	0.17886195	
1206.2	0.16946724	0.17876632	
1206.4	0.1696597	0.17867074	
1206.6	0.16979826	0.17857522	
1206.8	0.16950693	0.17847974	
1207	0.16959529	0.17838432	
1207.2	0.16987075	0.17828895	
1207.4	0.169652	0.17819363	
1207.6	0.16954947	0.17809836	
1207.8	0.16916266	0.17800314	
1208	0.16918335	0.17790797	
1208.2	0.16903493	0.17781285	
1208.4	0.16879017	0.17771778	
1208.6	0.16841187	0.17762277	
1208.8	0.16824082	0.1775278	
1209	0.16788908	0.17743289	
1209.2	0.16797142	0.17733802	
1209.4	0.16808249	0.17724321	
1209.6	0.16785509	0.17714845	
1209.8	0.16778604	0.17705374	
1210	0.16756964	0.17695907	
1210.2	0.16732624	0.17686446	
1210.4	0.16751371	0.1767699	
1210.6	0.1673915	0.17667539	
1210.8	0.16727378	0.17658094	
1211	0.16770105	0.17648653	
1211.2	0.16802339	0.17639217	
1211.4	0.16810262	0.17629786	
1211.6	0.16821646	0.1762036	
1211.8	0.16819441	0.1761094	
1212	0.16808545	0.17601524	
1212.2	0.16789704	0.17592114	
1212.4	0.16788548	0.17582708	
1212.6	0.16760104	0.17573307	
1212.8	0.16744898	0.17563912	
1213	0.16757612	0.17554521	
1213.2	0.167854	0.17545136	
1213.4	0.16773328	0.17535756	
1213.6	0.16756593	0.1752638	
1213.8	0.16722914	0.1751701	
1214	0.16701901	0.17507644	
1214.2	0.16671568	0.17498284	
1214.4	0.16675638	0.17488929	
1214.6	0.16635969	0.17479578	
1214.8	0.16628626	0.17470233	
1215	0.16640569	0.17460892	
1215.2	0.16658436	0.17451557	
1215.4	0.16645009	0.17442226	
1215.6	0.16621824	0.17432901	
1215.8	0.16615062	0.17423581	
1216	0.166187	0.17414265	
1216.2	0.16578132	0.17404955	
1216.4	0.16597623	0.17395649	
1216.6	0.16588351	0.17386349	
1216.8	0.16622155	0.17377053	
1217	0.1663627	0.17367763	
1217.2	0.16637872	0.17358477	
1217.4	0.16655891	0.17349196	
1217.6	0.16660903	0.17339921	
1217.8	0.16601679	0.1733065	
1218	0.16544954	0.17321384	
1218.2	0.16521241	0.17312123	
1218.4	0.16532205	0.17302867	
1218.6	0.16499325	0.17293616	
1218.8	0.16485811	0.17284371	
1219	0.16471738	0.17275129	
1219.2	0.16464096	0.17265893	
1219.4	0.16433752	0.17256662	
1219.6	0.16401217	0.17247436	
1219.8	0.16423579	0.17238215	
1220	0.16440021	0.17228998	
1220.2	0.16436989	0.17219787	
1220.4	0.16514443	0.1721058	
1220.6	0.16492587	0.17201379	
1220.8	0.16505688	0.17192182	
1221	0.16462792	0.17182991	
1221.2	0.16464863	0.17173804	
1221.4	0.16422564	0.17164622	
1221.6	0.16391584	0.17155445	
1221.8	0.16345702	0.17146273	
1222	0.16349312	0.17137105	
1222.2	0.1634307	0.17127943	
1222.4	0.16364977	0.17118786	
1222.6	0.16325031	0.17109633	
1222.8	0.162889	0.17100486	
1223	0.16239904	0.17091343	
1223.2	0.16250699	0.17082205	
1223.4	0.16247505	0.17073072	
1223.6	0.16252476	0.17063944	
1223.8	0.162961	0.17054821	
1224	0.16292994	0.17045703	
1224.2	0.16308283	0.17036589	
1224.4	0.16312693	0.17027481	
1224.6	0.16262487	0.17018377	
1224.8	0.1625584	0.17009278	
1225	0.161974	0.17000184	
1225.2	0.16196254	0.16991095	
1225.4	0.16174742	0.16982011	
1225.6	0.16220094	0.16972932	
1225.8	0.16231584	0.16963857	
1226	0.1625994	0.16954787	
1226.2	0.16254585	0.16945723	
1226.4	0.16272489	0.16936663	
1226.6	0.16270129	0.16927607	
1226.8	0.16286757	0.16918557	
1227	0.16341718	0.16909512	
1227.2	0.16391075	0.16900471	
1227.4	0.16399538	0.16891435	
1227.6	0.16387943	0.16882404	
1227.8	0.16365023	0.16873378	
1228	0.16288347	0.16864357	
1228.2	0.16256328	0.1685534	
1228.4	0.16207126	0.16846329	
1228.6	0.16143209	0.16837322	
1228.8	0.16122166	0.1682832	
1229	0.16098753	0.16819323	
1229.2	0.16079395	0.1681033	
1229.4	0.1603595	0.16801343	
1229.6	0.16035905	0.1679236	
1229.8	0.16034488	0.16783382	
1230	0.16024213	0.16774409	
1230.2	0.1603769	0.16765441	
1230.4	0.16072364	0.16756477	
1230.6	0.16118218	0.16747518	
1230.8	0.16145221	0.16738564	
1231	0.16181631	0.16729615	
1231.2	0.162126	0.1672067	
1231.4	0.16199449	0.16711731	
1231.6	0.1620039	0.16702796	
1231.8	0.16200856	0.16693866	
1232	0.16213101	0.16684941	
1232.2	0.16206288	0.1667602	
1232.4	0.16194881	0.16667104	
1232.6	0.16166328	0.16658193	
1232.8	0.16178066	0.16649287	
1233	0.16178012	0.16640386	
1233.2	0.16127643	0.16631489	
1233.4	0.1609321	0.16622597	
1233.6	0.16080428	0.1661371	
1233.8	0.16046614	0.16604827	
1234	0.16021783	0.16595949	
1234.2	0.16054138	0.16587076	
1234.4	0.16041933	0.16578208	
1234.6	0.16023737	0.16569345	
1234.8	0.16019325	0.16560486	
1235	0.15994824	0.16551632	
1235.2	0.15989018	0.16542783	
1235.4	0.15957781	0.16533938	
1235.6	0.15932739	0.16525098	
1235.8	0.15907301	0.16516263	
1236	0.15853622	0.16507433	
1236.2	0.1581006	0.16498607	
1236.4	0.15757887	0.16489786	
1236.6	0.15726692	0.1648097	
1236.8	0.15723186	0.16472159	
1237	0.1573667	0.16463352	
1237.2	0.15714754	0.1645455	
1237.4	0.15690231	0.16445752	
1237.6	0.15737001	0.1643696	
1237.8	0.15755955	0.16428172	
1238	0.15789	0.16419389	
1238.2	0.15835922	0.1641061	
1238.4	0.15862511	0.16401836	
1238.6	0.15886416	0.16393067	
1238.8	0.15907598	0.16384302	
1239	0.15886697	0.16375543	
1239.2	0.15905982	0.16366788	
1239.4	0.15916019	0.16358037	
1239.6	0.15891848	0.16349291	
1239.8	0.15872183	0.1634055	
1240	0.15827371	0.16331814	
1240.2	0.15821955	0.16323082	
1240.4	0.15763934	0.16314355	
1240.6	0.15781107	0.16305633	
1240.8	0.15747752	0.16296915	
1241	0.15739387	0.16288202	
1241.2	0.15660065	0.16279493	
1241.4	0.15652651	0.16270789	
1241.6	0.15657667	0.1626209	
1241.8	0.15635355	0.16253396	
1242	0.15621157	0.16244706	
1242.2	0.15646602	0.16236021	
1242.4	0.15678163	0.1622734	
1242.6	0.15704314	0.16218664	
1242.8	0.15735672	0.16209993	
1243	0.15708572	0.16201327	
1243.2	0.15745475	0.16192665	
1243.4	0.15753871	0.16184007	
1243.6	0.15749369	0.16175355	
1243.8	0.15754929	0.16166706	
1244	0.15770354	0.16158063	
1244.2	0.15781888	0.16149424	
1244.4	0.15781588	0.1614079	
1244.6	0.15794869	0.1613216	
1244.8	0.15745939	0.16123535	
1245	0.15733575	0.16114915	
1245.2	0.15676121	0.16106299	
1245.4	0.15635399	0.16097688	
1245.6	0.15548534	0.16089081	
1245.8	0.15517698	0.16080479	
1246	0.15449578	0.16071882	
1246.2	0.15415884	0.16063289	
1246.4	0.1542651	0.16054701	
1246.6	0.15405964	0.16046117	
1246.8	0.1539199	0.16037538	
1247	0.15381292	0.16028964	
1247.2	0.15414571	0.16020394	
1247.4	0.15455834	0.16011829	
1247.6	0.15480247	0.16003268	
1247.8	0.15524181	0.15994712	
1248	0.15565367	0.15986161	
1248.2	0.15575014	0.15977614	
1248.4	0.15593762	0.15969071	
1248.6	0.15622192	0.15960534	
1248.8	0.15625413	0.15952	
1249	0.15632415	0.15943472	
1249.2	0.15601439	0.15934948	
1249.4	0.15558614	0.15926428	
1249.6	0.15558328	0.15917913	
1249.8	0.1554201	0.15909403	
1250	0.15509947	0.15900897	
1250.2	0.1551822	0.15892395	
1250.4	0.15568367	0.15883898	
1250.6	0.15542979	0.15875406	
1250.8	0.15541204	0.15866918	
1251	0.15542412	0.15858435	
1251.2	0.15517544	0.15849957	
1251.4	0.15510727	0.15841482	
1251.6	0.15427197	0.15833013	
1251.8	0.15386159	0.15824548	
1252	0.15387021	0.15816087	
1252.2	0.15389089	0.15807631	
1252.4	0.15416821	0.1579918	
1252.6	0.15427602	0.15790733	
1252.8	0.15403837	0.1578229	
1253	0.15388957	0.15773852	
1253.2	0.15348963	0.15765419	
1253.4	0.15361164	0.1575699	
1253.6	0.15366526	0.15748566	
1253.8	0.15317411	0.15740146	
1254	0.15336942	0.1573173	
1254.2	0.15344037	0.15723319	
1254.4	0.15307412	0.15714913	
1254.6	0.15261674	0.15706511	
1254.8	0.15243322	0.15698114	
1255	0.15239874	0.15689721	
1255.2	0.15231716	0.15681332	
1255.4	0.15241855	0.15672948	
1255.6	0.15232239	0.15664569	
1255.8	0.15224329	0.15656194	
1256	0.15250615	0.15647823	
1256.2	0.15272445	0.15639457	
1256.4	0.15263056	0.15631096	
1256.6	0.15222949	0.15622738	
1256.8	0.15204763	0.15614386	
1257	0.15214027	0.15606038	
1257.2	0.15202309	0.15597694	
1257.4	0.15230575	0.15589355	
1257.6	0.1523226	0.1558102	
1257.8	0.15252242	0.1557269	
1258	0.15288589	0.15564364	
1258.2	0.15289336	0.15556042	
1258.4	0.15273157	0.15547725	
1258.6	0.15320229	0.15539413	
1258.8	0.15340619	0.15531105	
1259	0.15363064	0.15522801	
1259.2	0.15360958	0.15514502	
1259.4	0.153154	0.15506207	
1259.6	0.15255216	0.15497917	
1259.8	0.15206862	0.15489631	
1260	0.15180763	0.15481349	
1260.2	0.15203443	0.15473072	
1260.4	0.15165849	0.154648	
1260.6	0.15140468	0.15456531	
1260.8	0.15145212	0.15448268	
1261	0.15127514	0.15440008	
1261.2	0.15120231	0.15431753	
1261.4	0.15131875	0.15423503	
1261.6	0.15173562	0.15415257	
1261.8	0.15164257	0.15407015	
1262	0.15175212	0.15398778	
1262.2	0.15170472	0.15390545	
1262.4	0.15162015	0.15382316	
1262.6	0.15165752	0.15374092	
1262.8	0.15149647	0.15365872	
1263	0.15132542	0.15357657	
1263.2	0.15098657	0.15349446	
1263.4	0.15057335	0.1534124	
1263.6	0.15075156	0.15333037	
1263.8	0.15099145	0.1532484	
1264	0.15076046	0.15316646	
1264.2	0.15084669	0.15308457	
1264.4	0.15058551	0.15300273	
1264.6	0.15066736	0.15292093	
1264.8	0.15051048	0.15283917	
1265	0.15068836	0.15275745	
1265.2	0.15076074	0.15267578	
1265.4	0.15073368	0.15259415	
1265.6	0.15129994	0.15251257	
1265.8	0.15145811	0.15243103	
1266	0.15109599	0.15234953	
1266.2	0.1511053	0.15226808	
1266.4	0.15088764	0.15218667	
1266.6	0.15077855	0.1521053	
1266.8	0.15071072	0.15202398	
1267	0.15082263	0.1519427	
1267.2	0.15038529	0.15186147	
1267.4	0.15022843	0.15178027	
1267.6	0.15005848	0.15169912	
1267.8	0.14959406	0.15161802	
1268	0.14906417	0.15153696	
1268.2	0.14913479	0.15145594	
1268.4	0.14908801	0.15137496	
1268.6	0.14912311	0.15129403	
1268.8	0.14890246	0.15121314	
1269	0.1489331	0.1511323	
1269.2	0.14904109	0.15105149	
1269.4	0.14958545	0.15097074	
1269.6	0.15021926	0.15089002	
1269.8	0.15016575	0.15080935	
1270	0.14952621	0.15072872	
1270.2	0.15006147	0.15064813	
1270.4	0.14976905	0.15056759	
1270.6	0.14937824	0.15048709	
1270.8	0.1493005	0.15040663	
1271	0.1492718	0.15032621	
1271.2	0.14873198	0.15024584	
1271.4	0.14862609	0.15016551	
1271.6	0.14814611	0.15008523	
1271.8	0.14791842	0.15000499	
1272	0.1477636	0.14992479	
1272.2	0.14783394	0.14984463	
1272.4	0.14767389	0.14976452	
1272.6	0.14764234	0.14968445	
1272.8	0.14727676	0.14960442	
1273	0.1471054	0.14952443	
1273.2	0.14753014	0.14944449	
1273.4	0.14797925	0.14936459	
1273.6	0.1481444	0.14928473	
1273.8	0.14811659	0.14920492	
1274	0.14829037	0.14912515	
1274.2	0.14849439	0.14904542	
1274.4	0.14826042	0.14896573	
1274.6	0.14803553	0.14888609	
1274.8	0.14845569	0.14880648	
1275	0.14866634	0.14872692	
1275.2	0.14868213	0.14864741	
1275.4	0.14872002	0.14856793	
1275.6	0.14868938	0.1484885	
1275.8	0.14860664	0.14840911	
1276	0.14838367	0.14832977	
1276.2	0.14805917	0.14825046	
1276.4	0.14738738	0.1481712	
1276.6	0.14680321	0.14809198	
1276.8	0.14633872	0.14801281	
1277	0.14619175	0.14793367	
1277.2	0.14594636	0.14785458	
1277.4	0.14583368	0.14777553	
1277.6	0.14550694	0.14769652	
1277.8	0.1452453	0.14761756	
1278	0.1453499	0.14753863	
1278.2	0.14514366	0.14745975	
1278.4	0.14546414	0.14738091	
1278.6	0.1456891	0.14730212	
1278.8	0.14591277	0.14722336	
1279	0.14591635	0.14714465	
1279.2	0.14604868	0.14706598	
1279.4	0.14606133	0.14698735	
1279.6	0.14593715	0.14690877	
1279.8	0.14594771	0.14683022	
1280	0.14612191	0.14675172	
1280.2	0.14596692	0.14667326	
1280.4	0.14578684	0.14659484	
1280.6	0.14577787	0.14651646	
1280.8	0.14549475	0.14643813	
1281	0.14538143	0.14635984	
1281.2	0.14504517	0.14628159	
1281.4	0.14519229	0.14620338	
1281.6	0.14528839	0.14612521	
1281.8	0.14534411	0.14604708	
1282	0.1456235	0.145969	
1282.2	0.1453986	0.14589096	
1282.4	0.14554103	0.14581296	
1282.6	0.14530032	0.145735	
1282.8	0.14500177	0.14565708	
1283	0.1447987	0.14557921	
1283.2	0.14481623	0.14550138	
1283.4	0.14445778	0.14542358	
1283.6	0.14440155	0.14534583	
1283.8	0.14459062	0.14526812	
1284	0.14451433	0.14519046	
1284.2	0.14423849	0.14511283	
1284.4	0.14372072	0.14503525	
1284.6	0.14345426	0.14495771	
1284.8	0.1434511	0.1448802	
1285	0.14384562	0.14480274	
1285.2	0.14397713	0.14472533	
1285.4	0.14425717	0.14464795	
1285.6	0.14439119	0.14457061	
1285.8	0.14452457	0.14449332	
1286	0.1446868	0.14441607	
1286.2	0.14434954	0.14433886	
1286.4	0.14469739	0.14426168	
1286.6	0.14476388	0.14418456	
1286.8	0.14441917	0.14410747	
1287	0.14432336	0.14403042	
1287.2	0.14438925	0.14395342	
1287.4	0.14452028	0.14387645	
1287.6	0.14444042	0.14379953	
1287.8	0.14428141	0.14372265	
1288	0.14390618	0.14364581	
1288.2	0.14365887	0.14356901	
1288.4	0.14352254	0.14349225	
1288.6	0.14378825	0.14341553	
1288.8	0.14401443	0.14333885	
1289	0.14370472	0.14326222	
1289.2	0.14347239	0.14318562	
1289.4	0.14333007	0.14310907	
1289.6	0.14352048	0.14303256	
1289.8	0.14326841	0.14295609	
1290	0.14310087	0.14287965	
1290.2	0.14264629	0.14280326	
1290.4	0.14255306	0.14272691	
1290.6	0.14211519	0.14265061	
1290.8	0.14156764	0.14257434	
1291	0.14142252	0.14249811	
1291.2	0.14137675	0.14242193	
1291.4	0.14089002	0.14234578	
1291.6	0.14024214	0.14226968	
1291.8	0.13994944	0.14219361	
1292	0.13961531	0.14211759	
1292.2	0.1397663	0.14204161	
1292.4	0.14002975	0.14196566	
1292.6	0.14002428	0.14188976	
1292.8	0.14040268	0.1418139	
1293	0.14073614	0.14173808	
1293.2	0.14131334	0.1416623	
1293.4	0.14208919	0.14158656	
1293.6	0.14253558	0.14151086	
1293.8	0.1429594	0.1414352	
1294	0.14361784	0.14135959	
1294.2	0.14374139	0.14128401	
1294.4	0.14378747	0.14120847	
1294.6	0.14359043	0.14113298	
1294.8	0.14344685	0.14105752	
1295	0.14355489	0.1409821	
1295.2	0.14329021	0.14090673	
1295.4	0.14293982	0.14083139	
1295.6	0.14274406	0.1407561	
1295.8	0.14227725	0.14068084	
1296	0.14168771	0.14060563	
1296.2	0.14150022	0.14053045	
1296.4	0.14132735	0.14045532	
1296.6	0.14154663	0.14038023	
1296.8	0.14171946	0.14030517	
1297	0.14183999	0.14023016	
1297.2	0.14214339	0.14015519	
1297.4	0.14226941	0.14008025	
1297.6	0.14201129	0.14000536	
1297.8	0.1421591	0.1399305	
1298	0.14198837	0.13985569	
1298.2	0.1412705	0.13978092	
1298.4	0.14133801	0.13970618	
1298.6	0.14164584	0.13963149	
1298.8	0.14205956	0.13955684	
1299	0.14219272	0.13948222	
1299.2	0.14205395	0.13940765	
1299.4	0.14208779	0.13933312	
1299.6	0.1419108	0.13925862	
1299.8	0.14204518	0.13918417	
1300	0.14183777	0.13910975	
1300.2	0.14176416	0.13903538	
1300.4	0.14169631	0.13896105	
1300.6	0.14183264	0.13888675	
1300.8	0.14153686	0.13881249	
1301	0.14131389	0.13873828	
1301.2	0.14101959	0.1386641	
1301.4	0.14048457	0.13858997	
1301.6	0.14013528	0.13851587	
1301.8	0.13974198	0.13844181	
1302	0.13932688	0.1383678	
1302.2	0.13928072	0.13829382	
1302.4	0.13965846	0.13821988	
1302.6	0.13991126	0.13814598	
1302.8	0.13959041	0.13807212	
1303	0.13965368	0.1379983	
1303.2	0.13978469	0.13792452	
1303.4	0.13959287	0.13785078	
1303.6	0.14006903	0.13777708	
1303.8	0.14060298	0.13770342	
1304	0.14043989	0.13762979	
1304.2	0.14001071	0.13755621	
1304.4	0.1401899	0.13748267	
1304.6	0.1402067	0.13740916	
1304.8	0.1399389	0.1373357	
1305	0.13969705	0.13726227	
1305.2	0.13985891	0.13718888	
1305.4	0.13977579	0.13711554	
1305.6	0.1394624	0.13704223	
1305.8	0.13909393	0.13696896	
1306	0.13893132	0.13689573	
1306.2	0.13910947	0.13682254	
1306.4	0.13911404	0.13674939	
1306.6	0.13906056	0.13667627	
1306.8	0.13851574	0.1366032	
1307	0.13868176	0.13653017	
1307.2	0.13845478	0.13645717	
1307.4	0.13832697	0.13638421	
1307.6	0.13879644	0.1363113	
1307.8	0.1388979	0.13623842	
1308	0.1387468	0.13616558	
1308.2	0.13851092	0.13609278	
1308.4	0.13894471	0.13602002	
1308.6	0.13897241	0.1359473	
1308.8	0.13882485	0.13587461	
1309	0.13873545	0.13580197	
1309.2	0.13884524	0.13572936	
1309.4	0.13854316	0.13565679	
1309.6	0.13860616	0.13558426	
1309.8	0.13872867	0.13551178	
1310	0.13877694	0.13543932	
1310.2	0.13850017	0.13536691	
1310.4	0.13832305	0.13529454	
1310.6	0.13781748	0.1352222	
1310.8	0.13773768	0.13514991	
1311	0.1376801	0.13507765	
1311.2	0.13778589	0.13500543	
1311.4	0.13771674	0.13493325	
1311.6	0.13781995	0.13486111	
1311.8	0.1379371	0.13478901	
1312	0.13792136	0.13471694	
1312.2	0.13784575	0.13464492	
1312.4	0.13801106	0.13457293	
1312.6	0.13763441	0.13450098	
1312.8	0.13754191	0.13442907	
1313	0.13765402	0.1343572	
1313.2	0.1379725	0.13428536	
1313.4	0.13845227	0.13421357	
1313.6	0.13877007	0.13414181	
1313.8	0.13848948	0.13407009	
1314	0.13805375	0.13399841	
1314.2	0.13766774	0.13392677	
1314.4	0.1375242	0.13385517	
1314.6	0.13748972	0.1337836	
1314.8	0.13746242	0.13371208	
1315	0.13738568	0.13364059	
1315.2	0.13720122	0.13356914	
1315.4	0.13693297	0.13349772	
1315.6	0.1369334	0.13342635	
1315.8	0.13645366	0.13335501	
1316	0.13624247	0.13328372	
1316.2	0.13598975	0.13321246	
1316.4	0.13567812	0.13314124	
1316.6	0.13549794	0.13307005	
1316.8	0.13578533	0.13299891	
1317	0.13562006	0.1329278	
1317.2	0.1355282	0.13285673	
1317.4	0.13589302	0.1327857	
1317.6	0.13565348	0.1327147	
1317.8	0.13514239	0.13264375	
1318	0.13504604	0.13257283	
1318.2	0.13513579	0.13250195	
1318.4	0.13529833	0.13243111	
1318.6	0.13517649	0.13236031	
1318.8	0.13503312	0.13228954	
1319	0.13528388	0.13221881	
1319.2	0.13499348	0.13214812	
1319.4	0.13524665	0.13207747	
1319.6	0.13533794	0.13200686	
1319.8	0.13532559	0.13193628	
1320	0.13541261	0.13186574	
1320.2	0.13513301	0.13179524	
1320.4	0.13501891	0.13172477	
1320.6	0.13519264	0.13165435	
1320.8	0.13487442	0.13158396	
1321	0.13474734	0.13151361	
1321.2	0.13478145	0.13144329	
1321.4	0.1351729	0.13137302	
1321.6	0.13504445	0.13130278	
1321.8	0.13485699	0.13123258	
1322	0.13471651	0.13116242	
1322.2	0.13463661	0.13109229	
1322.4	0.13463959	0.1310222	
1322.6	0.13433947	0.13095215	
1322.8	0.13435832	0.13088214	
1323	0.13497019	0.13081216	
1323.2	0.13518727	0.13074223	
1323.4	0.13530099	0.13067232	
1323.6	0.1358908	0.13060246	
1323.8	0.1359242	0.13053264	
1324	0.13547916	0.13046285	
1324.2	0.13506662	0.1303931	
1324.4	0.13521286	0.13032338	
1324.6	0.13493454	0.1302537	
1324.8	0.13481031	0.13018406	
1325	0.13479455	0.13011446	
1325.2	0.13481428	0.1300449	
1325.4	0.13470554	0.12997537	
1325.6	0.13404738	0.12990588	
1325.8	0.1337067	0.12983642	
1326	0.13313537	0.12976701	
1326.2	0.13296782	0.12969763	
1326.4	0.13289089	0.12962829	
1326.6	0.13286065	0.12955898	
1326.8	0.13299989	0.12948971	
1327	0.13345849	0.12942048	
1327.2	0.13351429	0.12935129	
1327.4	0.13337678	0.12928213	
1327.6	0.13376351	0.12921301	
1327.8	0.13356038	0.12914393	
1328	0.13340219	0.12907488	
1328.2	0.13358273	0.12900587	
1328.4	0.13356664	0.1289369	
1328.6	0.13345942	0.12886796	
1328.8	0.13372113	0.12879906	
1329	0.13351383	0.1287302	
1329.2	0.13387013	0.12866138	
1329.4	0.13379933	0.12859259	
1329.6	0.13337929	0.12852384	
1329.8	0.13380242	0.12845512	
1330	0.13343674	0.12838644	
1330.2	0.13366068	0.1283178	
1330.4	0.13333947	0.1282492	
1330.6	0.133284	0.12818063	
1330.8	0.13327274	0.1281121	
1331	0.13294678	0.1280436	
1331.2	0.13281735	0.12797514	
1331.4	0.13281691	0.12790672	
1331.6	0.1328453	0.12783834	
1331.8	0.13252339	0.12776999	
1332	0.13230248	0.12770168	
1332.2	0.13218099	0.1276334	
1332.4	0.13173208	0.12756516	
1332.6	0.13158207	0.12749696	
1332.8	0.13186956	0.1274288	
1333	0.13185186	0.12736067	
1333.2	0.13255493	0.12729257	
1333.4	0.13291077	0.12722452	
1333.6	0.13300058	0.1271565	
1333.8	0.13348024	0.12708851	
1334	0.13295425	0.12702057	
1334.2	0.13322277	0.12695266	
1334.4	0.13269478	0.12688478	
1334.6	0.13273637	0.12681694	
1334.8	0.13246747	0.12674914	
1335	0.13212441	0.12668137	
1335.2	0.13191516	0.12661364	
1335.4	0.13189648	0.12654595	
1335.6	0.13136769	0.12647829	
1335.8	0.13079027	0.12641067	
1336	0.13091914	0.12634309	
1336.2	0.13064894	0.12627554	
1336.4	0.13046611	0.12620803	
1336.6	0.13027551	0.12614055	
1336.8	0.13096757	0.12607311	
1337	0.13100446	0.1260057	
1337.2	0.13111259	0.12593833	
1337.4	0.13116567	0.125871	
1337.6	0.13144437	0.12580371	
1337.8	0.13140186	0.12573645	
1338	0.13092513	0.12566922	
1338.2	0.13130867	0.12560203	
1338.4	0.13133279	0.12553488	
1338.6	0.13136008	0.12546776	
1338.8	0.13107475	0.12540068	
1339	0.13119233	0.12533364	
1339.2	0.13107446	0.12526663	
1339.4	0.1310243	0.12519965	
1339.6	0.13117458	0.12513272	
1339.8	0.13136478	0.12506581	
1340	0.13161332	0.12499895	
1340.2	0.13140563	0.12493212	
1340.4	0.13141923	0.12486532	
1340.6	0.13130965	0.12479857	
1340.8	0.13185716	0.12473184	
1341	0.13168557	0.12466515	
1341.2	0.13142937	0.1245985	
1341.4	0.13199662	0.12453189	
1341.6	0.13232601	0.12446531	
1341.8	0.13197621	0.12439876	
1342	0.1317323	0.12433225	
1342.2	0.13205261	0.12426578	
1342.4	0.13153513	0.12419934	
1342.6	0.13101205	0.12413294	
1342.8	0.13078949	0.12406657	
1343	0.13061517	0.12400024	
1343.2	0.13007072	0.12393394	
1343.4	0.12969421	0.12386768	
1343.6	0.12934603	0.12380146	
1343.8	0.12912524	0.12373527	
1344	0.12913947	0.12366911	
1344.2	0.12873779	0.12360299	
1344.4	0.12852754	0.12353691	
1344.6	0.12878016	0.12347086	
1344.8	0.12904866	0.12340485	
1345	0.12920257	0.12333887	
1345.2	0.1294314	0.12327293	
1345.4	0.1300923	0.12320702	
1345.6	0.13001232	0.12314115	
1345.8	0.13001708	0.12307531	
1346	0.12985203	0.12300951	
1346.2	0.13023964	0.12294374	
1346.4	0.1302896	0.12287801	
1346.6	0.13065041	0.12281231	
1346.8	0.13086642	0.12274665	
1347	0.13075203	0.12268103	
1347.2	0.13038948	0.12261543	
1347.4	0.1302351	0.12254988	
1347.6	0.13004841	0.12248436	
1347.8	0.13018196	0.12241887	
1348	0.12985604	0.12235342	
1348.2	0.12910656	0.122288	
1348.4	0.12926653	0.12222262	
1348.6	0.12934696	0.12215728	
1348.8	0.12930108	0.12209197	
1349	0.12925928	0.12202669	
1349.2	0.12920142	0.12196145	
1349.4	0.12898286	0.12189624	
1349.6	0.12887545	0.12183107	
1349.8	0.1288179	0.12176594	
1350	0.1285692	0.12170083	
1350.2	0.12892221	0.12163577	
1350.4	0.1292389	0.12157074	
1350.6	0.12916061	0.12150574	
1350.8	0.12940251	0.12144078	
1351	0.12904309	0.12137585	
1351.2	0.12867955	0.12131095	
1351.4	0.1283022	0.1212461	
1351.6	0.12830503	0.12118127	
1351.8	0.12838517	0.12111648	
1352	0.128201	0.12105173	
1352.2	0.12778443	0.12098701	
1352.4	0.12819088	0.12092232	
1352.6	0.12810427	0.12085767	
1352.8	0.12813994	0.12079306	
1353	0.12798162	0.12072847	
1353.2	0.12815262	0.12066393	
1353.4	0.12825381	0.12059941	
1353.6	0.12847058	0.12053494	
1353.8	0.12836746	0.12047049	
1354	0.12844481	0.12040608	
1354.2	0.12862587	0.12034171	
1354.4	0.12816717	0.12027737	
1354.6	0.12816469	0.12021306	
1354.8	0.12784152	0.12014879	
1355	0.12715335	0.12008455	
1355.2	0.12686253	0.12002035	
1355.4	0.12648378	0.11995618	
1355.6	0.12673369	0.11989205	
1355.8	0.12644481	0.11982795	
1356	0.12593078	0.11976388	
1356.2	0.12547376	0.11969985	
1356.4	0.12576378	0.11963586	
1356.6	0.12562759	0.11957189	
1356.8	0.12564465	0.11950796	
1357	0.12582801	0.11944407	
1357.2	0.12620226	0.11938021	
1357.4	0.12634721	0.11931638	
1357.6	0.12637024	0.11925259	
1357.8	0.12635877	0.11918883	
1358	0.12627431	0.11912511	
1358.2	0.12593592	0.11906142	
1358.4	0.12573051	0.11899776	
1358.6	0.1260405	0.11893414	
1358.8	0.12593846	0.11887055	
1359	0.12623011	0.118807	
1359.2	0.12605482	0.11874348	
1359.4	0.12620946	0.11867999	
1359.6	0.12638121	0.11861654	
1359.8	0.12637586	0.11855312	
1360	0.12665394	0.11848974	
1360.2	0.12703331	0.11842639	
1360.4	0.12749393	0.11836307	
1360.6	0.12741834	0.11829979	
1360.8	0.12726553	0.11823654	
1361	0.12731741	0.11817333	
1361.2	0.12712802	0.11811015	
1361.4	0.12708694	0.118047	
1361.6	0.12686482	0.11798389	
1361.8	0.12648609	0.11792081	
1362	0.12652113	0.11785776	
1362.2	0.12644907	0.11779475	
1362.4	0.12653354	0.11773177	
1362.6	0.12659732	0.11766883	
1362.8	0.1268414	0.11760591	
1363	0.12678006	0.11754304	
1363.2	0.12620523	0.11748019	
1363.4	0.12632055	0.11741738	
1363.6	0.12619566	0.11735461	
1363.8	0.12641623	0.11729186	
1364	0.12660465	0.11722915	
1364.2	0.126333	0.11716648	
1364.4	0.12599933	0.11710383	
1364.6	0.12523355	0.11704122	
1364.8	0.12482695	0.11697865	
1365	0.12452943	0.11691611	
1365.2	0.12413213	0.1168536	
1365.4	0.12427885	0.11679112	
1365.6	0.12412439	0.11672868	
1365.8	0.12391079	0.11666627	
1366	0.12447414	0.1166039	
1366.2	0.1242751	0.11654156	
1366.4	0.12468548	0.11647925	
1366.6	0.12508678	0.11641697	
1366.8	0.12520001	0.11635473	
1367	0.12519471	0.11629252	
1367.2	0.12533748	0.11623035	
1367.4	0.12558184	0.1161682	
1367.6	0.12557242	0.11610609	
1367.8	0.1257526	0.11604402	
1368	0.12533329	0.11598198	
1368.2	0.12478357	0.11591997	
1368.4	0.12456684	0.11585799	
1368.6	0.12466046	0.11579605	
1368.8	0.12426932	0.11573414	
1369	0.12410402	0.11567226	
1369.2	0.12423227	0.11561042	
1369.4	0.12405396	0.11554861	
1369.6	0.12402914	0.11548683	
1369.8	0.12380184	0.11542508	
1370	0.12397312	0.11536337	
1370.2	0.12370461	0.11530169	
1370.4	0.12379791	0.11524005	
1370.6	0.12361228	0.11517844	
1370.8	0.12347031	0.11511686	
1371	0.12356857	0.11505531	
1371.2	0.123713	0.11499379	
1371.4	0.12373333	0.11493231	
1371.6	0.12392278	0.11487087	
1371.8	0.12434109	0.11480945	
1372	0.1241954	0.11474807	
1372.2	0.12466295	0.11468672	
1372.4	0.12498358	0.1146254	
1372.6	0.1255922	0.11456412	
1372.8	0.12557941	0.11450287	
1373	0.12612585	0.11444165	
1373.2	0.12621932	0.11438046	
1373.4	0.12573849	0.11431931	
1373.6	0.12563785	0.11425819	
1373.8	0.12530028	0.1141971	
1374	0.12511796	0.11413605	
1374.2	0.12457147	0.11407502	
1374.4	0.1240533	0.11401403	
1374.6	0.12367086	0.11395308	
1374.8	0.12344445	0.11389215	
1375	0.12331291	0.11383126	
1375.2	0.12320842	0.1137704	
1375.4	0.12287063	0.11370957	
1375.6	0.12270732	0.11364878	
1375.8	0.12268345	0.11358802	
1376	0.12247719	0.11352729	
1376.2	0.12268608	0.11346659	
1376.4	0.12246625	0.11340593	
1376.6	0.12275141	0.11334529	
1376.8	0.1226636	0.11328469	
1377	0.12263842	0.11322413	
1377.2	0.12236897	0.11316359	
1377.4	0.12192972	0.11310309	
1377.6	0.12210792	0.11304262	
1377.8	0.12250269	0.11298218	
1378	0.12224721	0.11292178	
1378.2	0.12209513	0.1128614	
1378.4	0.12220279	0.11280106	
1378.6	0.12208469	0.11274075	
1378.8	0.12211015	0.11268048	
1379	0.12224396	0.11262023	
1379.2	0.12222502	0.11256002	
1379.4	0.12183209	0.11249984	
1379.6	0.12209473	0.11243969	
1379.8	0.12256999	0.11237958	
1380	0.12245489	0.11231949	
1380.2	0.12255421	0.11225944	
1380.4	0.12270015	0.11219942	
1380.6	0.1231017	0.11213944	
1380.8	0.12331355	0.11207948	
1381	0.12340283	0.11201956	
1381.2	0.12326564	0.11195967	
1381.4	0.12324034	0.11189981	
1381.6	0.12359381	0.11183998	
1381.8	0.12361661	0.11178019	
1382	0.12364245	0.11172042	
1382.2	0.12383124	0.11166069	
1382.4	0.12353191	0.11160099	
1382.6	0.12334474	0.11154133	
1382.8	0.12336901	0.11148169	
1383	0.12330026	0.11142209	
1383.2	0.12293319	0.11136252	
1383.4	0.12247059	0.11130298	
1383.6	0.12230353	0.11124347	
1383.8	0.12228611	0.11118399	
1384	0.12161119	0.11112455	
1384.2	0.12157077	0.11106514	
1384.4	0.12132686	0.11100576	
1384.6	0.12092455	0.11094641	
1384.8	0.12068705	0.11088709	
1385	0.12013446	0.11082781	
1385.2	0.12026932	0.11076855	
1385.4	0.12024858	0.11070933	
1385.6	0.12008969	0.11065014	
1385.8	0.12017598	0.11059098	
1386	0.12045319	0.11053185	
1386.2	0.12024535	0.11047276	
1386.4	0.11989112	0.11041369	
1386.6	0.11987288	0.11035466	
1386.8	0.1196825	0.11029566	
1387	0.11951271	0.11023669	
1387.2	0.11914814	0.11017775	
1387.4	0.11897402	0.11011885	
1387.6	0.11887422	0.11005997	
1387.8	0.1191559	0.11000113	
1388	0.11878789	0.10994232	
1388.2	0.11921072	0.10988354	
1388.4	0.11916292	0.10982479	
1388.6	0.11927151	0.10976607	
1388.8	0.11985218	0.10970739	
1389	0.11958467	0.10964873	
1389.2	0.11975531	0.10959011	
1389.4	0.11969008	0.10953152	
1389.6	0.11966247	0.10947296	
1389.8	0.12006643	0.10941443	
1390	0.12052781	0.10935593	
1390.2	0.12043033	0.10929746	
1390.4	0.12047276	0.10923903	
1390.6	0.12030799	0.10918062	
1390.8	0.11989719	0.10912225	
1391	0.1193543	0.10906391	
1391.2	0.11897383	0.1090056	
1391.4	0.11900722	0.10894732	
1391.6	0.11872414	0.10888907	
1391.8	0.1189939	0.10883085	
1392	0.11867021	0.10877267	
1392.2	0.11870585	0.10871451	
1392.4	0.11820146	0.10865639	
1392.6	0.11801081	0.10859829	
1392.8	0.11795681	0.10854023	
1393	0.11766999	0.1084822	
1393.2	0.11778071	0.1084242	
1393.4	0.11813449	0.10836623	
1393.6	0.11833404	0.1083083	
1393.8	0.11900406	0.10825039	
1394	0.11963548	0.10819251	
1394.2	0.11977572	0.10813467	
1394.4	0.11970258	0.10807685	
1394.6	0.11975648	0.10801907	
1394.8	0.11916867	0.10796132	
1395	0.11904091	0.1079036	
1395.2	0.11928576	0.10784591	
1395.4	0.11888231	0.10778825	
1395.6	0.11827992	0.10773062	
1395.8	0.11806681	0.10767302	
1396	0.1176591	0.10761546	
1396.2	0.11720332	0.10755792	
1396.4	0.11721313	0.10750041	
1396.6	0.1171999	0.10744294	
1396.8	0.11723938	0.10738549	
1397	0.11745225	0.10732808	
1397.2	0.11719098	0.1072707	
1397.4	0.11732003	0.10721335	
1397.6	0.11780776	0.10715603	
1397.8	0.11828005	0.10709874	
1398	0.11823602	0.10704148	
1398.2	0.11844472	0.10698425	
1398.4	0.11846877	0.10692705	
1398.6	0.11860974	0.10686988	
1398.8	0.11832296	0.10681274	
1399	0.11845395	0.10675563	
1399.2	0.11857939	0.10669856	
1399.4	0.11820145	0.10664151	
1399.6	0.11808932	0.1065845	
1399.8	0.11836342	0.10652751	
1400	0.11861927	0.10647056	
1400.2	0.11854507	0.10641363	
1400.4	0.11883733	0.10635674	
1400.6	0.11904886	0.10629988	
1400.8	0.1187739	0.10624304	
1401	0.11884895	0.10618624	
1401.2	0.1191468	0.10612947	
1401.4	0.11920041	0.10607273	
1401.6	0.11928089	0.10601602	
1401.8	0.11900935	0.10595933	
1402	0.11845298	0.10590268	
1402.2	0.11820225	0.10584606	
1402.4	0.11752396	0.10578947	
1402.6	0.11730998	0.10573291	
1402.8	0.1172687	0.10567638	
1403	0.11701448	0.10561988	
1403.2	0.11714367	0.10556341	
1403.4	0.11686183	0.10550697	
1403.6	0.11696241	0.10545057	
1403.8	0.11739264	0.10539419	
1404	0.11742718	0.10533784	
1404.2	0.11774119	0.10528152	
1404.4	0.1179463	0.10522523	
1404.6	0.11778735	0.10516897	
1404.8	0.11794123	0.10511275	
1405	0.11839777	0.10505655	
1405.2	0.11863647	0.10500038	
1405.4	0.11785585	0.10494424	
1405.6	0.11780781	0.10488813	
1405.8	0.11748742	0.10483205	
1406	0.11693958	0.10477601	
1406.2	0.11658084	0.10471999	
1406.4	0.1163107	0.104664	
1406.6	0.11641029	0.10460804	
1406.8	0.11604598	0.10455211	
1407	0.11561244	0.10449622	
1407.2	0.11578602	0.10444035	
1407.4	0.11568888	0.10438451	
1407.6	0.11595256	0.1043287	
1407.8	0.11577439	0.10427292	
1408	0.11558867	0.10421717	
1408.2	0.11565245	0.10416145	
1408.4	0.11574229	0.10410576	
1408.6	0.11578951	0.1040501	
1408.8	0.11634871	0.10399447	
1409	0.11626464	0.10393887	
1409.2	0.11638179	0.1038833	
1409.4	0.11658517	0.10382776	
1409.6	0.11697089	0.10377225	
1409.8	0.11672365	0.10371677	
1410	0.1165318	0.10366132	
1410.2	0.11620831	0.10360589	
1410.4	0.11591817	0.1035505	
1410.6	0.1158792	0.10349514	
1410.8	0.11557335	0.10343981	
1411	0.11548226	0.1033845	
1411.2	0.11553973	0.10332923	
1411.4	0.11526832	0.10327398	
1411.6	0.1150287	0.10321877	
1411.8	0.11474006	0.10316358	
1412	0.11473052	0.10310843	
1412.2	0.11484775	0.1030533	
1412.4	0.11520575	0.1029982	
1412.6	0.1152763	0.10294314	
1412.8	0.11537315	0.1028881	
1413	0.11527885	0.10283309	
1413.2	0.11569177	0.10277811	
1413.4	0.1158676	0.10272316	
1413.6	0.11579973	0.10266824	
1413.8	0.11596278	0.10261335	
1414	0.11607032	0.10255849	
1414.2	0.11612648	0.10250365	
1414.4	0.11621962	0.10244885	
1414.6	0.1162322	0.10239408	
1414.8	0.11633445	0.10233933	
1415	0.11640556	0.10228462	
1415.2	0.11603658	0.10222993	
1415.4	0.1154936	0.10217527	
1415.6	0.11533319	0.10212064	
1415.8	0.11486336	0.10206605	
1416	0.11425384	0.10201148	
1416.2	0.11404531	0.10195694	
1416.4	0.11372752	0.10190243	
1416.6	0.11352801	0.10184794	
1416.8	0.11314195	0.10179349	
1417	0.11283924	0.10173907	
1417.2	0.11298407	0.10168467	
1417.4	0.11310924	0.10163031	
1417.6	0.11331256	0.10157597	
1417.8	0.11363352	0.10152166	
1418	0.11369975	0.10146739	
1418.2	0.11379165	0.10141314	
1418.4	0.1137699	0.10135892	
1418.6	0.11362442	0.10130473	
1418.8	0.11387017	0.10125056	
1419	0.11391965	0.10119643	
1419.2	0.11393271	0.10114233	
1419.4	0.11392101	0.10108825	
1419.6	0.11411076	0.1010342	
1419.8	0.11366647	0.10098019	
1420	0.11369437	0.1009262	
1420.2	0.1139222	0.10087224	
1420.4	0.11411502	0.10081831	
1420.6	0.1142814	0.10076441	
1420.8	0.11399489	0.10071053	
1421	0.11366692	0.10065669	
1421.2	0.11381279	0.10060287	
1421.4	0.11425344	0.10054908	
1421.6	0.11426739	0.10049533	
1421.8	0.11383433	0.1004416	
1422	0.11376023	0.1003879	
1422.2	0.11409075	0.10033422	
1422.4	0.11408249	0.10028058	
1422.6	0.11444063	0.10022697	
1422.8	0.11448428	0.10017338	
1423	0.11476386	0.10011982	
1423.2	0.11465542	0.10006629	
1423.4	0.11445995	0.10001279	
1423.6	0.11428834	0.09995932	
1423.8	0.11382046	0.09990588	
1424	0.11397443	0.09985247	
1424.2	0.11376186	0.09979908	
1424.4	0.11372302	0.09974572	
1424.6	0.11340703	0.09969239	
1424.8	0.11283091	0.09963909	
1425	0.11254419	0.09958582	
1425.2	0.11265901	0.09953258	
1425.4	0.11267609	0.09947936	
1425.6	0.11264323	0.09942618	
1425.8	0.11223491	0.09937302	
1426	0.11260166	0.09931989	
1426.2	0.11309109	0.09926679	
1426.4	0.1130162	0.09921372	
1426.6	0.11325863	0.09916067	
1426.8	0.11313047	0.09910766	
1427	0.11359676	0.09905467	
1427.2	0.11315268	0.09900171	
1427.4	0.11288003	0.09894878	
1427.6	0.11283313	0.09889588	
1427.8	0.11258414	0.098843	
1428	0.11282337	0.09879016	
1428.2	0.11254096	0.09873734	
1428.4	0.11236077	0.09868455	
1428.6	0.11210704	0.09863179	
1428.8	0.11189683	0.09857905	
1429	0.1117581	0.09852635	
1429.2	0.11155502	0.09847367	
1429.4	0.11149469	0.09842102	
1429.6	0.11147359	0.0983684	
1429.8	0.11101222	0.09831581	
1430	0.11099431	0.09826325	
1430.2	0.11132245	0.09821071	
1430.4	0.11133651	0.0981582	
1430.6	0.11184428	0.09810572	
1430.8	0.11206528	0.09805327	
1431	0.11180663	0.09800085	
1431.2	0.11153984	0.09794845	
1431.4	0.11153258	0.09789608	
1431.6	0.11213492	0.09784374	
1431.8	0.11250688	0.09779143	
1432	0.11301306	0.09773915	
1432.2	0.1136256	0.09768689	
1432.4	0.11381825	0.09763466	
1432.6	0.11417486	0.09758246	
1432.8	0.11408542	0.09753029	
1433	0.11360439	0.09747815	
1433.2	0.11311393	0.09742603	
1433.4	0.11291896	0.09737394	
1433.6	0.11268896	0.09732188	
1433.8	0.11243112	0.09726985	
1434	0.11202639	0.09721784	
1434.2	0.11149959	0.09716587	
1434.4	0.11117692	0.09711392	
1434.6	0.11110007	0.097062	
1434.8	0.1103549	0.0970101	
1435	0.10995308	0.09695824	
1435.2	0.11029971	0.0969064	
1435.4	0.11032197	0.09685459	
1435.6	0.11077317	0.0968028	
1435.8	0.11084201	0.09675105	
1436	0.1112565	0.09669932	
1436.2	0.1114125	0.09664762	
1436.4	0.11130207	0.09659595	
1436.6	0.11145394	0.0965443	
1436.8	0.11070078	0.09649269	
1437	0.11075448	0.0964411	
1437.2	0.11077371	0.09638954	
1437.4	0.11067069	0.096338	
1437.6	0.11078219	0.09628649	
1437.8	0.11089876	0.09623502	
1438	0.11080318	0.09618356	
1438.2	0.11090753	0.09613214	
1438.4	0.11137512	0.09608074	
1438.6	0.11156917	0.09602937	
1438.8	0.11152297	0.09597803	
1439	0.11186078	0.09592672	
1439.2	0.11204907	0.09587543	
1439.4	0.11194328	0.09582417	
1439.6	0.11189225	0.09577294	
1439.8	0.11171133	0.09572173	
