Conc1	5E-08	
Start1	1020	
Stop1	1439.8	
Kobs	0.00267394736731054	
Error Kobs	2.86751311821034E-05	
Koff	0	
Error Koff	0	
Time1	Data1	Fit1	
1020	0.01246308	0	
1020.2	0.01380261	0.003626	
1020.4	0.01610081	0.00720969	
1020.6	0.01756642	0.01075154	
1020.8	0.02039291	0.01425207	
1021	0.02378597	0.01771173	
1021.2	0.02689324	0.02113103	
1021.4	0.0309367	0.02451041	
1021.6	0.03547319	0.02785036	
1021.8	0.03937887	0.03115132	
1022	0.04453346	0.03441376	
1022.2	0.04930284	0.03763812	
1022.4	0.05335232	0.04082486	
1022.6	0.05825561	0.0439744	
1022.8	0.06264713	0.04708718	
1023	0.06720959	0.05016364	
1023.2	0.07210931	0.05320419	
1023.4	0.07654522	0.05620925	
1023.6	0.08141098	0.05917925	
1023.8	0.08601502	0.06211458	
1024	0.08960583	0.06501565	
1024.2	0.09399711	0.06788286	
1024.4	0.09819617	0.07071662	
1024.6	0.10162536	0.0735173	
1024.8	0.10674747	0.07628529	
1025	0.11044163	0.07902098	
1025.2	0.11483964	0.08172474	
1025.4	0.11939789	0.08439695	
1025.6	0.12331933	0.08703797	
1025.8	0.12724573	0.08964816	
1026	0.13161573	0.09222789	
1026.2	0.13509067	0.09477752	
1026.4	0.13946758	0.09729739	
1026.6	0.14288705	0.09978785	
1026.8	0.14610525	0.10224924	
1027	0.14978692	0.10468191	
1027.2	0.15260965	0.10708619	
1027.4	0.15565069	0.1094624	
1027.6	0.15848909	0.11181089	
1027.8	0.1607192	0.11413196	
1028	0.16341841	0.11642595	
1028.2	0.16537067	0.11869316	
1028.4	0.16777276	0.12093392	
1028.6	0.17011469	0.12314852	
1028.8	0.17164039	0.12533728	
1029	0.17352429	0.12750049	
1029.2	0.17577618	0.12963845	
1029.4	0.17691649	0.13175146	
1029.6	0.17890429	0.13383982	
1029.8	0.18075302	0.1359038	
1030	0.18219267	0.13794369	
1030.2	0.18425949	0.13995977	
1030.4	0.18591805	0.14195233	
1030.6	0.1874944	0.14392163	
1030.8	0.18919549	0.14586794	
1031	0.18986975	0.14779154	
1031.2	0.19173377	0.14969269	
1031.4	0.19299309	0.15157166	
1031.6	0.19374996	0.15342869	
1031.8	0.1954269	0.15526405	
1032	0.19607093	0.15707799	
1032.2	0.1968543	0.15887076	
1032.4	0.19804612	0.16064261	
1032.6	0.1981601	0.16239378	
1032.8	0.19880882	0.16412451	
1033	0.1996461	0.16583504	
1033.2	0.20016592	0.16752561	
1033.4	0.20128234	0.16919645	
1033.6	0.20224398	0.17084779	
1033.8	0.20296181	0.17247985	
1034	0.20413583	0.17409287	
1034.2	0.20477081	0.17568706	
1034.4	0.20573074	0.17726265	
1034.6	0.20702302	0.17881985	
1034.8	0.2069163	0.18035887	
1035	0.20777706	0.18187994	
1035.2	0.20851226	0.18338325	
1035.4	0.20875516	0.18486901	
1035.6	0.20968614	0.18633744	
1035.8	0.21012386	0.18778873	
1036	0.21041756	0.18922308	
1036.2	0.21144001	0.19064069	
1036.4	0.21116496	0.19204176	
1036.6	0.21164373	0.19342647	
1036.8	0.21216967	0.19479502	
1037	0.21222618	0.19614761	
1037.2	0.21313994	0.1974844	
1037.4	0.21322575	0.19880559	
1037.6	0.21376784	0.20011137	
1037.8	0.21438954	0.2014019	
1038	0.21467278	0.20267738	
1038.2	0.21515995	0.20393797	
1038.4	0.21571654	0.20518384	
1038.6	0.21582295	0.20641518	
1038.8	0.21669403	0.20763214	
1039	0.21718462	0.2088349	
1039.2	0.21772386	0.21002363	
1039.4	0.21896791	0.21119848	
1039.6	0.21926184	0.21235962	
1039.8	0.21943105	0.2135072	
1040	0.22019059	0.2146414	
1040.2	0.22041934	0.21576236	
1040.4	0.22093409	0.21687023	
1040.6	0.22087413	0.21796518	
1040.8	0.22099727	0.21904734	
1041	0.22170539	0.22011688	
1041.2	0.22182764	0.22117393	
1041.4	0.22217081	0.22221865	
1041.6	0.22273921	0.22325118	
1041.8	0.22244476	0.22427165	
1042	0.22268575	0.22528021	
1042.2	0.22309145	0.22627701	
1042.4	0.22283493	0.22726217	
1042.6	0.22372433	0.22823583	
1042.8	0.22418025	0.22919813	
1043	0.22450353	0.2301492	
1043.2	0.22566887	0.23108917	
1043.4	0.22579	0.23201817	
1043.6	0.22644945	0.23293632	
1043.8	0.22654062	0.23384376	
1044	0.22693871	0.23474061	
1044.2	0.22806668	0.235627	
1044.4	0.22872356	0.23650303	
1044.6	0.22892677	0.23736885	
1044.8	0.23008438	0.23822456	
1045	0.2304069	0.23907028	
1045.2	0.23104378	0.23990613	
1045.4	0.23174379	0.24073223	
1045.6	0.23141337	0.24154868	
1045.8	0.23177205	0.24235561	
1046	0.23199419	0.24315312	
1046.2	0.23189048	0.24394132	
1046.4	0.23240096	0.24472033	
1046.6	0.23268586	0.24549024	
1046.8	0.23279701	0.24625116	
1047	0.23368231	0.24700321	
1047.2	0.23341673	0.24774648	
1047.4	0.23393781	0.24848107	
1047.6	0.23426112	0.24920709	
1047.8	0.23371927	0.24992464	
1048	0.23465634	0.25063381	
1048.2	0.23484962	0.25133471	
1048.4	0.2352178	0.25202742	
1048.6	0.23580315	0.25271205	
1048.8	0.23565948	0.2533887	
1049	0.23602895	0.25405744	
1049.2	0.23683549	0.25471838	
1049.4	0.23644807	0.25537161	
1049.6	0.23701234	0.25601721	
1049.8	0.237208	0.25665527	
1050	0.23716512	0.2572859	
1050.2	0.23769796	0.25790916	
1050.4	0.23800696	0.25852514	
1050.6	0.23879395	0.25913394	
1050.8	0.23922833	0.25973563	
1051	0.23927212	0.2603303	
1051.2	0.23959069	0.26091803	
1051.4	0.24014086	0.2614989	
1051.6	0.23968227	0.262073	
1051.8	0.23999864	0.26264039	
1052	0.23981881	0.26320116	
1052.2	0.23974276	0.26375538	
1052.4	0.24039515	0.26430314	
1052.6	0.24021194	0.2648445	
1052.8	0.2404066	0.26537955	
1053	0.24119951	0.26590835	
1053.2	0.24113848	0.26643098	
1053.4	0.24166561	0.26694751	
1053.6	0.24254518	0.26745801	
1053.8	0.24245668	0.26796255	
1054	0.24328444	0.26846121	
1054.2	0.24405313	0.26895404	
1054.4	0.24477104	0.26944113	
1054.6	0.24589406	0.26992253	
1054.8	0.24525361	0.27039831	
1055	0.24584028	0.27086853	
1055.2	0.24623014	0.27133327	
1055.4	0.24628965	0.27179259	
1055.6	0.24673841	0.27224655	
1055.8	0.24671113	0.2726952	
1056	0.24623934	0.27313862	
1056.2	0.24696141	0.27357687	
1056.4	0.2466726	0.27401	
1056.6	0.24687187	0.27443808	
1056.8	0.2472692	0.27486116	
1057	0.24701093	0.2752793	
1057.2	0.24757683	0.27569256	
1057.4	0.24835831	0.276101	
1057.6	0.24893218	0.27650468	
1057.8	0.25014919	0.27690364	
1058	0.2506371	0.27729794	
1058.2	0.25157146	0.27768765	
1058.4	0.25210739	0.2780728	
1058.6	0.25213317	0.27845346	
1058.8	0.25274643	0.27882968	
1059	0.25340617	0.27920151	
1059.2	0.25350741	0.27956899	
1059.4	0.25442694	0.27993219	
1059.6	0.2543273	0.28029115	
1059.8	0.25440969	0.28064592	
1060	0.25483576	0.28099655	
1060.2	0.25487597	0.28134309	
1060.4	0.25444844	0.28168558	
1060.6	0.25418897	0.28202408	
1060.8	0.25353453	0.28235862	
1061	0.25357987	0.28268926	
1061.2	0.25405419	0.28301605	
1061.4	0.25402316	0.28333902	
1061.6	0.25483929	0.28365821	
1061.8	0.25469262	0.28397369	
1062	0.25488375	0.28428548	
1062.2	0.25567375	0.28459363	
1062.4	0.25567885	0.28489819	
1062.6	0.2568097	0.28519919	
1062.8	0.25770603	0.28549668	
1063	0.25766403	0.2857907	
1063.2	0.25859414	0.28608128	
1063.4	0.25940527	0.28636848	
1063.6	0.25980349	0.28665232	
1063.8	0.26086533	0.28693285	
1064	0.26075288	0.28721011	
1064.2	0.26084835	0.28748413	
1064.4	0.26074054	0.28775495	
1064.6	0.26029148	0.28802261	
1064.8	0.26102728	0.28828715	
1065	0.26126342	0.2885486	
1065.2	0.26102121	0.288807	
1065.4	0.26141608	0.28906238	
1065.6	0.26133291	0.28931478	
1065.8	0.26119493	0.28956424	
1066	0.2622835	0.28981079	
1066.2	0.26204701	0.29005445	
1066.4	0.26260088	0.29029528	
1066.6	0.26329047	0.29053329	
1066.8	0.26287192	0.29076853	
1067	0.26317659	0.29100102	
1067.2	0.26337965	0.2912308	
1067.4	0.26346437	0.29145789	
1067.6	0.26401328	0.29168234	
1067.8	0.26398141	0.29190416	
1068	0.26397059	0.2921234	
1068.2	0.26451752	0.29234008	
1068.4	0.26439031	0.29255423	
1068.6	0.26542096	0.29276588	
1068.8	0.26619681	0.29297505	
1069	0.26545459	0.29318179	
1069.2	0.26626881	0.29338612	
1069.4	0.26662566	0.29358806	
1069.6	0.26646203	0.29378764	
1069.8	0.26758211	0.2939849	
1070	0.26811253	0.29417985	
1070.2	0.26806322	0.29437253	
1070.4	0.26905044	0.29456296	
1070.6	0.26851228	0.29475116	
1070.8	0.26860736	0.29493717	
1071	0.26887166	0.29512101	
1071.2	0.26861955	0.29530271	
1071.4	0.26953742	0.29548228	
1071.6	0.26935717	0.29565976	
1071.8	0.26958099	0.29583516	
1072	0.27001525	0.29600852	
1072.2	0.26998474	0.29617986	
1072.4	0.27038114	0.29634919	
1072.6	0.27111958	0.29651655	
1072.8	0.27058536	0.29668196	
1073	0.27069162	0.29684543	
1073.2	0.27143321	0.297007	
1073.4	0.27153359	0.29716668	
1073.6	0.27240338	0.2973245	
1073.8	0.27276964	0.29748048	
1074	0.2726185	0.29763463	
1074.2	0.27284874	0.29778699	
1074.4	0.27321664	0.29793757	
1074.6	0.27324769	0.29808639	
1074.8	0.27391169	0.29823348	
1075	0.27379351	0.29837885	
1075.2	0.2743846	0.29852252	
1075.4	0.2746216	0.29866451	
1075.6	0.27415485	0.29880485	
1075.8	0.27493357	0.29894355	
1076	0.27470537	0.29908063	
1076.2	0.27490754	0.29921611	
1076.4	0.2752845	0.29935001	
1076.6	0.27499546	0.29948235	
1076.8	0.27543177	0.29961314	
1077	0.27565841	0.29974241	
1077.2	0.2756202	0.29987017	
1077.4	0.27652146	0.29999643	
1077.6	0.27620729	0.30012123	
1077.8	0.27617471	0.30024456	
1078	0.27660282	0.30036646	
1078.2	0.2770454	0.30048694	
1078.4	0.27737211	0.300606	
1078.6	0.27768559	0.30072368	
1078.8	0.27767767	0.30083999	
1079	0.27850142	0.30095494	
1079.2	0.27885218	0.30106854	
1079.4	0.27847044	0.30118082	
1079.6	0.27879865	0.30129179	
1079.8	0.27892835	0.30140147	
1080	0.27899949	0.30150986	
1080.2	0.27963211	0.30161699	
1080.4	0.27948667	0.30172287	
1080.6	0.28009013	0.30182752	
1080.8	0.28098155	0.30193094	
1081	0.28088386	0.30203316	
1081.2	0.28139434	0.30213418	
1081.4	0.28177866	0.30223402	
1081.6	0.28191585	0.3023327	
1081.8	0.28289325	0.30243023	
1082	0.28276322	0.30252662	
1082.2	0.28329361	0.30262188	
1082.4	0.28356365	0.30271603	
1082.6	0.28324996	0.30280909	
1082.8	0.283952	0.30290105	
1083	0.28416452	0.30299195	
1083.2	0.28357226	0.30308178	
1083.4	0.28395906	0.30317056	
1083.6	0.28402534	0.30325831	
1083.8	0.28415358	0.30334504	
1084	0.28465617	0.30343075	
1084.2	0.28477833	0.30351546	
1084.4	0.28512262	0.30359918	
1084.6	0.28594769	0.30368193	
1084.8	0.28578778	0.30376371	
1085	0.28622916	0.30384454	
1085.2	0.28650443	0.30392442	
1085.4	0.28664263	0.30400337	
1085.6	0.28729871	0.3040814	
1085.8	0.28710523	0.30415852	
1086	0.28731506	0.30423473	
1086.2	0.28779188	0.30431006	
1086.4	0.28753433	0.30438451	
1086.6	0.2876597	0.30445809	
1086.8	0.28862277	0.30453081	
1087	0.2881916	0.30460269	
1087.2	0.28911252	0.30467372	
1087.4	0.28906859	0.30474393	
1087.6	0.28902511	0.30481331	
1087.8	0.28988032	0.30488189	
1088	0.28978111	0.30494966	
1088.2	0.29029159	0.30501665	
1088.4	0.29060407	0.30508285	
1088.6	0.29044607	0.30514828	
1088.8	0.29083728	0.30521295	
1089	0.2913412	0.30527686	
1089.2	0.29083863	0.30534003	
1089.4	0.29131384	0.30540246	
1089.6	0.29121552	0.30546416	
1089.8	0.29151428	0.30552514	
1090	0.29246639	0.30558541	
1090.2	0.29247513	0.30564497	
1090.4	0.29289321	0.30570384	
1090.6	0.2934363	0.30576202	
1090.8	0.29357089	0.30581953	
1091	0.29374582	0.30587636	
1091.2	0.2940482	0.30593253	
1091.4	0.29385806	0.30598804	
1091.6	0.29470734	0.30604291	
1091.8	0.2950424	0.30609714	
1092	0.29538629	0.30615073	
1092.2	0.29629344	0.3062037	
1092.4	0.2959939	0.30625604	
1092.6	0.29684849	0.30630778	
1092.8	0.29755882	0.30635892	
1093	0.29725434	0.30640945	
1093.2	0.29743392	0.3064594	
1093.4	0.29803903	0.30650877	
1093.6	0.29768919	0.30655756	
1093.8	0.29840603	0.30660578	
1094	0.29817917	0.30665343	
1094.2	0.29818082	0.30670053	
1094.4	0.29856512	0.30674708	
1094.6	0.29831941	0.30679309	
1094.8	0.29868818	0.30683856	
1095	0.29902976	0.3068835	
1095.2	0.29876972	0.30692792	
1095.4	0.29915494	0.30697181	
1095.6	0.29925725	0.3070152	
1095.8	0.2993694	0.30705808	
1096	0.3006104	0.30710045	
1096.2	0.30052651	0.30714234	
1096.4	0.30075772	0.30718373	
1096.6	0.30153895	0.30722464	
1096.8	0.30128346	0.30726508	
1097	0.30171411	0.30730504	
1097.2	0.30184355	0.30734453	
1097.4	0.3015624	0.30738357	
1097.6	0.30210804	0.30742215	
1097.8	0.30196795	0.30746028	
1098	0.30195562	0.30749796	
1098.2	0.30261584	0.3075352	
1098.4	0.30248705	0.30757201	
1098.6	0.30293717	0.30760839	
1098.8	0.3035521	0.30764435	
1099	0.30347194	0.30767988	
1099.2	0.30403114	0.307715	
1099.4	0.30373006	0.30774972	
1099.6	0.30376398	0.30778402	
1099.8	0.30457097	0.30781793	
1100	0.30462876	0.30785144	
1100.2	0.30457517	0.30788456	
1100.4	0.30545679	0.30791729	
1100.6	0.30522658	0.30794964	
1100.8	0.30563691	0.30798161	
1101	0.30633563	0.30801321	
1101.2	0.30595803	0.30804444	
1101.4	0.30681377	0.30807531	
1101.6	0.30738317	0.30810581	
1101.8	0.30712821	0.30813596	
1102	0.30795509	0.30816576	
1102.2	0.30803042	0.30819521	
1102.4	0.30821544	0.30822432	
1102.6	0.30900207	0.30825308	
1102.8	0.30864325	0.30828151	
1103	0.30886131	0.30830961	
1103.2	0.30927616	0.30833739	
1103.4	0.30869805	0.30836483	
1103.6	0.30899085	0.30839196	
1103.8	0.30907743	0.30841877	
1104	0.30874976	0.30844527	
1104.2	0.30927318	0.30847146	
1104.4	0.30910407	0.30849734	
1104.6	0.30897831	0.30852292	
1104.8	0.30975493	0.3085482	
1105	0.30985511	0.30857319	
1105.2	0.31025442	0.30859788	
1105.4	0.31104387	0.30862229	
1105.6	0.31090315	0.30864641	
1105.8	0.31178935	0.30867025	
1106	0.31191531	0.30869381	
1106.2	0.31180782	0.3087171	
1106.4	0.31288163	0.30874012	
1106.6	0.31271012	0.30876286	
1106.8	0.31295213	0.30878535	
1107	0.31371679	0.30880757	
1107.2	0.31368649	0.30882953	
1107.4	0.31423576	0.30885123	
1107.6	0.31428137	0.30887268	
1107.8	0.31440487	0.30889388	
1108	0.3151054	0.30891483	
1108.2	0.31483449	0.30893554	
1108.4	0.31526715	0.30895601	
1108.6	0.31604797	0.30897623	
1108.8	0.31604006	0.30899622	
1109	0.31630988	0.30901598	
1109.2	0.31670443	0.30903551	
1109.4	0.31608397	0.30905481	
1109.6	0.31631166	0.30907388	
1109.8	0.31667775	0.30909274	
1110	0.31605468	0.30911137	
1110.2	0.31656361	0.30912978	
1110.4	0.31678734	0.30914798	
1110.6	0.31601856	0.30916597	
1110.8	0.31691305	0.30918374	
1111	0.31647589	0.30920131	
1111.2	0.31638978	0.30921868	
1111.4	0.31676864	0.30923584	
1111.6	0.31643456	0.3092528	
1111.8	0.31713073	0.30926957	
1112	0.31742857	0.30928613	
1112.2	0.31685899	0.30930251	
1112.4	0.31799552	0.30931869	
1112.6	0.31818171	0.30933469	
1112.8	0.31814545	0.30935049	
1113	0.3190838	0.30936612	
1113.2	0.31903159	0.30938156	
1113.4	0.31945457	0.30939682	
1113.6	0.32041779	0.3094119	
1113.8	0.32027523	0.30942681	
1114	0.32059599	0.30944154	
1114.2	0.32088339	0.3094561	
1114.4	0.32049113	0.30947049	
1114.6	0.32128695	0.30948472	
1114.8	0.3214038	0.30949877	
1115	0.32118788	0.30951267	
1115.2	0.32185821	0.3095264	
1115.4	0.32189328	0.30953997	
1115.6	0.32214755	0.30955338	
1115.8	0.32260566	0.30956663	
1116	0.32209947	0.30957974	
1116.2	0.32247521	0.30959268	
1116.4	0.32264373	0.30960548	
1116.6	0.32260818	0.30961813	
1116.8	0.32294998	0.30963063	
1117	0.32345959	0.30964298	
1117.2	0.32333689	0.30965519	
1117.4	0.32422626	0.30966726	
1117.6	0.32387144	0.30967919	
1117.8	0.32409621	0.30969097	
1118	0.32458759	0.30970262	
1118.2	0.32418501	0.30971414	
1118.4	0.32470546	0.30972552	
1118.6	0.32521594	0.30973676	
1118.8	0.3245892	0.30974788	
1119	0.32544565	0.30975886	
1119.2	0.32560688	0.30976972	
1119.4	0.32598472	0.30978045	
1119.6	0.32654051	0.30979106	
1119.8	0.32666341	0.30980154	
1120	0.32706111	0.3098119	
1120.2	0.32762264	0.30982214	
1120.4	0.32690225	0.30983225	
1120.6	0.32783101	0.30984226	
1120.8	0.32802125	0.30985214	
1121	0.32769408	0.30986191	
1121.2	0.32812212	0.30987156	
1121.4	0.32826583	0.30988111	
1121.6	0.32828556	0.30989054	
1121.8	0.329355	0.30989986	
1122	0.32903946	0.30990907	
1122.2	0.32917391	0.30991817	
1122.4	0.32974768	0.30992717	
1122.6	0.32925828	0.30993606	
1122.8	0.32979227	0.30994485	
1123	0.33029869	0.30995354	
1123.2	0.33008965	0.30996213	
1123.4	0.33134395	0.30997061	
1123.6	0.33113212	0.309979	
1123.8	0.33142556	0.30998729	
1124	0.33160718	0.30999548	
1124.2	0.33096644	0.31000357	
1124.4	0.33116747	0.31001157	
1124.6	0.33187386	0.31001948	
1124.8	0.33123496	0.3100273	
1125	0.33152016	0.31003502	
1125.2	0.33203981	0.31004266	
1125.4	0.33159619	0.3100502	
1125.6	0.33230398	0.31005766	
1125.8	0.33255821	0.31006503	
1126	0.33296149	0.31007231	
1126.2	0.33347944	0.31007951	
1126.4	0.33321446	0.31008663	
1126.6	0.33369697	0.31009366	
1126.8	0.33456599	0.31010061	
1127	0.33414772	0.31010748	
1127.2	0.33473309	0.31011427	
1127.4	0.33535008	0.31012098	
1127.6	0.33502685	0.31012761	
1127.8	0.33539982	0.31013416	
1128	0.33481992	0.31014064	
1128.2	0.33521243	0.31014704	
1128.4	0.33667111	0.31015337	
1128.6	0.33630771	0.31015962	
1128.8	0.33638373	0.3101658	
1129	0.33742279	0.31017191	
1129.2	0.33719577	0.31017795	
1129.4	0.33743568	0.31018391	
1129.6	0.33760186	0.31018981	
1129.8	0.33784546	0.31019564	
1130	0.33875	0.3102014	
1130.2	0.33799638	0.31020709	
1130.4	0.33813569	0.31021272	
1130.6	0.33841832	0.31021828	
1130.8	0.33799702	0.31022377	
1131	0.33807381	0.3102292	
1131.2	0.33830056	0.31023457	
1131.4	0.33806849	0.31023988	
1131.6	0.33850788	0.31024512	
1131.8	0.33845936	0.3102503	
1132	0.33887183	0.31025543	
1132.2	0.34009209	0.31026049	
1132.4	0.34032347	0.31026549	
1132.6	0.34037534	0.31027044	
1132.8	0.34140278	0.31027532	
1133	0.34164946	0.31028015	
1133.2	0.34194363	0.31028493	
1133.4	0.34246886	0.31028964	
1133.6	0.34220668	0.31029431	
1133.8	0.34291482	0.31029891	
1134	0.34274499	0.31030347	
1134.2	0.34208085	0.31030797	
1134.4	0.34229682	0.31031242	
1134.6	0.34230681	0.31031682	
1134.8	0.34313275	0.31032116	
1135	0.34357106	0.31032546	
1135.2	0.34332797	0.3103297	
1135.4	0.34364366	0.3103339	
1135.6	0.34398265	0.31033804	
1135.8	0.34366943	0.31034214	
1136	0.34426903	0.31034619	
1136.2	0.34433239	0.31035019	
1136.4	0.34437107	0.31035415	
1136.6	0.34490618	0.31035806	
1136.8	0.3442148	0.31036192	
1137	0.34369428	0.31036574	
1137.2	0.34408957	0.31036952	
1137.4	0.34330453	0.31037325	
1137.6	0.34353478	0.31037694	
1137.8	0.34312871	0.31038058	
1138	0.34249613	0.31038418	
1138.2	0.34259886	0.31038774	
1138.4	0.34303032	0.31039126	
1138.6	0.34374101	0.31039473	
1138.8	0.34438085	0.31039817	
1139	0.34445615	0.31040157	
1139.2	0.34488225	0.31040492	
1139.4	0.3455126	0.31040824	
1139.6	0.34600796	0.31041152	
1139.8	0.34658727	0.31041476	
1140	0.36996443	0.31041798	
1140.2	0.36607951	0.31025201	
1140.4	0.36244626	0.31008614	
1140.6	0.35839326	0.30992035	
1140.8	0.35391081	0.30975465	
1141	0.34983094	0.30958904	
1141.2	0.34529421	0.30942352	
1141.4	0.34139472	0.30925809	
1141.6	0.33745132	0.30909275	
1141.8	0.3336321	0.30892749	
1142	0.33117479	0.30876233	
1142.2	0.32929079	0.30859725	
1142.4	0.32733854	0.30843226	
1142.6	0.32524456	0.30826735	
1142.8	0.32325771	0.30810254	
1143	0.32170471	0.30793781	
1143.2	0.32023032	0.30777318	
1143.4	0.31893396	0.30760863	
1143.6	0.31764956	0.30744416	
1143.8	0.31592047	0.30727979	
1144	0.31476764	0.3071155	
1144.2	0.31328206	0.30695131	
1144.4	0.31225927	0.3067872	
1144.6	0.31116163	0.30662317	
1144.8	0.31005964	0.30645924	
1145	0.30954901	0.30629539	
1145.2	0.30885063	0.30613163	
1145.4	0.30792039	0.30596796	
1145.6	0.30710071	0.30580437	
1145.8	0.3059317	0.30564088	
1146	0.30533759	0.30547747	
1146.2	0.30464928	0.30531414	
1146.4	0.30344763	0.30515091	
1146.6	0.30285279	0.30498776	
1146.8	0.30164537	0.3048247	
1147	0.30100063	0.30466173	
1147.2	0.30047917	0.30449884	
1147.4	0.29990911	0.30433604	
1147.6	0.29969193	0.30417333	
1147.8	0.29875243	0.3040107	
1148	0.2983965	0.30384817	
1148.2	0.29853559	0.30368571	
1148.4	0.29825008	0.30352335	
1148.6	0.29785127	0.30336107	
1148.8	0.29806958	0.30319888	
1149	0.29768092	0.30303678	
1149.2	0.2973659	0.30287476	
1149.4	0.29690059	0.30271283	
1149.6	0.29660522	0.30255098	
1149.8	0.29590717	0.30238923	
1150	0.2952057	0.30222756	
1150.2	0.29483972	0.30206597	
1150.4	0.29421936	0.30190447	
1150.6	0.2932944	0.30174306	
1150.8	0.29250896	0.30158173	
1151	0.29203231	0.30142049	
1151.2	0.29195753	0.30125934	
1151.4	0.29128883	0.30109827	
1151.6	0.29058537	0.30093729	
1151.8	0.29037022	0.3007764	
1152	0.29051635	0.30061559	
1152.2	0.29052318	0.30045487	
1152.4	0.29080592	0.30029423	
1152.6	0.29018329	0.30013368	
1152.8	0.29059516	0.29997321	
1153	0.29017939	0.29981283	
1153.2	0.2900931	0.29965254	
1153.4	0.29006816	0.29949233	
1153.6	0.2895792	0.29933221	
1153.8	0.2889874	0.29917217	
1154	0.288439	0.29901222	
1154.2	0.28801763	0.29885235	
1154.4	0.287574	0.29869257	
1154.6	0.28655065	0.29853288	
1154.8	0.28600615	0.29837327	
1155	0.2857034	0.29821374	
1155.2	0.28528227	0.29805431	
1155.4	0.28467701	0.29789495	
1155.6	0.28464778	0.29773568	
1155.8	0.28413961	0.2975765	
1156	0.28453795	0.2974174	
1156.2	0.28488865	0.29725839	
1156.4	0.28537988	0.29709946	
1156.6	0.28548697	0.29694062	
1156.8	0.28546584	0.29678186	
1157	0.28537472	0.29662319	
1157.2	0.28507339	0.2964646	
1157.4	0.28456314	0.29630609	
1157.6	0.28450958	0.29614767	
1157.8	0.28395326	0.29598934	
1158	0.28366761	0.29583109	
1158.2	0.28337321	0.29567293	
1158.4	0.28282019	0.29551484	
1158.6	0.28272444	0.29535685	
1158.8	0.28252219	0.29519894	
1159	0.28206451	0.29504111	
1159.2	0.28227948	0.29488337	
1159.4	0.28207904	0.29472571	
1159.6	0.2822087	0.29456813	
1159.8	0.28191546	0.29441065	
1160	0.2827121	0.29425324	
1160.2	0.28314751	0.29409592	
1160.4	0.28317929	0.29393868	
1160.6	0.2828797	0.29378153	
1160.8	0.28243417	0.29362446	
1161	0.28207948	0.29346747	
1161.2	0.28177074	0.29331057	
1161.4	0.28158317	0.29315375	
1161.6	0.28105137	0.29299702	
1161.8	0.28069862	0.29284037	
1162	0.28017292	0.2926838	
1162.2	0.27963045	0.29252732	
1162.4	0.27929713	0.29237092	
1162.6	0.27897695	0.29221461	
1162.8	0.27834376	0.29205838	
1163	0.27773756	0.29190223	
1163.2	0.27773864	0.29174616	
1163.4	0.27726259	0.29159018	
1163.6	0.27673429	0.29143429	
1163.8	0.27685746	0.29127847	
1164	0.27641771	0.29112274	
1164.2	0.27575523	0.29096709	
1164.4	0.27520632	0.29081153	
1164.6	0.27420031	0.29065605	
1164.8	0.27433655	0.29050065	
1165	0.27442884	0.29034533	
1165.2	0.27420862	0.2901901	
1165.4	0.27430504	0.29003495	
1165.6	0.27436213	0.28987989	
1165.8	0.27461259	0.2897249	
1166	0.27459878	0.28957	
1166.2	0.27403735	0.28941518	
1166.4	0.27413816	0.28926045	
1166.6	0.2740737	0.2891058	
1166.8	0.27361054	0.28895123	
1167	0.27391112	0.28879674	
1167.2	0.27368298	0.28864234	
1167.4	0.27374373	0.28848802	
1167.6	0.27388446	0.28833378	
1167.8	0.27304774	0.28817962	
1168	0.27232424	0.28802555	
1168.2	0.271968	0.28787155	
1168.4	0.27158308	0.28771764	
1168.6	0.27163022	0.28756382	
1168.8	0.27171569	0.28741007	
1169	0.27182184	0.28725641	
1169.2	0.27158547	0.28710283	
1169.4	0.27160717	0.28694933	
1169.6	0.27191043	0.28679591	
1169.8	0.27172578	0.28664258	
1170	0.27176492	0.28648933	
1170.2	0.27129528	0.28633616	
1170.4	0.2708059	0.28618307	
1170.6	0.27074932	0.28603006	
1170.8	0.27046714	0.28587714	
1171	0.27022681	0.28572429	
1171.2	0.27017196	0.28557153	
1171.4	0.26994337	0.28541885	
1171.6	0.27007404	0.28526625	
1171.8	0.26932011	0.28511374	
1172	0.26930373	0.2849613	
1172.2	0.26932098	0.28480895	
1172.4	0.26888131	0.28465668	
1172.6	0.26880226	0.28450449	
1172.8	0.26814517	0.28435238	
1173	0.26799285	0.28420035	
1173.2	0.26783871	0.2840484	
1173.4	0.26801224	0.28389654	
1173.6	0.26816886	0.28374475	
1173.8	0.26842116	0.28359305	
1174	0.26815214	0.28344143	
1174.2	0.26788369	0.28328989	
1174.4	0.26740637	0.28313843	
1174.6	0.26733732	0.28298705	
1174.8	0.26745734	0.28283575	
1175	0.26708449	0.28268453	
1175.2	0.2673576	0.28253339	
1175.4	0.26755822	0.28238234	
1175.6	0.26760958	0.28223136	
1175.8	0.26697993	0.28208047	
1176	0.26678682	0.28192966	
1176.2	0.26638429	0.28177892	
1176.4	0.26579667	0.28162827	
1176.6	0.26539776	0.2814777	
1176.8	0.26479733	0.28132721	
1177	0.26493886	0.2811768	
1177.2	0.2646014	0.28102647	
1177.4	0.26467293	0.28087622	
1177.6	0.26472535	0.28072605	
1177.8	0.26476162	0.28057596	
1178	0.26468698	0.28042595	
1178.2	0.2648249	0.28027602	
1178.4	0.26486911	0.28012617	
1178.6	0.2649769	0.27997641	
1178.8	0.26496038	0.27982672	
1179	0.26473399	0.27967711	
1179.2	0.26451682	0.27952758	
1179.4	0.26431265	0.27937813	
1179.6	0.26401873	0.27922876	
1179.8	0.26344552	0.27907947	
1180	0.26291615	0.27893027	
1180.2	0.26244265	0.27878114	
1180.4	0.26177629	0.27863209	
1180.6	0.26195612	0.27848312	
1180.8	0.26172937	0.27833423	
1181	0.26183122	0.27818542	
1181.2	0.26168399	0.27803669	
1181.4	0.26163711	0.27788804	
1181.6	0.26184828	0.27773946	
1181.8	0.26176685	0.27759097	
1182	0.26171393	0.27744256	
1182.2	0.26211342	0.27729422	
1182.4	0.26212883	0.27714597	
1182.6	0.26189485	0.27699779	
1182.8	0.26177405	0.2768497	
1183	0.26153831	0.27670168	
1183.2	0.26138415	0.27655374	
1183.4	0.26120313	0.27640589	
1183.6	0.26112652	0.27625811	
1183.8	0.26024472	0.27611041	
1184	0.25964156	0.27596278	
1184.2	0.25955283	0.27581524	
1184.4	0.25952616	0.27566778	
1184.6	0.26010245	0.27552039	
1184.8	0.26000816	0.27537309	
1185	0.26046676	0.27522586	
1185.2	0.26023598	0.27507871	
1185.4	0.26014658	0.27493164	
1185.6	0.26020046	0.27478465	
1185.8	0.25989224	0.27463774	
1186	0.25999294	0.2744909	
1186.2	0.26016838	0.27434415	
1186.4	0.25987446	0.27419747	
1186.6	0.25998125	0.27405087	
1186.8	0.25998208	0.27390435	
1187	0.26013882	0.27375791	
1187.2	0.26016793	0.27361155	
1187.4	0.2598747	0.27346526	
1187.6	0.25949477	0.27331905	
1187.8	0.25874961	0.27317292	
1188	0.25857391	0.27302687	
1188.2	0.25902305	0.2728809	
1188.4	0.25899803	0.27273501	
1188.6	0.25876735	0.27258919	
1188.8	0.25827249	0.27244345	
1189	0.25815564	0.27229779	
1189.2	0.25764138	0.27215221	
1189.4	0.25741582	0.2720067	
1189.6	0.25675088	0.27186127	
1189.8	0.25644371	0.27171592	
1190	0.25620334	0.27157065	
1190.2	0.25579257	0.27142546	
1190.4	0.25530838	0.27128034	
1190.6	0.25555183	0.2711353	
1190.8	0.25593516	0.27099034	
1191	0.25625411	0.27084546	
1191.2	0.25594515	0.27070065	
1191.4	0.25579862	0.27055592	
1191.6	0.25538188	0.27041127	
1191.8	0.25551856	0.27026669	
1192	0.25569691	0.2701222	
1192.2	0.25531589	0.26997778	
1192.4	0.25490595	0.26983343	
1192.6	0.25472521	0.26968917	
1192.8	0.25440683	0.26954498	
1193	0.25440804	0.26940087	
1193.2	0.25399203	0.26925684	
1193.4	0.253564	0.26911288	
1193.6	0.25327711	0.268969	
1193.8	0.25269002	0.26882519	
1194	0.2526179	0.26868147	
1194.2	0.25252332	0.26853782	
1194.4	0.2524572	0.26839425	
1194.6	0.25308306	0.26825075	
1194.8	0.25311572	0.26810733	
1195	0.25332979	0.26796399	
1195.2	0.25298553	0.26782072	
1195.4	0.25275792	0.26767753	
1195.6	0.25295871	0.26753442	
1195.8	0.25303019	0.26739138	
1196	0.25275492	0.26724842	
1196.2	0.25265969	0.26710554	
1196.4	0.25292008	0.26696273	
1196.6	0.25299927	0.26682	
1196.8	0.2527701	0.26667735	
1197	0.25228348	0.26653477	
1197.2	0.25198237	0.26639227	
1197.4	0.2515978	0.26624984	
1197.6	0.25153272	0.26610749	
1197.8	0.25093824	0.26596522	
1198	0.25059404	0.26582302	
1198.2	0.25032405	0.2656809	
1198.4	0.25003219	0.26553885	
1198.6	0.24973175	0.26539689	
1198.8	0.24946484	0.26525499	
1199	0.24931345	0.26511317	
1199.2	0.24901797	0.26497143	
1199.4	0.24932728	0.26482977	
1199.6	0.24946681	0.26468818	
1199.8	0.24952691	0.26454666	
1200	0.24979319	0.26440522	
1200.2	0.24996815	0.26426386	
1200.4	0.25019239	0.26412257	
1200.6	0.25015635	0.26398136	
1200.8	0.2504782	0.26384022	
1201	0.25028038	0.26369916	
1201.2	0.25023966	0.26355818	
1201.4	0.24995903	0.26341727	
1201.6	0.24992734	0.26327643	
1201.8	0.24920025	0.26313567	
1202	0.24917676	0.26299499	
1202.2	0.24873184	0.26285438	
1202.4	0.24789241	0.26271384	
1202.6	0.24757152	0.26257338	
1202.8	0.24691144	0.262433	
1203	0.2463573	0.26229269	
1203.2	0.24628946	0.26215246	
1203.4	0.24639842	0.2620123	
1203.6	0.24656365	0.26187221	
1203.8	0.24661734	0.2617322	
1204	0.24655994	0.26159227	
1204.2	0.24632782	0.26145241	
1204.4	0.24635429	0.26131263	
1204.6	0.24645146	0.26117292	
1204.8	0.24672308	0.26103328	
1205	0.24631404	0.26089372	
1205.2	0.24654798	0.26075423	
1205.4	0.24633218	0.26061482	
1205.6	0.24651604	0.26047549	
1205.8	0.24650954	0.26033622	
1206	0.24630614	0.26019704	
1206.2	0.2458194	0.26005792	
1206.4	0.24535887	0.25991888	
1206.6	0.24542527	0.25977992	
1206.8	0.24511788	0.25964103	
1207	0.24491528	0.25950221	
1207.2	0.24497508	0.25936347	
1207.4	0.24503826	0.2592248	
1207.6	0.24496116	0.25908621	
1207.8	0.24478299	0.25894769	
1208	0.24456325	0.25880924	
1208.2	0.24420892	0.25867087	
1208.4	0.24443341	0.25853258	
1208.6	0.24453619	0.25839435	
1208.8	0.24484513	0.2582562	
1209	0.2449707	0.25811813	
1209.2	0.24491149	0.25798012	
1209.4	0.24489193	0.2578422	
1209.6	0.24526768	0.25770434	
1209.8	0.24549296	0.25756656	
1210	0.24529619	0.25742885	
1210.2	0.24520304	0.25729122	
1210.4	0.24491544	0.25715366	
1210.6	0.2453988	0.25701617	
1210.8	0.24535018	0.25687876	
1211	0.24504117	0.25674142	
1211.2	0.24463978	0.25660416	
1211.4	0.24472571	0.25646696	
1211.6	0.24477189	0.25632984	
1211.8	0.24452915	0.2561928	
1212	0.24450468	0.25605583	
1212.2	0.2438484	0.25591893	
1212.4	0.24400449	0.2557821	
1212.6	0.24386598	0.25564535	
1212.8	0.24373679	0.25550867	
1213	0.24317664	0.25537206	
1213.2	0.24273581	0.25523553	
1213.4	0.24249413	0.25509907	
1213.6	0.24239846	0.25496268	
1213.8	0.24229508	0.25482636	
1214	0.24175019	0.25469012	
1214.2	0.2419557	0.25455395	
1214.4	0.24180843	0.25441786	
1214.6	0.24196623	0.25428183	
1214.8	0.24174225	0.25414588	
1215	0.2412529	0.25401	
1215.2	0.24106786	0.2538742	
1215.4	0.24118328	0.25373846	
1215.6	0.2404418	0.2536028	
1215.8	0.24018748	0.25346722	
1216	0.23960736	0.2533317	
1216.2	0.23966895	0.25319626	
1216.4	0.24015033	0.25306089	
1216.6	0.23994654	0.25292559	
1216.8	0.2400486	0.25279036	
1217	0.23957531	0.25265521	
1217.2	0.23966198	0.25252013	
1217.4	0.23976469	0.25238512	
1217.6	0.23989568	0.25225018	
1217.8	0.24054355	0.25211532	
1218	0.24082945	0.25198053	
1218.2	0.24139655	0.25184581	
1218.4	0.24141948	0.25171116	
1218.6	0.24145132	0.25157658	
1218.8	0.24191503	0.25144208	
1219	0.24141294	0.25130764	
1219.2	0.24098034	0.25117328	
1219.4	0.24058635	0.25103899	
1219.6	0.23970959	0.25090478	
1219.8	0.23957828	0.25077063	
1220	0.2394527	0.25063656	
1220.2	0.23952079	0.25050256	
1220.4	0.23940395	0.25036863	
1220.6	0.23917748	0.25023477	
1220.8	0.23878298	0.25010098	
1221	0.23842399	0.24996726	
1221.2	0.23824973	0.24983362	
1221.4	0.23808391	0.24970005	
1221.6	0.23820045	0.24956655	
1221.8	0.23845449	0.24943312	
1222	0.23868771	0.24929976	
1222.2	0.23847694	0.24916647	
1222.4	0.23802088	0.24903325	
1222.6	0.23815528	0.24890011	
1222.8	0.23794059	0.24876704	
1223	0.23731927	0.24863403	
1223.2	0.23754142	0.2485011	
1223.4	0.23702131	0.24836824	
1223.6	0.23698202	0.24823545	
1223.8	0.23679625	0.24810273	
1224	0.23616658	0.24797009	
1224.2	0.23607041	0.24783751	
1224.4	0.23632777	0.24770501	
1224.6	0.23612779	0.24757257	
1224.8	0.23611989	0.24744021	
1225	0.23583885	0.24730791	
1225.2	0.23591827	0.24717569	
1225.4	0.23606126	0.24704354	
1225.6	0.23593782	0.24691146	
1225.8	0.23599253	0.24677945	
1226	0.23535577	0.24664751	
1226.2	0.23463451	0.24651564	
1226.4	0.23454107	0.24638384	
1226.6	0.23441598	0.24625211	
1226.8	0.23459241	0.24612046	
1227	0.23495189	0.24598887	
1227.2	0.23477897	0.24585735	
1227.4	0.23471847	0.2457259	
1227.6	0.23447328	0.24559453	
1227.8	0.23404131	0.24546322	
1228	0.23418883	0.24533198	
1228.2	0.23381132	0.24520082	
1228.4	0.2340839	0.24506972	
1228.6	0.23416332	0.2449387	
1228.8	0.23397298	0.24480774	
1229	0.23413016	0.24467686	
1229.2	0.2340019	0.24454604	
1229.4	0.23386465	0.2444153	
1229.6	0.23388661	0.24428462	
1229.8	0.23343828	0.24415401	
1230	0.23303432	0.24402348	
1230.2	0.23313813	0.24389301	
1230.4	0.23337852	0.24376261	
1230.6	0.23336337	0.24363229	
1230.8	0.23342158	0.24350203	
1231	0.2331229	0.24337184	
1231.2	0.23305321	0.24324173	
1231.4	0.23279194	0.24311168	
1231.6	0.23264513	0.2429817	
1231.8	0.23237837	0.24285179	
1232	0.23196765	0.24272195	
1232.2	0.23132304	0.24259218	
1232.4	0.23172832	0.24246248	
1232.6	0.23157674	0.24233285	
1232.8	0.23140703	0.24220328	
1233	0.23189152	0.24207379	
1233.2	0.23174225	0.24194437	
1233.4	0.23198248	0.24181501	
1233.6	0.2321593	0.24168573	
1233.8	0.2323606	0.24155651	
1234	0.232187	0.24142736	
1234.2	0.23235232	0.24129828	
1234.4	0.23222314	0.24116927	
1234.6	0.23163976	0.24104033	
1234.8	0.23172423	0.24091146	
1235	0.23156328	0.24078266	
1235.2	0.23157309	0.24065393	
1235.4	0.23178531	0.24052526	
1235.6	0.23146465	0.24039667	
1235.8	0.23128847	0.24026814	
1236	0.23095999	0.24013968	
1236.2	0.23090464	0.24001129	
1236.4	0.23095484	0.23988297	
1236.6	0.23068254	0.23975472	
1236.8	0.23048271	0.23962653	
1237	0.23041842	0.23949842	
1237.2	0.23001497	0.23937037	
1237.4	0.23002249	0.23924239	
1237.6	0.23000324	0.23911448	
1237.8	0.2294927	0.23898664	
1238	0.2294243	0.23885887	
1238.2	0.22932117	0.23873116	
1238.4	0.22929124	0.23860352	
1238.6	0.22918057	0.23847596	
1238.8	0.22909779	0.23834846	
1239	0.22901	0.23822102	
1239.2	0.22929864	0.23809366	
1239.4	0.22938539	0.23796636	
1239.6	0.22948718	0.23783914	
1239.8	0.22979221	0.23771198	
1240	0.2300818	0.23758488	
1240.2	0.23024231	0.23745786	
1240.4	0.22991611	0.2373309	
1240.6	0.22975294	0.23720402	
1240.8	0.22944305	0.2370772	
1241	0.22956171	0.23695044	
1241.2	0.22960789	0.23682376	
1241.4	0.22965007	0.23669714	
1241.6	0.22957727	0.23657059	
1241.8	0.22964909	0.23644411	
1242	0.2298535	0.2363177	
1242.2	0.22960877	0.23619135	
1242.4	0.22936744	0.23606507	
1242.6	0.22861944	0.23593886	
1242.8	0.22868255	0.23581272	
1243	0.22826311	0.23568664	
1243.2	0.22826909	0.23556063	
1243.4	0.22844218	0.23543469	
1243.6	0.22796781	0.23530881	
1243.8	0.2278248	0.23518301	
1244	0.22756132	0.23505727	
1244.2	0.22632206	0.2349316	
1244.4	0.22625729	0.23480599	
1244.6	0.2261336	0.23468045	
1244.8	0.22605637	0.23455498	
1245	0.22626947	0.23442958	
1245.2	0.22563556	0.23430424	
1245.4	0.22622655	0.23417897	
1245.6	0.22644403	0.23405377	
1245.8	0.22631632	0.23392863	
1246	0.22653155	0.23380356	
1246.2	0.22644884	0.23367856	
1246.4	0.22631151	0.23355362	
1246.6	0.22645923	0.23342876	
1246.8	0.22666582	0.23330395	
1247	0.22665156	0.23317922	
1247.2	0.22654514	0.23305455	
1247.4	0.22628384	0.23292995	
1247.6	0.22561717	0.23280541	
1247.8	0.22536994	0.23268094	
1248	0.22454074	0.23255654	
1248.2	0.22460741	0.23243221	
1248.4	0.22428173	0.23230794	
1248.6	0.22455659	0.23218373	
1248.8	0.22408128	0.2320596	
1249	0.2236528	0.23193553	
1249.2	0.22323218	0.23181153	
1249.4	0.22324697	0.23168759	
1249.6	0.22317587	0.23156372	
1249.8	0.22309268	0.23143991	
1250	0.22342443	0.23131617	
1250.2	0.22362448	0.2311925	
1250.4	0.22351977	0.2310689	
1250.6	0.22363014	0.23094535	
1250.8	0.22420873	0.23082188	
1251	0.2243452	0.23069847	
1251.2	0.22429308	0.23057513	
1251.4	0.22438156	0.23045185	
1251.6	0.22416126	0.23032864	
1251.8	0.22464135	0.2302055	
1252	0.22467559	0.23008242	
1252.2	0.22479569	0.22995941	
1252.4	0.22451039	0.22983646	
1252.6	0.22434927	0.22971358	
1252.8	0.22374998	0.22959076	
1253	0.22344691	0.22946801	
1253.2	0.22267164	0.22934533	
1253.4	0.22275677	0.22922271	
1253.6	0.22271528	0.22910016	
1253.8	0.22263809	0.22897767	
1254	0.22251157	0.22885525	
1254.2	0.22197155	0.22873289	
1254.4	0.22226731	0.2286106	
1254.6	0.22259322	0.22848838	
1254.8	0.22299494	0.22836621	
1255	0.22294261	0.22824412	
1255.2	0.22289256	0.22812209	
1255.4	0.22258773	0.22800012	
1255.6	0.22315669	0.22787823	
1255.8	0.22340105	0.22775639	
1256	0.22349955	0.22763462	
1256.2	0.22345665	0.22751292	
1256.4	0.22317424	0.22739128	
1256.6	0.22301266	0.2272697	
1256.8	0.22280699	0.2271482	
1257	0.22253072	0.22702675	
1257.2	0.22209143	0.22690537	
1257.4	0.22178336	0.22678406	
1257.6	0.22166452	0.22666281	
1257.8	0.22123251	0.22654162	
1258	0.22060235	0.22642051	
1258.2	0.22069465	0.22629945	
1258.4	0.22088632	0.22617846	
1258.6	0.22112686	0.22605753	
1258.8	0.22114746	0.22593667	
1259	0.22084549	0.22581588	
1259.2	0.22113262	0.22569515	
1259.4	0.22118734	0.22557448	
1259.6	0.22141541	0.22545388	
1259.8	0.22173601	0.22533334	
1260	0.22205228	0.22521286	
1260.2	0.22186673	0.22509245	
1260.4	0.22151214	0.22497211	
1260.6	0.22136257	0.22485183	
1260.8	0.22119832	0.22473161	
1261	0.22094166	0.22461146	
1261.2	0.21989962	0.22449137	
1261.4	0.21986184	0.22437135	
1261.6	0.21948373	0.22425139	
1261.8	0.21905229	0.2241315	
1262	0.2187848	0.22401166	
1262.2	0.21855349	0.2238919	
1262.4	0.21852513	0.22377219	
1262.6	0.21869428	0.22365256	
1262.8	0.21842607	0.22353298	
1263	0.21885215	0.22341347	
1263.2	0.21879282	0.22329402	
1263.4	0.21869962	0.22317464	
1263.6	0.21851	0.22305532	
1263.8	0.21861138	0.22293606	
1264	0.21855193	0.22281687	
1264.2	0.21845233	0.22269774	
1264.4	0.21790941	0.22257868	
1264.6	0.21869723	0.22245968	
1264.8	0.21872822	0.22234074	
1265	0.21848306	0.22222187	
1265.2	0.2185776	0.22210306	
1265.4	0.21894948	0.22198431	
1265.6	0.21924944	0.22186563	
1265.8	0.21951326	0.22174701	
1266	0.21934617	0.22162845	
1266.2	0.21910902	0.22150996	
1266.4	0.21881898	0.22139153	
1266.6	0.21845904	0.22127316	
1266.8	0.21831313	0.22115486	
1267	0.21767524	0.22103662	
1267.2	0.21689233	0.22091844	
1267.4	0.21615421	0.22080033	
1267.6	0.21541078	0.22068228	
1267.8	0.21550117	0.22056429	
1268	0.2147764	0.22044637	
1268.2	0.2146747	0.22032851	
1268.4	0.21472246	0.22021071	
1268.6	0.21512104	0.22009298	
1268.8	0.21555028	0.2199753	
1269	0.21554214	0.21985769	
1269.2	0.21589757	0.21974015	
1269.4	0.21621735	0.21962266	
1269.6	0.21653259	0.21950524	
1269.8	0.21667524	0.21938789	
1270	0.21691765	0.21927059	
1270.2	0.21661624	0.21915336	
1270.4	0.21680625	0.21903619	
1270.6	0.21679192	0.21891908	
1270.8	0.21664902	0.21880204	
1271	0.21626536	0.21868506	
1271.2	0.21573553	0.21856814	
1271.4	0.21561299	0.21845128	
1271.6	0.21536599	0.21833449	
1271.8	0.21531898	0.21821775	
1272	0.21490492	0.21810109	
1272.2	0.21481231	0.21798448	
1272.4	0.21463537	0.21786793	
1272.6	0.21478021	0.21775145	
1272.8	0.21485987	0.21763503	
1273	0.21472914	0.21751867	
1273.2	0.21481668	0.21740238	
1273.4	0.21451342	0.21728614	
1273.6	0.21433538	0.21716997	
1273.8	0.21422729	0.21705386	
1274	0.21423823	0.21693782	
1274.2	0.2140846	0.21682183	
1274.4	0.21397834	0.21670591	
1274.6	0.21402644	0.21659005	
1274.8	0.21353619	0.21647425	
1275	0.21286098	0.21635851	
1275.2	0.21277487	0.21624284	
1275.4	0.21283751	0.21612722	
1275.6	0.21269651	0.21601167	
1275.8	0.21294771	0.21589618	
1276	0.21273817	0.21578075	
1276.2	0.21307464	0.21566539	
1276.4	0.21344164	0.21555008	
1276.6	0.21344314	0.21543484	
1276.8	0.21400961	0.21531966	
1277	0.21429811	0.21520454	
1277.2	0.21419029	0.21508948	
1277.4	0.2138227	0.21497448	
1277.6	0.21337707	0.21485955	
1277.8	0.21375579	0.21474467	
1278	0.21374171	0.21462986	
1278.2	0.21351301	0.21451511	
1278.4	0.21343979	0.21440042	
1278.6	0.21319812	0.21428579	
1278.8	0.21257773	0.21417122	
1279	0.21252054	0.21405672	
1279.2	0.21235421	0.21394227	
1279.4	0.21242742	0.21382789	
1279.6	0.21209495	0.21371357	
1279.8	0.21206534	0.21359931	
1280	0.21222491	0.21348511	
1280.2	0.21199979	0.21337097	
1280.4	0.21195494	0.21325689	
1280.6	0.21207594	0.21314287	
1280.8	0.21259108	0.21302892	
1281	0.21212475	0.21291502	
1281.2	0.21181593	0.21280119	
1281.4	0.21130725	0.21268741	
1281.6	0.21148492	0.2125737	
1281.8	0.21158878	0.21246005	
1282	0.21130095	0.21234646	
1282.2	0.2113445	0.21223293	
1282.4	0.2109315	0.21211946	
1282.6	0.21074865	0.21200605	
1282.8	0.21044385	0.2118927	
1283	0.21009465	0.21177941	
1283.2	0.21008522	0.21166619	
1283.4	0.20973571	0.21155302	
1283.6	0.20958011	0.21143991	
1283.8	0.20993383	0.21132687	
1284	0.20986621	0.21121388	
1284.2	0.20979941	0.21110096	
1284.4	0.21008966	0.21098809	
1284.6	0.21008832	0.21087529	
1284.8	0.21018693	0.21076255	
1285	0.20976231	0.21064986	
1285.2	0.21016873	0.21053724	
1285.4	0.21022859	0.21042468	
1285.6	0.21056992	0.21031217	
1285.8	0.21104946	0.21019973	
1286	0.21119845	0.21008735	
1286.2	0.21137992	0.20997503	
1286.4	0.2114361	0.20986276	
1286.6	0.21138715	0.20975056	
1286.8	0.21165178	0.20963842	
1287	0.21152167	0.20952634	
1287.2	0.2115063	0.20941431	
1287.4	0.2115985	0.20930235	
1287.6	0.21139366	0.20919045	
1287.8	0.21131601	0.2090786	
1288	0.21101661	0.20896682	
1288.2	0.21028216	0.2088551	
1288.4	0.21011239	0.20874343	
1288.6	0.2096368	0.20863183	
1288.8	0.20949055	0.20852029	
1289	0.20923958	0.2084088	
1289.2	0.20895252	0.20829738	
1289.4	0.2087041	0.20818601	
1289.6	0.20903288	0.20807471	
1289.8	0.20813971	0.20796346	
1290	0.20797399	0.20785227	
1290.2	0.20801175	0.20774114	
1290.4	0.20797831	0.20763008	
1290.6	0.20838035	0.20751907	
1290.8	0.2082855	0.20740812	
1291	0.20795601	0.20729723	
1291.2	0.20843244	0.2071864	
1291.4	0.20837105	0.20707563	
1291.6	0.20823825	0.20696491	
1291.8	0.20856094	0.20685426	
1292	0.2083859	0.20674367	
1292.2	0.20865682	0.20663313	
1292.4	0.20871596	0.20652266	
1292.6	0.20824479	0.20641224	
1292.8	0.20886297	0.20630188	
1293	0.20814707	0.20619158	
1293.2	0.20827111	0.20608134	
1293.4	0.20832951	0.20597116	
1293.6	0.20789344	0.20586104	
1293.8	0.20776066	0.20575098	
1294	0.20808594	0.20564097	
1294.2	0.20804344	0.20553103	
1294.4	0.20833779	0.20542114	
1294.6	0.20806006	0.20531132	
1294.8	0.207728	0.20520155	
1295	0.20789922	0.20509184	
1295.2	0.20787592	0.20498218	
1295.4	0.20764575	0.20487259	
1295.6	0.20751974	0.20476306	
1295.8	0.20715269	0.20465358	
1296	0.20708894	0.20454416	
1296.2	0.20673583	0.20443481	
1296.4	0.20648201	0.2043255	
1296.6	0.20650701	0.20421626	
1296.8	0.20650785	0.20410708	
1297	0.20678905	0.20399795	
1297.2	0.20706687	0.20388889	
1297.4	0.20715971	0.20377988	
1297.6	0.20770359	0.20367093	
1297.8	0.2075262	0.20356204	
1298	0.20784031	0.2034532	
1298.2	0.20775646	0.20334443	
1298.4	0.20706119	0.20323571	
1298.6	0.20716523	0.20312705	
1298.8	0.20694899	0.20301845	
1299	0.20677683	0.20290991	
1299.2	0.20669692	0.20280142	
1299.4	0.2060982	0.20269299	
1299.6	0.2058658	0.20258463	
1299.8	0.20528246	0.20247631	
1300	0.20475546	0.20236806	
1300.2	0.2049106	0.20225987	
1300.4	0.20457393	0.20215173	
1300.6	0.20430575	0.20204365	
1300.8	0.20426486	0.20193563	
1301	0.20408391	0.20182766	
1301.2	0.20378649	0.20171976	
1301.4	0.20375305	0.20161191	
1301.6	0.20352532	0.20150412	
1301.8	0.20357557	0.20139638	
1302	0.2036669	0.20128871	
1302.2	0.20294934	0.20118109	
1302.4	0.20301199	0.20107353	
1302.6	0.2031371	0.20096602	
1302.8	0.20344615	0.20085858	
1303	0.2038202	0.20075119	
1303.2	0.20378131	0.20064386	
1303.4	0.2041583	0.20053659	
1303.6	0.20408855	0.20042937	
1303.8	0.20387544	0.20032221	
1304	0.20428867	0.20021511	
1304.2	0.20458012	0.20010806	
1304.4	0.20416348	0.20000108	
1304.6	0.20406713	0.19989415	
1304.8	0.20372014	0.19978728	
1305	0.20369807	0.19968046	
1305.2	0.20336181	0.1995737	
1305.4	0.20313745	0.199467	
1305.6	0.20327102	0.19936036	
1305.8	0.20307737	0.19925377	
1306	0.20296177	0.19914724	
1306.2	0.20299384	0.19904076	
1306.4	0.2027812	0.19893435	
1306.6	0.20295404	0.19882799	
1306.8	0.20309663	0.19872169	
1307	0.20275702	0.19861544	
1307.2	0.20283594	0.19850925	
1307.4	0.20215943	0.19840312	
1307.6	0.20222228	0.19829704	
1307.8	0.20244465	0.19819102	
1308	0.20225061	0.19808506	
1308.2	0.2024414	0.19797916	
1308.4	0.20216281	0.19787331	
1308.6	0.20223908	0.19776752	
1308.8	0.20268579	0.19766178	
1309	0.20250511	0.1975561	
1309.2	0.20231787	0.19745048	
1309.4	0.20236859	0.19734491	
1309.6	0.20199754	0.1972394	
1309.8	0.20249146	0.19713395	
1310	0.2022925	0.19702855	
1310.2	0.20196564	0.19692321	
1310.4	0.2020421	0.19681793	
1310.6	0.20167753	0.1967127	
1310.8	0.2014173	0.19660753	
1311	0.20080437	0.19650241	
1311.2	0.20018309	0.19639735	
1311.4	0.20012293	0.19629235	
1311.6	0.20046672	0.1961874	
1311.8	0.20001138	0.19608251	
1312	0.19989648	0.19597768	
1312.2	0.20019348	0.1958729	
1312.4	0.20049469	0.19576817	
1312.6	0.20095215	0.19566351	
1312.8	0.20083144	0.1955589	
1313	0.20063021	0.19545434	
1313.2	0.20058894	0.19534984	
1313.4	0.19994154	0.1952454	
1313.6	0.20018918	0.19514101	
1313.8	0.20015341	0.19503668	
1314	0.1997595	0.19493241	
1314.2	0.1996688	0.19482819	
1314.4	0.19946389	0.19472402	
1314.6	0.19924903	0.19461991	
1314.8	0.19896612	0.19451586	
1315	0.19834065	0.19441186	
1315.2	0.19886911	0.19430792	
1315.4	0.19886351	0.19420404	
1315.6	0.1986166	0.1941002	
1315.8	0.19880497	0.19399643	
1316	0.19867452	0.19389271	
1316.2	0.19915842	0.19378905	
1316.4	0.19925296	0.19368544	
1316.6	0.19890485	0.19358188	
1316.8	0.19899209	0.19347839	
1317	0.19860077	0.19337494	
1317.2	0.19870417	0.19327156	
1317.4	0.19874426	0.19316822	
1317.6	0.19878436	0.19306495	
1317.8	0.19901549	0.19296173	
1318	0.19905744	0.19285856	
1318.2	0.19908348	0.19275545	
1318.4	0.19927768	0.19265239	
1318.6	0.19922706	0.19254939	
1318.8	0.19913714	0.19244645	
1319	0.19902992	0.19234356	
1319.2	0.19876113	0.19224072	
1319.4	0.19840603	0.19213794	
1319.6	0.19800352	0.19203521	
1319.8	0.19797164	0.19193254	
1320	0.19774123	0.19182993	
1320.2	0.1970341	0.19172736	
1320.4	0.19670948	0.19162486	
1320.6	0.1963175	0.19152241	
1320.8	0.19622842	0.19142001	
1321	0.1962537	0.19131767	
1321.2	0.1963749	0.19121538	
1321.4	0.19648929	0.19111315	
1321.6	0.19674937	0.19101097	
1321.8	0.19696212	0.19090885	
1322	0.19732088	0.19080678	
1322.2	0.19775236	0.19070476	
1322.4	0.19759641	0.1906028	
1322.6	0.19780458	0.1905009	
1322.8	0.1980629	0.19039905	
1323	0.19794616	0.19029725	
1323.2	0.19818424	0.19019551	
1323.4	0.19810979	0.19009382	
1323.6	0.19797562	0.18999219	
1323.8	0.19819344	0.18989061	
1324	0.19751706	0.18978909	
1324.2	0.19734688	0.18968762	
1324.4	0.19718156	0.1895862	
1324.6	0.19707626	0.18948484	
1324.8	0.19735975	0.18938353	
1325	0.19683266	0.18928228	
1325.2	0.19658786	0.18918108	
1325.4	0.19674717	0.18907993	
1325.6	0.19615282	0.18897884	
1325.8	0.19611265	0.18887781	
1326	0.19621518	0.18877682	
1326.2	0.19594328	0.1886759	
1326.4	0.19613494	0.18857502	
1326.6	0.19559322	0.1884742	
1326.8	0.19599152	0.18837343	
1327	0.19599089	0.18827272	
1327.2	0.19579832	0.18817206	
1327.4	0.19580484	0.18807145	
1327.6	0.19562529	0.1879709	
1327.8	0.19529115	0.1878704	
1328	0.19530918	0.18776996	
1328.2	0.19508339	0.18766957	
1328.4	0.19527186	0.18756923	
1328.6	0.1957567	0.18746895	
1328.8	0.19521549	0.18736872	
1329	0.19548334	0.18726854	
1329.2	0.19581363	0.18716842	
1329.4	0.19564432	0.18706835	
1329.6	0.19571483	0.18696834	
1329.8	0.19571943	0.18686838	
1330	0.19573007	0.18676847	
1330.2	0.1960718	0.18666861	
1330.4	0.19584279	0.18656881	
1330.6	0.19590316	0.18646906	
1330.8	0.19607492	0.18636937	
1331	0.19579994	0.18626972	
1331.2	0.19576491	0.18617014	
1331.4	0.19545721	0.1860706	
1331.6	0.19516589	0.18597112	
1331.8	0.19531036	0.18587169	
1332	0.19466349	0.18577231	
1332.2	0.19467087	0.18567299	
1332.4	0.19463739	0.18557372	
1332.6	0.19418541	0.18547451	
1332.8	0.19413325	0.18537534	
1333	0.19409587	0.18527623	
1333.2	0.19345277	0.18517718	
1333.4	0.19346722	0.18507817	
1333.6	0.19312648	0.18497922	
1333.8	0.19311233	0.18488032	
1334	0.19315782	0.18478148	
1334.2	0.1926867	0.18468268	
1334.4	0.1930411	0.18458394	
1334.6	0.19293775	0.18448526	
1334.8	0.19278487	0.18438662	
1335	0.19398921	0.18428804	
1335.2	0.1936819	0.18418951	
1335.4	0.19409097	0.18409103	
1335.6	0.1945432	0.18399261	
1335.8	0.19435039	0.18389424	
1336	0.19409968	0.18379592	
1336.2	0.19429024	0.18369766	
1336.4	0.19395945	0.18359944	
1336.6	0.19426521	0.18350128	
1336.8	0.19382714	0.18340317	
1337	0.19356661	0.18330512	
1337.2	0.1935428	0.18320711	
1337.4	0.19346595	0.18310916	
1337.6	0.19354517	0.18301126	
1337.8	0.19350847	0.18291342	
1338	0.19328899	0.18281562	
1338.2	0.19354502	0.18271788	
1338.4	0.1935369	0.18262019	
1338.6	0.19356027	0.18252256	
1338.8	0.19434239	0.18242497	
1339	0.19434443	0.18232744	
1339.2	0.19443434	0.18222996	
1339.4	0.19449849	0.18213253	
1339.6	0.19426518	0.18203515	
1339.8	0.19446158	0.18193783	
1340	0.1940742	0.18184055	
1340.2	0.19356129	0.18174333	
1340.4	0.19376497	0.18164617	
1340.6	0.19311217	0.18154905	
1340.8	0.1929719	0.18145198	
1341	0.1925785	0.18135497	
1341.2	0.19217458	0.18125801	
1341.4	0.19243358	0.1811611	
1341.6	0.19222582	0.18106425	
1341.8	0.19190528	0.18096744	
1342	0.19240776	0.18087069	
1342.2	0.19153773	0.18077398	
1342.4	0.19116981	0.18067733	
1342.6	0.19133999	0.18058074	
1342.8	0.19106007	0.18048419	
1343	0.1914385	0.18038769	
1343.2	0.19173679	0.18029125	
1343.4	0.1910796	0.18019486	
1343.6	0.19157837	0.18009852	
1343.8	0.19134921	0.18000223	
1344	0.19081433	0.17990599	
1344.2	0.19119065	0.1798098	
1344.4	0.19126377	0.17971367	
1344.6	0.19125389	0.17961759	
1344.8	0.19159651	0.17952155	
1345	0.19147572	0.17942557	
1345.2	0.19214338	0.17932964	
1345.4	0.1921184	0.17923377	
1345.6	0.19167779	0.17913794	
1345.8	0.19191013	0.17904216	
1346	0.19151579	0.17894644	
1346.2	0.19067923	0.17885077	
1346.4	0.19075417	0.17875515	
1346.6	0.18999301	0.17865957	
1346.8	0.19040215	0.17856405	
1347	0.19028621	0.17846859	
1347.2	0.18987806	0.17837317	
1347.4	0.19011559	0.1782778	
1347.6	0.18989454	0.17818249	
1347.8	0.19013051	0.17808722	
1348	0.19036038	0.17799201	
1348.2	0.19010067	0.17789685	
1348.4	0.19026281	0.17780173	
1348.6	0.19071085	0.17770667	
1348.8	0.19083662	0.17761166	
1349	0.19128263	0.1775167	
1349.2	0.19151406	0.17742179	
1349.4	0.19114377	0.17732694	
1349.6	0.19117911	0.17723213	
1349.8	0.19082106	0.17713737	
1350	0.19064209	0.17704267	
1350.2	0.1905398	0.17694801	
1350.4	0.1900167	0.17685341	
1350.6	0.19013473	0.17675885	
1350.8	0.19028122	0.17666435	
1351	0.1900172	0.1765699	
1351.2	0.19024498	0.17647549	
1351.4	0.18971812	0.17638114	
1351.6	0.18955139	0.17628684	
1351.8	0.19024724	0.17619259	
1352	0.18975159	0.17609839	
1352.2	0.19030586	0.17600424	
1352.4	0.19064598	0.17591014	
1352.6	0.19038181	0.17581609	
1352.8	0.19064904	0.17572209	
1353	0.19046795	0.17562814	
1353.2	0.19051909	0.17553424	
1353.4	0.19009082	0.17544039	
1353.6	0.18981854	0.17534659	
1353.8	0.19001547	0.17525284	
1354	0.19010677	0.17515915	
1354.2	0.18946628	0.1750655	
1354.4	0.18932541	0.1749719	
1354.6	0.18921209	0.17487835	
1354.8	0.18899063	0.17478485	
1355	0.18874238	0.17469141	
1355.2	0.1879152	0.17459801	
1355.4	0.18788557	0.17450466	
1355.6	0.18812196	0.17441136	
1355.8	0.18810915	0.17431811	
1356	0.18843995	0.17422491	
1356.2	0.18827533	0.17413176	
1356.4	0.18725694	0.17403867	
1356.6	0.18705197	0.17394562	
1356.8	0.18647017	0.17385262	
1357	0.18612155	0.17375967	
1357.2	0.18648799	0.17366677	
1357.4	0.18613656	0.17357392	
1357.6	0.18663007	0.17348112	
1357.8	0.18677632	0.17338837	
1358	0.18674541	0.17329566	
1358.2	0.18692059	0.17320301	
1358.4	0.18685414	0.17311041	
1358.6	0.18707804	0.17301786	
1358.8	0.18749146	0.17292535	
1359	0.18701397	0.1728329	
1359.2	0.18768492	0.1727405	
1359.4	0.18798852	0.17264814	
1359.6	0.18764189	0.17255583	
1359.8	0.18787108	0.17246358	
1360	0.18795478	0.17237137	
1360.2	0.18730528	0.17227921	
1360.4	0.18714464	0.1721871	
1360.6	0.18717665	0.17209505	
1360.8	0.18723685	0.17200304	
1361	0.18735325	0.17191107	
1361.2	0.18730745	0.17181916	
1361.4	0.18740977	0.1717273	
1361.6	0.18740735	0.17163549	
1361.8	0.18719396	0.17154372	
1362	0.18764674	0.17145201	
1362.2	0.18724827	0.17136034	
1362.4	0.18705638	0.17126872	
1362.6	0.18692201	0.17117716	
1362.8	0.18627339	0.17108564	
1363	0.18623805	0.17099417	
1363.2	0.18616364	0.17090274	
1363.4	0.18531296	0.17081137	
1363.6	0.18544283	0.17072005	
1363.8	0.18522119	0.17062877	
1364	0.18498454	0.17053755	
1364.2	0.1852337	0.17044637	
1364.4	0.18480068	0.17035524	
1364.6	0.18548416	0.17026416	
1364.8	0.18550185	0.17017313	
1365	0.18535951	0.17008215	
1365.2	0.18582351	0.16999121	
1365.4	0.18571564	0.16990033	
1365.6	0.18572051	0.16980949	
1365.8	0.18571496	0.1697187	
1366	0.185152	0.16962796	
1366.2	0.1852878	0.16953727	
1366.4	0.18500893	0.16944663	
1366.6	0.18483386	0.16935604	
1366.8	0.18507827	0.16926549	
1367	0.18517227	0.16917499	
1367.2	0.18462191	0.16908455	
1367.4	0.18478975	0.16899415	
1367.6	0.18416362	0.16890379	
1367.8	0.18421656	0.16881349	
1368	0.18432319	0.16872323	
1368.2	0.18436173	0.16863303	
1368.4	0.18454299	0.16854287	
1368.6	0.18450464	0.16845276	
1368.8	0.18389167	0.16836269	
1369	0.18430791	0.16827268	
1369.2	0.18360919	0.16818271	
1369.4	0.18301781	0.16809279	
1369.6	0.18304863	0.16800292	
1369.8	0.1822391	0.1679131	
1370	0.18222994	0.16782333	
1370.2	0.1826263	0.1677336	
1370.4	0.18215542	0.16764392	
1370.6	0.18286432	0.16755429	
1370.8	0.18279579	0.16746471	
1371	0.18270474	0.16737518	
1371.2	0.18326984	0.16728569	
1371.4	0.183357	0.16719625	
1371.6	0.18370059	0.16710686	
1371.8	0.18426361	0.16701752	
1372	0.18405296	0.16692822	
1372.2	0.18436828	0.16683897	
1372.4	0.18424984	0.16674977	
1372.6	0.18371218	0.16666062	
1372.8	0.18388454	0.16657152	
1373	0.18316835	0.16648246	
1373.2	0.18283266	0.16639345	
1373.4	0.18271216	0.16630449	
1373.6	0.18238596	0.16621558	
1373.8	0.18248901	0.16612671	
1374	0.1823596	0.16603789	
1374.2	0.18185275	0.16594912	
1374.4	0.18220223	0.16586039	
1374.6	0.18224724	0.16577172	
1374.8	0.18213347	0.16568309	
1375	0.18266353	0.16559451	
1375.2	0.1827598	0.16550597	
1375.4	0.18269768	0.16541749	
1375.6	0.18289338	0.16532905	
1375.8	0.18277614	0.16524065	
1376	0.18337319	0.16515231	
1376.2	0.18304815	0.16506401	
1376.4	0.18256007	0.16497576	
1376.6	0.18280801	0.16488755	
1376.8	0.18206593	0.1647994	
1377	0.18212015	0.16471129	
1377.2	0.18296631	0.16462323	
1377.4	0.18266891	0.16453521	
1377.6	0.1830975	0.16444724	
1377.8	0.18297713	0.16435932	
1378	0.18240729	0.16427145	
1378.2	0.18294724	0.16418362	
1378.4	0.18243243	0.16409584	
1378.6	0.18239195	0.16400811	
1378.8	0.18241919	0.16392042	
1379	0.18187079	0.16383278	
1379.2	0.18194907	0.16374519	
1379.4	0.18201111	0.16365764	
1379.6	0.18190607	0.16357014	
1379.8	0.18257669	0.16348269	
1380	0.18228836	0.16339529	
1380.2	0.18167244	0.16330793	
1380.4	0.18180495	0.16322062	
1380.6	0.18161289	0.16313335	
1380.8	0.18193221	0.16304613	
1381	0.18265957	0.16295896	
1381.2	0.18240917	0.16287183	
1381.4	0.18269783	0.16278476	
1381.6	0.18270359	0.16269772	
1381.8	0.18242582	0.16261074	
1382	0.18284379	0.1625238	
1382.2	0.18258351	0.16243691	
1382.4	0.18218477	0.16235006	
1382.6	0.18274366	0.16226326	
1382.8	0.18209354	0.16217651	
1383	0.1823669	0.1620898	
1383.2	0.18273851	0.16200314	
1383.4	0.18248894	0.16191652	
1383.6	0.18303221	0.16182996	
1383.8	0.182921	0.16174343	
1384	0.18233715	0.16165696	
1384.2	0.18181073	0.16157053	
1384.4	0.18107201	0.16148415	
1384.6	0.18121448	0.16139781	
1384.8	0.18155279	0.16131152	
1385	0.1813874	0.16122527	
1385.2	0.18149127	0.16113907	
1385.4	0.18116138	0.16105292	
1385.6	0.1809907	0.16096682	
1385.8	0.18115733	0.16088076	
1386	0.18078331	0.16079474	
1386.2	0.18059937	0.16070877	
1386.4	0.18110863	0.16062285	
1386.6	0.18075012	0.16053697	
1386.8	0.18142511	0.16045114	
1387	0.18154322	0.16036536	
1387.2	0.18097834	0.16027962	
1387.4	0.18146212	0.16019393	
1387.6	0.18094661	0.16010828	
1387.8	0.18072108	0.16002268	
1388	0.18041251	0.15993712	
1388.2	0.17947875	0.15985161	
1388.4	0.17983088	0.15976615	
1388.6	0.18030915	0.15968073	
1388.8	0.1797075	0.15959536	
1389	0.1799265	0.15951003	
1389.2	0.1797085	0.15942475	
1389.4	0.17915542	0.15933951	
1389.6	0.17972452	0.15925432	
1389.8	0.1791865	0.15916918	
1390	0.17906116	0.15908408	
1390.2	0.17935791	0.15899903	
1390.4	0.17905085	0.15891402	
1390.6	0.179207	0.15882905	
1390.8	0.17906354	0.15874414	
1391	0.17799491	0.15865926	
1391.2	0.17838462	0.15857444	
1391.4	0.17810668	0.15848966	
1391.6	0.17775629	0.15840492	
1391.8	0.17816973	0.15832023	
1392	0.17751159	0.15823558	
1392.2	0.17732879	0.15815098	
1392.4	0.17773493	0.15806643	
1392.6	0.17749021	0.15798192	
1392.8	0.17758948	0.15789746	
1393	0.17776458	0.15781304	
1393.2	0.17759952	0.15772866	
1393.4	0.17783315	0.15764433	
1393.6	0.17798793	0.15756005	
1393.8	0.17784161	0.15747581	
1394	0.17835923	0.15739162	
1394.2	0.17799951	0.15730747	
1394.4	0.17852868	0.15722336	
1394.6	0.17848803	0.1571393	
1394.8	0.17789236	0.15705529	
1395	0.1781714	0.15697132	
1395.2	0.1781343	0.1568874	
1395.4	0.17744442	0.15680352	
1395.6	0.17789854	0.15671968	
1395.8	0.17720913	0.15663589	
1396	0.17714938	0.15655215	
1396.2	0.17719856	0.15646845	
1396.4	0.17676493	0.15638479	
1396.6	0.17699431	0.15630118	
1396.8	0.17688673	0.15621762	
1397	0.17654378	0.1561341	
1397.2	0.17717905	0.15605062	
1397.4	0.17700295	0.15596719	
1397.6	0.17722006	0.1558838	
1397.8	0.17726342	0.15580046	
1398	0.17714605	0.15571716	
1398.2	0.17716874	0.15563391	
1398.4	0.17746439	0.1555507	
1398.6	0.17684722	0.15546753	
1398.8	0.17735733	0.15538441	
1399	0.17706712	0.15530134	
1399.2	0.17693388	0.1552183	
1399.4	0.176901	0.15513532	
1399.6	0.17691439	0.15505238	
1399.8	0.17691078	0.15496948	
1400	0.17728764	0.15488662	
1400.2	0.17680405	0.15480381	
1400.4	0.17708312	0.15472105	
1400.6	0.17676388	0.15463833	
1400.8	0.17659964	0.15455565	
1401	0.17688704	0.15447302	
1401.2	0.176722	0.15439043	
1401.4	0.17641959	0.15430789	
1401.6	0.17666457	0.15422538	
1401.8	0.17618423	0.15414293	
1402	0.17646893	0.15406052	
1402.2	0.17636413	0.15397815	
1402.4	0.17608654	0.15389583	
1402.6	0.1762585	0.15381355	
1402.8	0.1762259	0.15373131	
1403	0.17644991	0.15364912	
1403.2	0.17690496	0.15356697	
1403.4	0.17639687	0.15348487	
1403.6	0.17662579	0.15340281	
1403.8	0.17683986	0.15332079	
1404	0.17619409	0.15323882	
1404.2	0.17635077	0.15315689	
1404.4	0.17612732	0.153075	
1404.6	0.1753865	0.15299316	
1404.8	0.17564127	0.15291136	
1405	0.17538385	0.15282961	
1405.2	0.17553277	0.1527479	
1405.4	0.17572317	0.15266624	
1405.6	0.17524572	0.15258461	
1405.8	0.17579967	0.15250303	
1406	0.17592597	0.1524215	
1406.2	0.17537121	0.15234001	
1406.4	0.1755063	0.15225856	
1406.6	0.17534681	0.15217715	
1406.8	0.17545917	0.15209579	
1407	0.17618039	0.15201448	
1407.2	0.17550377	0.1519332	
1407.4	0.1752274	0.15185197	
1407.6	0.17545749	0.15177078	
1407.8	0.17509924	0.15168964	
1408	0.17527112	0.15160854	
1408.2	0.17537	0.15152748	
1408.4	0.17493308	0.15144647	
1408.6	0.175314	0.1513655	
1408.8	0.17485838	0.15128457	
1409	0.17476397	0.15120369	
1409.2	0.17499225	0.15112285	
1409.4	0.17410697	0.15104205	
1409.6	0.17459497	0.1509613	
1409.8	0.17493661	0.15088059	
1410	0.17429783	0.15079992	
1410.2	0.17442595	0.15071929	
1410.4	0.17424765	0.15063871	
1410.6	0.17419097	0.15055817	
1410.8	0.17452996	0.15047768	
1411	0.17388053	0.15039723	
1411.2	0.17415436	0.15031682	
1411.4	0.17449165	0.15023645	
1411.6	0.17419494	0.15015613	
1411.8	0.17440564	0.15007585	
1412	0.17432548	0.14999561	
1412.2	0.1737976	0.14991541	
1412.4	0.17428844	0.14983526	
1412.6	0.17386967	0.14975515	
1412.8	0.17362401	0.14967509	
1413	0.17352045	0.14959506	
1413.2	0.1733756	0.14951508	
1413.4	0.17365713	0.14943515	
1413.6	0.1738395	0.14935525	
1413.8	0.17337456	0.1492754	
1414	0.17382529	0.14919559	
1414.2	0.17349053	0.14911582	
1414.4	0.17309573	0.1490361	
1414.6	0.17351399	0.14895642	
1414.8	0.17315483	0.14887678	
1415	0.1730002	0.14879718	
1415.2	0.17376525	0.14871763	
1415.4	0.17321235	0.14863812	
1415.6	0.17325497	0.14855865	
1415.8	0.17309635	0.14847922	
1416	0.17222082	0.14839984	
1416.2	0.1721966	0.1483205	
1416.4	0.17204573	0.1482412	
1416.6	0.17164204	0.14816194	
1416.8	0.17163655	0.14808273	
1417	0.1708578	0.14800355	
1417.2	0.17155254	0.14792442	
1417.4	0.1715665	0.14784534	
1417.6	0.17111424	0.14776629	
1417.8	0.17167077	0.14768729	
1418	0.1718257	0.14760833	
1418.2	0.17125065	0.14752941	
1418.4	0.17191525	0.14745053	
1418.6	0.17168219	0.1473717	
1418.8	0.17152091	0.14729291	
1419	0.17173475	0.14721416	
1419.2	0.17132608	0.14713545	
1419.4	0.17140817	0.14705679	
1419.6	0.17207314	0.14697816	
1419.8	0.17139581	0.14689958	
1420	0.17167273	0.14682104	
1420.2	0.17143915	0.14674254	
1420.4	0.1713433	0.14666409	
1420.6	0.17120496	0.14658568	
1420.8	0.17072646	0.1465073	
1421	0.17121777	0.14642897	
1421.2	0.17208674	0.14635069	
1421.4	0.17119659	0.14627244	
1421.6	0.17183749	0.14619424	
1421.8	0.17184017	0.14611607	
1422	0.17134405	0.14603795	
1422.2	0.17161702	0.14595988	
1422.4	0.17142539	0.14588184	
1422.6	0.17089385	0.14580384	
1422.8	0.171497	0.14572589	
1423	0.17126412	0.14564798	
1423.2	0.17122023	0.14557011	
1423.4	0.17194611	0.14549228	
1423.6	0.17184355	0.14541449	
1423.8	0.17181565	0.14533675	
1424	0.17194495	0.14525904	
1424.2	0.17139169	0.14518138	
1424.4	0.17145724	0.14510376	
1424.6	0.17064529	0.14502618	
1424.8	0.17071324	0.14494864	
1425	0.17099657	0.14487115	
1425.2	0.17025836	0.14479369	
1425.4	0.17016392	0.14471628	
1425.6	0.17009941	0.14463891	
1425.8	0.16953791	0.14456158	
1426	0.16982361	0.14448429	
1426.2	0.16986716	0.14440704	
1426.4	0.16987271	0.14432983	
1426.6	0.17025905	0.14425267	
1426.8	0.17028715	0.14417554	
1427	0.17012666	0.14409846	
1427.2	0.17012643	0.14402142	
1427.4	0.1697205	0.14394442	
1427.6	0.16971696	0.14386746	
1427.8	0.17000538	0.14379054	
1428	0.16967655	0.14371366	
1428.2	0.17028444	0.14363683	
1428.4	0.17000318	0.14356003	
1428.6	0.16992882	0.14348328	
1428.8	0.17003417	0.14340656	
1429	0.16971819	0.14332989	
1429.2	0.17008767	0.14325326	
1429.4	0.17028737	0.14317667	
1429.6	0.16948855	0.14310012	
1429.8	0.17016285	0.14302361	
1430	0.17012943	0.14294715	
1430.2	0.16984247	0.14287072	
1430.4	0.16996566	0.14279434	
1430.6	0.16913376	0.14271799	
1430.8	0.16915616	0.14264169	
1431	0.16933287	0.14256543	
1431.2	0.16863507	0.1424892	
1431.4	0.16866366	0.14241302	
1431.6	0.16898307	0.14233688	
1431.8	0.1688497	0.14226078	
1432	0.16904994	0.14218472	
1432.2	0.1691584	0.1421087	
1432.4	0.16893532	0.14203273	
1432.6	0.16950715	0.14195679	
1432.8	0.16896982	0.14188089	
1433	0.16953422	0.14180504	
1433.2	0.16983853	0.14172922	
1433.4	0.16963483	0.14165344	
1433.6	0.17019077	0.14157771	
1433.8	0.1703844	0.14150202	
1434	0.17027522	0.14142636	
1434.2	0.17069196	0.14135075	
1434.4	0.16987289	0.14127518	
1434.6	0.16971007	0.14119964	
1434.8	0.1702661	0.14112415	
1435	0.16956553	0.1410487	
1435.2	0.16935129	0.14097329	
1435.4	0.16935697	0.14089792	
1435.6	0.16895933	0.14082259	
1435.8	0.1691531	0.1407473	
1436	0.16870744	0.14067205	
1436.2	0.16882408	0.14059684	
1436.4	0.16939184	0.14052167	
1436.6	0.16918253	0.14044654	
1436.8	0.1693175	0.14037145	
1437	0.1701486	0.1402964	
1437.2	0.17001205	0.14022139	
1437.4	0.17047856	0.14014642	
1437.6	0.1706103	0.14007149	
1437.8	0.17031379	0.13999661	
1438	0.17061228	0.13992176	
1438.2	0.17047156	0.13984695	
1438.4	0.16987744	0.13977218	
1438.6	0.17019909	0.13969745	
1438.8	0.17001439	0.13962276	
1439	0.16970841	0.13954811	
1439.2	0.16999677	0.1394735	
1439.4	0.16975307	0.13939894	
1439.6	0.16994742	0.13932441	
1439.8	0.17011804	0.13924992	
