Conc1	1E-07	
Start1	1020	
Stop1	1439.8	
Kobs	0.00267394736731054	
Error Kobs	2.86751311821034E-05	
Koff	0	
Error Koff	0	
Time1	Data1	Fit1	
1020	0.010649	0	
1020.2	0.01406082	0.00832346	
1020.4	0.01819805	0.01645813	
1020.6	0.02313794	0.02440827	
1020.8	0.02881322	0.03217808	
1021	0.03528893	0.03977165	
1021.2	0.04229834	0.04719298	
1021.4	0.04985593	0.05444596	
1021.6	0.05787354	0.06153443	
1021.8	0.06601002	0.06846211	
1022	0.07442512	0.07523265	
1022.2	0.08248042	0.08184962	
1022.4	0.09052279	0.08831649	
1022.6	0.09811506	0.09463668	
1022.8	0.10597599	0.1008135	
1023	0.11319524	0.10685022	
1023.2	0.1205485	0.11275	
1023.4	0.1275603	0.11851596	
1023.6	0.13410077	0.12415114	
1023.8	0.14094197	0.12965849	
1024	0.14748155	0.13504091	
1024.2	0.1536135	0.14030125	
1024.4	0.15939801	0.14544227	
1024.6	0.16494024	0.15046667	
1024.8	0.17007345	0.15537711	
1025	0.17514487	0.16017616	
1025.2	0.17933766	0.16486636	
1025.4	0.18337985	0.16945017	
1025.6	0.18726403	0.17393	
1025.8	0.19077454	0.17830822	
1026	0.19442399	0.18258713	
1026.2	0.19770156	0.18676898	
1026.4	0.20074738	0.19085597	
1026.6	0.2033754	0.19485026	
1026.8	0.20634768	0.19875395	
1027	0.2087263	0.20256909	
1027.2	0.21084353	0.20629769	
1027.4	0.21283032	0.20994171	
1027.6	0.21458787	0.21350308	
1027.8	0.21650599	0.21698366	
1028	0.21825644	0.2203853	
1028.2	0.21977348	0.22370978	
1028.4	0.22157101	0.22695884	
1028.6	0.22311141	0.23013421	
1028.8	0.22466317	0.23323755	
1029	0.22586961	0.2362705	
1029.2	0.22658942	0.23923466	
1029.4	0.22775973	0.24213157	
1029.6	0.22902678	0.24496278	
1029.8	0.2304745	0.24772977	
1030	0.23186878	0.25043399	
1030.2	0.23323627	0.25307687	
1030.4	0.2345388	0.25565981	
1030.6	0.23561383	0.25818415	
1030.8	0.23705544	0.26065124	
1031	0.23774554	0.26306237	
1031.2	0.23877116	0.2654188	
1031.4	0.23943025	0.26772179	
1031.6	0.24022904	0.26997253	
1031.8	0.24102882	0.27217222	
1032	0.24175787	0.27432202	
1032.2	0.24196894	0.27642305	
1032.4	0.24267968	0.27847643	
1032.6	0.24329149	0.28048323	
1032.8	0.24393533	0.2824445	
1033	0.24431222	0.2843613	
1033.2	0.24500599	0.28623461	
1033.4	0.24614005	0.28806543	
1033.6	0.24696427	0.28985472	
1033.8	0.24789029	0.29160343	
1034	0.24862371	0.29331247	
1034.2	0.24920308	0.29498274	
1034.4	0.25001367	0.29661513	
1034.6	0.25040881	0.29821048	
1034.8	0.25137045	0.29976966	
1035	0.25202115	0.30129346	
1035.2	0.25280879	0.3027827	
1035.4	0.25298751	0.30423816	
1035.6	0.25355138	0.30566061	
1035.8	0.25415894	0.30705079	
1036	0.25457711	0.30840944	
1036.2	0.2546452	0.30973727	
1036.4	0.25549876	0.31103498	
1036.6	0.25653615	0.31230325	
1036.8	0.25716381	0.31354276	
1037	0.25817851	0.31475415	
1037.2	0.25952574	0.31593807	
1037.4	0.26074244	0.31709512	
1037.6	0.26158569	0.31822594	
1037.8	0.26241822	0.3193311	
1038	0.26325256	0.32041119	
1038.2	0.26371879	0.32146679	
1038.4	0.26448841	0.32249844	
1038.6	0.26544526	0.32350669	
1038.8	0.26616184	0.32449207	
1039	0.26630565	0.3254551	
1039.2	0.26676439	0.32639628	
1039.4	0.26724816	0.32731612	
1039.6	0.26823591	0.32821509	
1039.8	0.26895975	0.32909367	
1040	0.26916082	0.32995232	
1040.2	0.26953851	0.33079149	
1040.4	0.27039472	0.33161163	
1040.6	0.27099665	0.33241317	
1040.8	0.2714804	0.33319652	
1041	0.2724315	0.33396211	
1041.2	0.27298203	0.33471033	
1041.4	0.27351876	0.33544157	
1041.6	0.27386626	0.33615624	
1041.8	0.27419663	0.33685469	
1042	0.27470002	0.33753729	
1042.2	0.27506595	0.33820442	
1042.4	0.2756967	0.33885641	
1042.6	0.27621636	0.33949361	
1042.8	0.27642238	0.34011636	
1043	0.27655221	0.34072499	
1043.2	0.27687812	0.3413198	
1043.4	0.27721051	0.34190113	
1043.6	0.27781568	0.34246927	
1043.8	0.27819652	0.34302452	
1044	0.27866989	0.34356718	
1044.2	0.2795154	0.34409753	
1044.4	0.28014607	0.34461585	
1044.6	0.28056253	0.34512241	
1044.8	0.28113659	0.34561748	
1045	0.28162531	0.34610132	
1045.2	0.28219559	0.34657419	
1045.4	0.28317026	0.34703633	
1045.6	0.28356586	0.34748799	
1045.8	0.28441285	0.3479294	
1046	0.28517249	0.3483608	
1046.2	0.28559117	0.34878242	
1046.4	0.28604865	0.34919447	
1046.6	0.28671616	0.34959718	
1046.8	0.28721886	0.34999075	
1047	0.28717907	0.35037539	
1047.2	0.28742175	0.35075131	
1047.4	0.28798979	0.3511187	
1047.6	0.28869504	0.35147776	
1047.8	0.28922748	0.35182867	
1048	0.28974992	0.35217163	
1048.2	0.29063032	0.3525068	
1048.4	0.29121573	0.35283437	
1048.6	0.29143422	0.35315451	
1048.8	0.29213741	0.35346739	
1049	0.29260473	0.35377318	
1049.2	0.2930923	0.35407202	
1049.4	0.29357916	0.35436409	
1049.6	0.29399399	0.35464953	
1049.8	0.2947098	0.3549285	
1050	0.29484062	0.35520114	
1050.2	0.2952314	0.3554676	
1050.4	0.29584905	0.35572801	
1050.6	0.29617518	0.35598252	
1050.8	0.29626694	0.35623125	
1051	0.29661866	0.35647434	
1051.2	0.29716946	0.35671192	
1051.4	0.29780199	0.3569441	
1051.6	0.29819096	0.35717103	
1051.8	0.298761	0.3573928	
1052	0.29887858	0.35760954	
1052.2	0.29987315	0.35782137	
1052.4	0.30025709	0.35802839	
1052.6	0.30048836	0.35823072	
1052.8	0.3011883	0.35842845	
1053	0.30152299	0.3586217	
1053.2	0.3022285	0.35881057	
1053.4	0.30302563	0.35899516	
1053.6	0.30358421	0.35917555	
1053.8	0.30405714	0.35935186	
1054	0.30459942	0.35952416	
1054.2	0.30533134	0.35969256	
1054.4	0.30572883	0.35985714	
1054.6	0.30615302	0.36001798	
1054.8	0.30698747	0.36017518	
1055	0.30768091	0.36032881	
1055.2	0.30806922	0.36047896	
1055.4	0.30865393	0.3606257	
1055.6	0.30892894	0.36076911	
1055.8	0.30938134	0.36090927	
1056	0.30929336	0.36104625	
1056.2	0.31012587	0.36118012	
1056.4	0.31060105	0.36131095	
1056.6	0.31127836	0.36143882	
1056.8	0.31174969	0.36156379	
1057	0.31252053	0.36168592	
1057.2	0.31315896	0.36180528	
1057.4	0.31359834	0.36192194	
1057.6	0.31409842	0.36203595	
1057.8	0.31490262	0.36214737	
1058	0.31566457	0.36225627	
1058.2	0.31618131	0.36236269	
1058.4	0.31681509	0.3624667	
1058.6	0.31763681	0.36256835	
1058.8	0.31822021	0.3626677	
1059	0.31880546	0.36276479	
1059.2	0.31911394	0.36285968	
1059.4	0.31941901	0.36295242	
1059.6	0.31999979	0.36304306	
1059.8	0.32045795	0.36313164	
1060	0.32080646	0.3632182	
1060.2	0.32178031	0.36330281	
1060.4	0.32197036	0.3633855	
1060.6	0.32239257	0.36346631	
1060.8	0.32307023	0.36354529	
1061	0.32391516	0.36362247	
1061.2	0.3242683	0.36369791	
1061.4	0.32467064	0.36377163	
1061.6	0.32509167	0.36384369	
1061.8	0.32570067	0.3639141	
1062	0.32595682	0.36398292	
1062.2	0.32622832	0.36405018	
1062.4	0.32669225	0.36411592	
1062.6	0.32687594	0.36418016	
1062.8	0.32691833	0.36424295	
1063	0.32677759	0.36430431	
1063.2	0.32715315	0.36436428	
1063.4	0.32724427	0.36442289	
1063.6	0.32819886	0.36448017	
1063.8	0.32863203	0.36453615	
1064	0.32881951	0.36459086	
1064.2	0.32897291	0.36464433	
1064.4	0.32901592	0.36469659	
1064.6	0.32982827	0.36474766	
1064.8	0.33043998	0.36479757	
1065	0.330593	0.36484635	
1065.2	0.33090896	0.36489403	
1065.4	0.33163031	0.36494062	
1065.6	0.33231366	0.36498616	
1065.8	0.33335307	0.36503066	
1066	0.33397762	0.36507415	
1066.2	0.33458194	0.36511666	
1066.4	0.33521352	0.3651582	
1066.6	0.33543902	0.3651988	
1066.8	0.33578377	0.36523848	
1067	0.3365583	0.36527726	
1067.2	0.33736396	0.36531516	
1067.4	0.33749379	0.36535221	
1067.6	0.33831738	0.36538841	
1067.8	0.33846177	0.36542378	
1068	0.33836653	0.36545836	
1068.2	0.3388881	0.36549215	
1068.4	0.33935474	0.36552518	
1068.6	0.3397081	0.36555746	
1068.8	0.33965678	0.365589	
1069	0.33983691	0.36561983	
1069.2	0.34047187	0.36564996	
1069.4	0.34148646	0.36567941	
1069.6	0.34227576	0.36570818	
1069.8	0.34320287	0.36573631	
1070	0.34369785	0.3657638	
1070.2	0.34400425	0.36579066	
1070.4	0.34433398	0.36581692	
1070.6	0.34444982	0.36584258	
1070.8	0.34476168	0.36586765	
1071	0.34560415	0.36589216	
1071.2	0.34576088	0.36591611	
1071.4	0.34631749	0.36593952	
1071.6	0.34706086	0.3659624	
1071.8	0.34775898	0.36598476	
1072	0.34789795	0.36600661	
1072.2	0.34839861	0.36602797	
1072.4	0.34844304	0.36604884	
1072.6	0.34860366	0.36606924	
1072.8	0.34872383	0.36608918	
1073	0.34917711	0.36610866	
1073.2	0.34949323	0.3661277	
1073.4	0.35023477	0.36614631	
1073.6	0.35049587	0.3661645	
1073.8	0.350527	0.36618227	
1074	0.35087359	0.36619965	
1074.2	0.3514673	0.36621662	
1074.4	0.35185749	0.36623322	
1074.6	0.35221276	0.36624943	
1074.8	0.35276559	0.36626528	
1075	0.35360033	0.36628077	
1075.2	0.35379642	0.36629591	
1075.4	0.35439419	0.3663107	
1075.6	0.35493875	0.36632516	
1075.8	0.3553637	0.36633929	
1076	0.35502818	0.3663531	
1076.2	0.35540821	0.3663666	
1076.4	0.35587959	0.36637979	
1076.6	0.35613563	0.36639268	
1076.8	0.3565111	0.36640528	
1077	0.35704596	0.3664176	
1077.2	0.35731402	0.36642963	
1077.4	0.35791545	0.36644139	
1077.6	0.35799269	0.36645289	
1077.8	0.35837711	0.36646412	
1078	0.35931297	0.3664751	
1078.2	0.36016351	0.36648583	
1078.4	0.36077338	0.36649631	
1078.6	0.36087991	0.36650656	
1078.8	0.36128665	0.36651658	
1079	0.3617138	0.36652637	
1079.2	0.36204507	0.36653593	
1079.4	0.36258809	0.36654528	
1079.6	0.36322621	0.36655442	
1079.8	0.36370716	0.36656335	
1080	0.36411342	0.36657208	
1080.2	0.36510985	0.36658061	
1080.4	0.3658543	0.36658895	
1080.6	0.36623276	0.36659709	
1080.8	0.36682737	0.36660506	
1081	0.36735204	0.36661284	
1081.2	0.36749269	0.36662044	
1081.4	0.36754459	0.36662788	
1081.6	0.36757959	0.36663514	
1081.8	0.36812193	0.36664224	
1082	0.36877823	0.36664918	
1082.2	0.36891689	0.36665596	
1082.4	0.36898337	0.36666259	
1082.6	0.3687283	0.36666907	
1082.8	0.36869454	0.3666754	
1083	0.36896139	0.36668158	
1083.2	0.36969556	0.36668763	
1083.4	0.37033694	0.36669354	
1083.6	0.37130636	0.36669931	
1083.8	0.37199363	0.36670496	
1084	0.37260296	0.36671047	
1084.2	0.37316578	0.36671586	
1084.4	0.37328974	0.36672113	
1084.6	0.37363858	0.36672628	
1084.8	0.37378785	0.36673131	
1085	0.37381966	0.36673623	
1085.2	0.37382632	0.36674104	
1085.4	0.37393161	0.36674574	
1085.6	0.3740687	0.36675033	
1085.8	0.37444866	0.36675481	
1086	0.3746568	0.3667592	
1086.2	0.37427208	0.36676348	
1086.4	0.3746785	0.36676767	
1086.6	0.37527517	0.36677177	
1086.8	0.37562153	0.36677577	
1087	0.37649048	0.36677968	
1087.2	0.37744022	0.3667835	
1087.4	0.37830338	0.36678723	
1087.6	0.3791214	0.36679088	
1087.8	0.37979718	0.36679445	
1088	0.38026788	0.36679793	
1088.2	0.38068603	0.36680134	
1088.4	0.38107053	0.36680467	
1088.6	0.38178372	0.36680792	
1088.8	0.38205062	0.36681111	
1089	0.38229767	0.36681421	
1089.2	0.38255324	0.36681725	
1089.4	0.38276716	0.36682022	
1089.6	0.38308701	0.36682312	
1089.8	0.38292003	0.36682596	
1090	0.38242746	0.36682873	
1090.2	0.38262739	0.36683144	
1090.4	0.38318521	0.36683408	
1090.6	0.38367065	0.36683667	
1090.8	0.38387531	0.3668392	
1091	0.38442867	0.36684167	
1091.2	0.38471835	0.36684408	
1091.4	0.38540196	0.36684644	
1091.6	0.38565465	0.36684875	
1091.8	0.38633436	0.36685101	
1092	0.38678437	0.36685321	
1092.2	0.38690918	0.36685536	
1092.4	0.38747809	0.36685747	
1092.6	0.3881325	0.36685952	
1092.8	0.38881309	0.36686153	
1093	0.3894446	0.3668635	
1093.2	0.38992581	0.36686542	
1093.4	0.38985078	0.36686729	
1093.6	0.39033255	0.36686913	
1093.8	0.38999871	0.36687092	
1094	0.39038046	0.36687267	
1094.2	0.39132656	0.36687438	
1094.4	0.39180704	0.36687606	
1094.6	0.39228118	0.36687769	
1094.8	0.39262846	0.36687929	
1095	0.39291387	0.36688085	
1095.2	0.39302073	0.36688238	
1095.4	0.39330668	0.36688387	
1095.6	0.39340178	0.36688533	
1095.8	0.39403606	0.36688675	
1096	0.39410702	0.36688814	
1096.2	0.39418505	0.3668895	
1096.4	0.39495944	0.36689083	
1096.6	0.39545522	0.36689213	
1096.8	0.39576886	0.3668934	
1097	0.39558329	0.36689464	
1097.2	0.39586335	0.36689586	
1097.4	0.39574207	0.36689704	
1097.6	0.3962986	0.3668982	
1097.8	0.39640103	0.36689933	
1098	0.39691447	0.36690044	
1098.2	0.39735187	0.36690152	
1098.4	0.39766603	0.36690258	
1098.6	0.39804819	0.36690361	
1098.8	0.39867299	0.36690462	
1099	0.39891114	0.36690561	
1099.2	0.3993267	0.36690658	
1099.4	0.39973898	0.36690752	
1099.6	0.40039035	0.36690844	
1099.8	0.40118244	0.36690934	
1100	0.40199787	0.36691022	
1100.2	0.40291183	0.36691108	
1100.4	0.40356481	0.36691192	
1100.6	0.40372194	0.36691274	
1100.8	0.40370085	0.36691354	
1101	0.40335978	0.36691433	
1101.2	0.40379286	0.3669151	
1101.4	0.40356064	0.36691584	
1101.6	0.40389254	0.36691658	
1101.8	0.40457977	0.36691729	
1102	0.40517576	0.36691799	
1102.2	0.40575607	0.36691868	
1102.4	0.40600546	0.36691934	
1102.6	0.40662959	0.36692	
1102.8	0.4069585	0.36692064	
1103	0.40717757	0.36692126	
1103.2	0.40780108	0.36692187	
1103.4	0.40816486	0.36692246	
1103.6	0.40863635	0.36692305	
1103.8	0.40927986	0.36692362	
1104	0.40953212	0.36692417	
1104.2	0.40963528	0.36692472	
1104.4	0.40973213	0.36692525	
1104.6	0.40953482	0.36692577	
1104.8	0.4097793	0.36692627	
1105	0.40970925	0.36692677	
1105.2	0.41015504	0.36692725	
1105.4	0.41013275	0.36692773	
1105.6	0.41059141	0.36692819	
1105.8	0.41141803	0.36692864	
1106	0.41172307	0.36692908	
1106.2	0.41197577	0.36692952	
1106.4	0.41209283	0.36692994	
1106.6	0.41268165	0.36693035	
1106.8	0.41299536	0.36693076	
1107	0.41355465	0.36693115	
1107.2	0.41381356	0.36693153	
1107.4	0.41379026	0.36693191	
1107.6	0.4144255	0.36693228	
1107.8	0.41457425	0.36693264	
1108	0.41502027	0.36693299	
1108.2	0.41546348	0.36693333	
1108.4	0.41579637	0.36693367	
1108.6	0.41611262	0.366934	
1108.8	0.41676172	0.36693432	
1109	0.41707044	0.36693463	
1109.2	0.41724126	0.36693494	
1109.4	0.41744748	0.36693524	
1109.6	0.41806902	0.36693553	
1109.8	0.41858366	0.36693582	
1110	0.41894091	0.36693609	
1110.2	0.41944099	0.36693637	
1110.4	0.41966745	0.36693663	
1110.6	0.41989494	0.3669369	
1110.8	0.42040767	0.36693715	
1111	0.42109023	0.3669374	
1111.2	0.42170457	0.36693764	
1111.4	0.4224119	0.36693788	
1111.6	0.42333635	0.36693811	
1111.8	0.42368296	0.36693834	
1112	0.42422496	0.36693856	
1112.2	0.42447941	0.36693878	
1112.4	0.42475193	0.36693899	
1112.6	0.42505571	0.3669392	
1112.8	0.42503134	0.3669394	
1113	0.42516689	0.3669396	
1113.2	0.42522989	0.36693979	
1113.4	0.42570461	0.36693998	
1113.6	0.42592179	0.36694017	
1113.8	0.42592433	0.36694035	
1114	0.42604791	0.36694053	
1114.2	0.42649735	0.3669407	
1114.4	0.42616731	0.36694087	
1114.6	0.42657531	0.36694103	
1114.8	0.42702745	0.36694119	
1115	0.42760291	0.36694135	
1115.2	0.42794289	0.3669415	
1115.4	0.42849203	0.36694165	
1115.6	0.42861645	0.3669418	
1115.8	0.42908703	0.36694194	
1116	0.42911572	0.36694208	
1116.2	0.42959943	0.36694222	
1116.4	0.4296295	0.36694236	
1116.6	0.4293735	0.36694249	
1116.8	0.42944303	0.36694262	
1117	0.42994693	0.36694274	
1117.2	0.43031499	0.36694286	
1117.4	0.43104919	0.36694298	
1117.6	0.43122836	0.3669431	
1117.8	0.43150649	0.36694321	
1118	0.431948	0.36694332	
1118.2	0.4322639	0.36694343	
1118.4	0.43221571	0.36694354	
1118.6	0.43287325	0.36694364	
1118.8	0.43309763	0.36694375	
1119	0.43380775	0.36694385	
1119.2	0.43409314	0.36694394	
1119.4	0.43469574	0.36694404	
1119.6	0.43478294	0.36694413	
1119.8	0.43524803	0.36694422	
1120	0.43508983	0.36694431	
1120.2	0.43568027	0.3669444	
1120.4	0.43564512	0.36694448	
1120.6	0.4358037	0.36694456	
1120.8	0.4365289	0.36694465	
1121	0.43693697	0.36694473	
1121.2	0.43730888	0.3669448	
1121.4	0.4374887	0.36694488	
1121.6	0.43752432	0.36694495	
1121.8	0.43758706	0.36694502	
1122	0.43774392	0.36694509	
1122.2	0.43797498	0.36694516	
1122.4	0.43815003	0.36694523	
1122.6	0.43879686	0.3669453	
1122.8	0.43923159	0.36694536	
1123	0.4395154	0.36694542	
1123.2	0.4400969	0.36694549	
1123.4	0.44063263	0.36694555	
1123.6	0.44093499	0.3669456	
1123.8	0.44146007	0.36694566	
1124	0.44192817	0.36694572	
1124.2	0.4426288	0.36694577	
1124.4	0.44298083	0.36694583	
1124.6	0.44354097	0.36694588	
1124.8	0.4440856	0.36694593	
1125	0.44386544	0.36694598	
1125.2	0.44402922	0.36694603	
1125.4	0.44405783	0.36694608	
1125.6	0.44468875	0.36694612	
1125.8	0.44508779	0.36694617	
1126	0.44539418	0.36694621	
1126.2	0.44592061	0.36694626	
1126.4	0.44570448	0.3669463	
1126.6	0.44627399	0.36694634	
1126.8	0.44654729	0.36694638	
1127	0.4470071	0.36694642	
1127.2	0.44772346	0.36694646	
1127.4	0.44792606	0.3669465	
1127.6	0.44822093	0.36694653	
1127.8	0.44864329	0.36694657	
1128	0.44885068	0.36694661	
1128.2	0.44907809	0.36694664	
1128.4	0.44910953	0.36694667	
1128.6	0.44907114	0.36694671	
1128.8	0.44896477	0.36694674	
1129	0.44871624	0.36694677	
1129.2	0.4488147	0.3669468	
1129.4	0.44902488	0.36694683	
1129.6	0.44951747	0.36694686	
1129.8	0.45002573	0.36694689	
1130	0.45003898	0.36694692	
1130.2	0.45027247	0.36694695	
1130.4	0.45046309	0.36694697	
1130.6	0.45070481	0.366947	
1130.8	0.45089572	0.36694703	
1131	0.45107404	0.36694705	
1131.2	0.45134042	0.36694708	
1131.4	0.45136469	0.3669471	
1131.6	0.45162076	0.36694712	
1131.8	0.45177243	0.36694715	
1132	0.45210475	0.36694717	
1132.2	0.45251281	0.36694719	
1132.4	0.45266236	0.36694721	
1132.6	0.4527644	0.36694723	
1132.8	0.45311509	0.36694725	
1133	0.4535409	0.36694727	
1133.2	0.45389266	0.36694729	
1133.4	0.45448318	0.36694731	
1133.6	0.45540252	0.36694733	
1133.8	0.45573975	0.36694735	
1134	0.45620258	0.36694737	
1134.2	0.45673742	0.36694738	
1134.4	0.45723569	0.3669474	
1134.6	0.45751855	0.36694742	
1134.8	0.45801063	0.36694743	
1135	0.45866872	0.36694745	
1135.2	0.45915105	0.36694746	
1135.4	0.45915889	0.36694748	
1135.6	0.45947425	0.36694749	
1135.8	0.45963875	0.36694751	
1136	0.46026672	0.36694752	
1136.2	0.46040759	0.36694754	
1136.4	0.46038241	0.36694755	
1136.6	0.46079632	0.36694756	
1136.8	0.46099065	0.36694758	
1137	0.46125694	0.36694759	
1137.2	0.46142562	0.3669476	
1137.4	0.46158472	0.36694761	
1137.6	0.46178265	0.36694763	
1137.8	0.46188525	0.36694764	
1138	0.46255989	0.36694765	
1138.2	0.46279881	0.36694766	
1138.4	0.46328601	0.36694767	
1138.6	0.46380442	0.36694768	
1138.8	0.46398208	0.36694769	
1139	0.46422577	0.3669477	
1139.2	0.4640801	0.36694771	
1139.4	0.46394369	0.36694772	
1139.6	0.46404917	0.36694773	
1139.8	0.46402946	0.36694774	
1140	0.48771103	0.36694775	
1140.2	0.4826033	0.36675156	
1140.4	0.47701877	0.36655548	
1140.6	0.4706912	0.3663595	
1140.8	0.46372745	0.36616363	
1141	0.45717369	0.36596786	
1141.2	0.45024976	0.3657722	
1141.4	0.44369931	0.36557664	
1141.6	0.43788277	0.36538118	
1141.8	0.43243346	0.36518583	
1142	0.42809991	0.36499059	
1142.2	0.42467267	0.36479545	
1142.4	0.42164734	0.36460041	
1142.6	0.4191068	0.36440548	
1142.8	0.41610413	0.36421065	
1143	0.41357932	0.36401593	
1143.2	0.41163631	0.36382131	
1143.4	0.40986002	0.36362679	
1143.6	0.40862241	0.36343238	
1143.8	0.40685072	0.36323807	
1144	0.40501545	0.36304387	
1144.2	0.40372859	0.36284977	
1144.4	0.40210427	0.36265577	
1144.6	0.40052331	0.36246188	
1144.8	0.39915174	0.36226809	
1145	0.39812621	0.3620744	
1145.2	0.3965478	0.36188082	
1145.4	0.39522298	0.36168734	
1145.6	0.39415957	0.36149397	
1145.8	0.39275686	0.3613007	
1146	0.39179258	0.36110753	
1146.2	0.39056716	0.36091446	
1146.4	0.38946824	0.3607215	
1146.6	0.38857821	0.36052864	
1146.8	0.38754833	0.36033589	
1147	0.38665702	0.36014324	
1147.2	0.3859588	0.35995069	
1147.4	0.38516048	0.35975824	
1147.6	0.38424474	0.3595659	
1147.8	0.38302378	0.35937366	
1148	0.38231734	0.35918152	
1148.2	0.38170625	0.35898948	
1148.4	0.38051275	0.35879755	
1148.6	0.37939624	0.35860572	
1148.8	0.37823556	0.35841399	
1149	0.37729057	0.35822237	
1149.2	0.37664786	0.35803085	
1149.4	0.37602936	0.35783943	
1149.6	0.37577267	0.35764811	
1149.8	0.37509087	0.35745689	
1150	0.37473363	0.35726578	
1150.2	0.37397075	0.35707477	
1150.4	0.37348532	0.35688386	
1150.6	0.37307677	0.35669305	
1150.8	0.37277636	0.35650235	
1151	0.37266606	0.35631175	
1151.2	0.37250604	0.35612125	
1151.4	0.37218991	0.35593085	
1151.6	0.37201391	0.35574055	
1151.8	0.37161569	0.35555035	
1152	0.37120964	0.35536026	
1152.2	0.37054564	0.35517027	
1152.4	0.36923834	0.35498038	
1152.6	0.36841242	0.35479059	
1152.8	0.36795665	0.3546009	
1153	0.36767038	0.35441132	
1153.2	0.36744066	0.35422183	
1153.4	0.36700254	0.35403245	
1153.6	0.36623923	0.35384316	
1153.8	0.36585644	0.35365398	
1154	0.36528598	0.3534649	
1154.2	0.36450098	0.35327593	
1154.4	0.36400279	0.35308705	
1154.6	0.36374201	0.35289827	
1154.8	0.36365523	0.35270959	
1155	0.36362768	0.35252102	
1155.2	0.36323016	0.35233255	
1155.4	0.36290086	0.35214417	
1155.6	0.36253726	0.3519559	
1155.8	0.36195554	0.35176773	
1156	0.36140859	0.35157966	
1156.2	0.36100674	0.35139169	
1156.4	0.35988689	0.35120382	
1156.6	0.35919109	0.35101605	
1156.8	0.35860718	0.35082838	
1157	0.3581599	0.35064081	
1157.2	0.3575152	0.35045334	
1157.4	0.3571193	0.35026597	
1157.6	0.35641015	0.3500787	
1157.8	0.35667587	0.34989153	
1158	0.35600121	0.34970446	
1158.2	0.35536471	0.3495175	
1158.4	0.35528599	0.34933063	
1158.6	0.35520573	0.34914386	
1158.8	0.3548637	0.34895719	
1159	0.35439411	0.34877062	
1159.2	0.35386931	0.34858415	
1159.4	0.35367429	0.34839778	
1159.6	0.35334262	0.34821151	
1159.8	0.35321947	0.34802534	
1160	0.35251209	0.34783927	
1160.2	0.35202603	0.3476533	
1160.4	0.35104107	0.34746743	
1160.6	0.35041372	0.34728166	
1160.8	0.35007752	0.34709599	
1161	0.3499429	0.34691041	
1161.2	0.34962734	0.34672494	
1161.4	0.3491655	0.34653956	
1161.6	0.34917743	0.34635429	
1161.8	0.34937876	0.34616911	
1162	0.34875811	0.34598403	
1162.2	0.34836958	0.34579905	
1162.4	0.34849912	0.34561417	
1162.6	0.34812088	0.34542939	
1162.8	0.34737913	0.34524471	
1163	0.3467736	0.34506012	
1163.2	0.34688289	0.34487564	
1163.4	0.34669751	0.34469125	
1163.6	0.3464876	0.34450696	
1163.8	0.34634355	0.34432277	
1164	0.34586767	0.34413868	
1164.2	0.34602898	0.34395469	
1164.4	0.34543382	0.3437708	
1164.6	0.34482069	0.343587	
1164.8	0.34471959	0.3434033	
1165	0.3445684	0.3432197	
1165.2	0.34380321	0.3430362	
1165.4	0.34328051	0.3428528	
1165.6	0.34352472	0.34266949	
1165.8	0.34274648	0.34248629	
1166	0.34213415	0.34230318	
1166.2	0.34194382	0.34212017	
1166.4	0.34143583	0.34193725	
1166.6	0.34073305	0.34175444	
1166.8	0.3399369	0.34157172	
1167	0.33950693	0.3413891	
1167.2	0.33954269	0.34120658	
1167.4	0.33927432	0.34102415	
1167.6	0.33917172	0.34084183	
1167.8	0.33917395	0.3406596	
1168	0.33877122	0.34047746	
1168.2	0.33874308	0.34029543	
1168.4	0.33824204	0.34011349	
1168.6	0.33796373	0.33993165	
1168.8	0.33803386	0.33974991	
1169	0.3377445	0.33956826	
1169.2	0.33757765	0.33938671	
1169.4	0.33749157	0.33920526	
1169.6	0.33741954	0.3390239	
1169.8	0.33677215	0.33884265	
1170	0.33656273	0.33866149	
1170.2	0.33612137	0.33848042	
1170.4	0.33628762	0.33829945	
1170.6	0.3359266	0.33811858	
1170.8	0.33515249	0.33793781	
1171	0.33475126	0.33775713	
1171.2	0.33486598	0.33757655	
1171.4	0.33435253	0.33739607	
1171.6	0.33393229	0.33721568	
1171.8	0.33361634	0.33703539	
1172	0.33307906	0.33685519	
1172.2	0.33309935	0.3366751	
1172.4	0.3327952	0.33649509	
1172.6	0.33262052	0.33631519	
1172.8	0.33231221	0.33613538	
1173	0.33180927	0.33595566	
1173.2	0.33150707	0.33577605	
1173.4	0.3311619	0.33559652	
1173.6	0.33121346	0.3354171	
1173.8	0.33079286	0.33523777	
1174	0.33037485	0.33505854	
1174.2	0.33079058	0.3348794	
1174.4	0.330937	0.33470036	
1174.6	0.32989526	0.33452141	
1174.8	0.32946594	0.33434256	
1175	0.32921374	0.3341638	
1175.2	0.32899635	0.33398514	
1175.4	0.3282622	0.33380658	
1175.6	0.32829771	0.33362811	
1175.8	0.32777905	0.33344974	
1176	0.32762457	0.33327146	
1176.2	0.32766697	0.33309328	
1176.4	0.3273024	0.33291519	
1176.6	0.32695801	0.3327372	
1176.8	0.32647324	0.3325593	
1177	0.32621002	0.3323815	
1177.2	0.32619858	0.33220379	
1177.4	0.32618509	0.33202618	
1177.6	0.3259336	0.33184867	
1177.8	0.32576931	0.33167124	
1178	0.32546852	0.33149392	
1178.2	0.32558964	0.33131669	
1178.4	0.32438034	0.33113955	
1178.6	0.32342507	0.33096251	
1178.8	0.32295348	0.33078556	
1179	0.32219609	0.3306087	
1179.2	0.32195486	0.33043195	
1179.4	0.32115327	0.33025528	
1179.6	0.3209291	0.33007871	
1179.8	0.32028999	0.32990224	
1180	0.32023743	0.32972585	
1180.2	0.31998226	0.32954957	
1180.4	0.3198253	0.32937338	
1180.6	0.31984248	0.32919728	
1180.8	0.31989753	0.32902127	
1181	0.32013633	0.32884536	
1181.2	0.32019701	0.32866955	
1181.4	0.32026211	0.32849383	
1181.6	0.32040594	0.3283182	
1181.8	0.32070732	0.32814266	
1182	0.32028059	0.32796722	
1182.2	0.31995604	0.32779188	
1182.4	0.31915062	0.32761662	
1182.6	0.31877178	0.32744146	
1182.8	0.31856082	0.3272664	
1183	0.31823529	0.32709143	
1183.2	0.31768472	0.32691655	
1183.4	0.317153	0.32674176	
1183.6	0.31688588	0.32656707	
1183.8	0.31640776	0.32639247	
1184	0.31594048	0.32621797	
1184.2	0.3153563	0.32604356	
1184.4	0.31546697	0.32586924	
1184.6	0.31528354	0.32569502	
1184.8	0.31496828	0.32552088	
1185	0.31461699	0.32534685	
1185.2	0.31425763	0.3251729	
1185.4	0.31418769	0.32499905	
1185.6	0.31407393	0.32482529	
1185.8	0.31380682	0.32465162	
1186	0.31362989	0.32447805	
1186.2	0.31359708	0.32430457	
1186.4	0.31338407	0.32413118	
1186.6	0.31320895	0.32395788	
1186.8	0.31280774	0.32378468	
1187	0.31258822	0.32361157	
1187.2	0.31219278	0.32343855	
1187.4	0.31202247	0.32326563	
1187.6	0.3116059	0.32309279	
1187.8	0.31116949	0.32292005	
1188	0.31081079	0.3227474	
1188.2	0.31053349	0.32257485	
1188.4	0.31028699	0.32240239	
1188.6	0.30985273	0.32223001	
1188.8	0.30955253	0.32205773	
1189	0.30899927	0.32188555	
1189.2	0.30880653	0.32171345	
1189.4	0.3088201	0.32154145	
1189.6	0.30886676	0.32136954	
1189.8	0.30896764	0.32119772	
1190	0.30912059	0.32102599	
1190.2	0.30894045	0.32085436	
1190.4	0.30843629	0.32068281	
1190.6	0.3080119	0.32051136	
1190.8	0.30774365	0.32034	
1191	0.30790252	0.32016873	
1191.2	0.30818268	0.31999756	
1191.4	0.30813961	0.31982647	
1191.6	0.30821585	0.31965548	
1191.8	0.3083004	0.31948457	
1192	0.30815608	0.31931376	
1192.2	0.30804014	0.31914304	
1192.4	0.307927	0.31897241	
1192.6	0.30752771	0.31880188	
1192.8	0.30742183	0.31863143	
1193	0.30718323	0.31846107	
1193.2	0.3070576	0.31829081	
1193.4	0.30682076	0.31812064	
1193.6	0.30636372	0.31795055	
1193.8	0.30567242	0.31778056	
1194	0.30542336	0.31761066	
1194.2	0.30463469	0.31744085	
1194.4	0.30406521	0.31727114	
1194.6	0.30395841	0.31710151	
1194.8	0.30382887	0.31693197	
1195	0.3039473	0.31676252	
1195.2	0.30365064	0.31659317	
1195.4	0.30357159	0.3164239	
1195.6	0.30381262	0.31625473	
1195.8	0.30404282	0.31608564	
1196	0.30388402	0.31591665	
1196.2	0.30373095	0.31574774	
1196.4	0.3034651	0.31557893	
1196.6	0.30294469	0.31541021	
1196.8	0.30340171	0.31524158	
1197	0.30319792	0.31507303	
1197.2	0.30270251	0.31490458	
1197.4	0.30213459	0.31473622	
1197.6	0.30152765	0.31456794	
1197.8	0.30083586	0.31439976	
1198	0.30078263	0.31423167	
1198.2	0.30003575	0.31406367	
1198.4	0.29987854	0.31389575	
1198.6	0.29960126	0.31372793	
1198.8	0.29918379	0.3135602	
1199	0.29870997	0.31339255	
1199.2	0.29831891	0.313225	
1199.4	0.29854657	0.31305753	
1199.6	0.29840086	0.31289016	
1199.8	0.29785774	0.31272287	
1200	0.29740663	0.31255568	
1200.2	0.2969471	0.31238857	
1200.4	0.29697551	0.31222155	
1200.6	0.29691213	0.31205462	
1200.8	0.29709335	0.31188779	
1201	0.29676583	0.31172104	
1201.2	0.29681613	0.31155438	
1201.4	0.29674494	0.3113878	
1201.6	0.29630334	0.31122132	
1201.8	0.29623962	0.31105493	
1202	0.29610459	0.31088862	
1202.2	0.29593043	0.31072241	
1202.4	0.29584294	0.31055628	
1202.6	0.29559958	0.31039024	
1202.8	0.29517246	0.31022429	
1203	0.29492762	0.31005843	
1203.2	0.29512355	0.30989266	
1203.4	0.29456593	0.30972698	
1203.6	0.2942082	0.30956139	
1203.8	0.29381723	0.30939588	
1204	0.29361867	0.30923046	
1204.2	0.2935899	0.30906513	
1204.4	0.29357884	0.30889989	
1204.6	0.29370146	0.30873474	
1204.8	0.2939974	0.30856968	
1205	0.29393845	0.3084047	
1205.2	0.29437691	0.30823981	
1205.4	0.29437987	0.30807501	
1205.6	0.29388917	0.3079103	
1205.8	0.29403415	0.30774568	
1206	0.29355782	0.30758114	
1206.2	0.29317687	0.3074167	
1206.4	0.29282412	0.30725234	
1206.6	0.2924866	0.30708807	
1206.8	0.29205668	0.30692388	
1207	0.29173404	0.30675979	
1207.2	0.29135834	0.30659578	
1207.4	0.29055674	0.30643186	
1207.6	0.2904029	0.30626803	
1207.8	0.28993943	0.30610428	
1208	0.28971169	0.30594062	
1208.2	0.28961906	0.30577705	
1208.4	0.28960175	0.30561357	
1208.6	0.29020345	0.30545018	
1208.8	0.29023086	0.30528687	
1209	0.28992583	0.30512365	
1209.2	0.2900123	0.30496051	
1209.4	0.28991555	0.30479747	
1209.6	0.28958839	0.30463451	
1209.8	0.28954199	0.30447164	
1210	0.28936408	0.30430885	
1210.2	0.28906023	0.30414615	
1210.4	0.28910513	0.30398354	
1210.6	0.28894642	0.30382102	
1210.8	0.28887657	0.30365858	
1211	0.28856328	0.30349623	
1211.2	0.28842848	0.30333397	
1211.4	0.28816371	0.30317179	
1211.6	0.28801656	0.3030097	
1211.8	0.28806635	0.3028477	
1212	0.28807525	0.30268578	
1212.2	0.28804295	0.30252395	
1212.4	0.28791752	0.30236221	
1212.6	0.28773558	0.30220055	
1212.8	0.28694984	0.30203898	
1213	0.28610635	0.3018775	
1213.2	0.28541315	0.3017161	
1213.4	0.28516254	0.30155479	
1213.6	0.28471394	0.30139356	
1213.8	0.28444044	0.30123243	
1214	0.28472192	0.30107137	
1214.2	0.28467866	0.30091041	
1214.4	0.28448488	0.30074953	
1214.6	0.28439815	0.30058873	
1214.8	0.28457411	0.30042802	
1215	0.28439159	0.3002674	
1215.2	0.28469168	0.30010686	
1215.4	0.28497962	0.29994641	
1215.6	0.28511005	0.29978605	
1215.8	0.28576435	0.29962577	
1216	0.28578102	0.29946557	
1216.2	0.28567376	0.29930546	
1216.4	0.28507461	0.29914544	
1216.6	0.28472738	0.2989855	
1216.8	0.28399356	0.29882565	
1217	0.28317241	0.29866589	
1217.2	0.28255451	0.29850621	
1217.4	0.28223108	0.29834661	
1217.6	0.28174561	0.2981871	
1217.8	0.28112157	0.29802768	
1218	0.280731	0.29786834	
1218.2	0.28005006	0.29770908	
1218.4	0.2795852	0.29754991	
1218.6	0.27938681	0.29739083	
1218.8	0.27936206	0.29723183	
1219	0.27906248	0.29707292	
1219.2	0.27929595	0.29691409	
1219.4	0.2795103	0.29675534	
1219.6	0.27931418	0.29659668	
1219.8	0.27971835	0.29643811	
1220	0.2796061	0.29627962	
1220.2	0.2794536	0.29612122	
1220.4	0.27948426	0.2959629	
1220.6	0.27946317	0.29580466	
1220.8	0.2791486	0.29564651	
1221	0.27908036	0.29548844	
1221.2	0.27897201	0.29533046	
1221.4	0.2790841	0.29517256	
1221.6	0.2789642	0.29501475	
1221.8	0.27871518	0.29485702	
1222	0.27842988	0.29469938	
1222.2	0.27832896	0.29454182	
1222.4	0.27826331	0.29438434	
1222.6	0.27786365	0.29422695	
1222.8	0.27742717	0.29406964	
1223	0.27677568	0.29391242	
1223.2	0.2768788	0.29375528	
1223.4	0.27650873	0.29359822	
1223.6	0.27638516	0.29344125	
1223.8	0.2759575	0.29328437	
1224	0.27592971	0.29312756	
1224.2	0.27560849	0.29297084	
1224.4	0.27561105	0.29281421	
1224.6	0.27535968	0.29265766	
1224.8	0.2753937	0.29250119	
1225	0.27546802	0.2923448	
1225.2	0.27551602	0.2921885	
1225.4	0.27560701	0.29203228	
1225.6	0.27567429	0.29187615	
1225.8	0.27572245	0.2917201	
1226	0.27569274	0.29156413	
1226.2	0.27543087	0.29140825	
1226.4	0.27525472	0.29125245	
1226.6	0.27518813	0.29109673	
1226.8	0.27512897	0.2909411	
1227	0.27496282	0.29078555	
1227.2	0.27510548	0.29063008	
1227.4	0.27446932	0.29047469	
1227.6	0.27418147	0.29031939	
1227.8	0.27369667	0.29016417	
1228	0.27352013	0.29000904	
1228.2	0.27318732	0.28985399	
1228.4	0.27314371	0.28969902	
1228.6	0.27301256	0.28954413	
1228.8	0.27282469	0.28938933	
1229	0.27233542	0.28923461	
1229.2	0.27220542	0.28907997	
1229.4	0.27191599	0.28892541	
1229.6	0.2721484	0.28877094	
1229.8	0.27226051	0.28861655	
1230	0.27236464	0.28846224	
1230.2	0.27214681	0.28830802	
1230.4	0.27200237	0.28815387	
1230.6	0.27198742	0.28799981	
1230.8	0.27164307	0.28784583	
1231	0.27134194	0.28769194	
1231.2	0.27090004	0.28753813	
1231.4	0.27043504	0.28738439	
1231.6	0.27036204	0.28723075	
1231.8	0.27081595	0.28707718	
1232	0.2705163	0.28692369	
1232.2	0.27050058	0.28677029	
1232.4	0.27026202	0.28661697	
1232.6	0.26988643	0.28646373	
1232.8	0.2693514	0.28631057	
1233	0.26911488	0.2861575	
1233.2	0.26934427	0.28600451	
1233.4	0.26904492	0.28585159	
1233.6	0.26921817	0.28569877	
1233.8	0.26901137	0.28554602	
1234	0.2689472	0.28539335	
1234.2	0.26864158	0.28524077	
1234.4	0.26802347	0.28508826	
1234.6	0.26773116	0.28493584	
1234.8	0.2676742	0.2847835	
1235	0.26750479	0.28463124	
1235.2	0.26723718	0.28447907	
1235.4	0.26756093	0.28432697	
1235.6	0.26763999	0.28417496	
1235.8	0.26802048	0.28402302	
1236	0.2676842	0.28387117	
1236.2	0.26771624	0.2837194	
1236.4	0.26753319	0.28356771	
1236.6	0.26723501	0.2834161	
1236.8	0.26684946	0.28326458	
1237	0.26658751	0.28311313	
1237.2	0.26647262	0.28296176	
1237.4	0.26592778	0.28281048	
1237.6	0.26544915	0.28265928	
1237.8	0.26479087	0.28250815	
1238	0.26470858	0.28235711	
1238.2	0.26418148	0.28220615	
1238.4	0.26394472	0.28205527	
1238.6	0.26369471	0.28190447	
1238.8	0.26320981	0.28175375	
1239	0.26262446	0.28160311	
1239.2	0.2626737	0.28145255	
1239.4	0.26286903	0.28130208	
1239.6	0.26283274	0.28115168	
1239.8	0.26325546	0.28100136	
1240	0.2628953	0.28085113	
1240.2	0.26330161	0.28070097	
1240.4	0.26305796	0.28055089	
1240.6	0.26253676	0.2804009	
1240.8	0.26253517	0.28025098	
1241	0.26264801	0.28010115	
1241.2	0.26280954	0.27995139	
1241.4	0.26288487	0.27980172	
1241.6	0.2628356	0.27965212	
1241.8	0.26269364	0.27950261	
1242	0.26274603	0.27935317	
1242.2	0.26249649	0.27920382	
1242.4	0.26239848	0.27905454	
1242.6	0.26185677	0.27890535	
1242.8	0.26164367	0.27875623	
1243	0.26143285	0.27860719	
1243.2	0.26179413	0.27845824	
1243.4	0.26159105	0.27830936	
1243.6	0.26154963	0.27816056	
1243.8	0.26128084	0.27801185	
1244	0.26086012	0.27786321	
1244.2	0.26086729	0.27771465	
1244.4	0.26039826	0.27756617	
1244.6	0.2598083	0.27741777	
1244.8	0.2597664	0.27726945	
1245	0.2595587	0.27712121	
1245.2	0.25964304	0.27697305	
1245.4	0.25984692	0.27682496	
1245.6	0.25996943	0.27667696	
1245.8	0.25948809	0.27652904	
1246	0.25935849	0.27638119	
1246.2	0.25959353	0.27623343	
1246.4	0.259756	0.27608574	
1246.6	0.26011579	0.27593813	
1246.8	0.25989575	0.2757906	
1247	0.25978498	0.27564315	
1247.2	0.25998968	0.27549578	
1247.4	0.25976251	0.27534849	
1247.6	0.25976193	0.27520127	
1247.8	0.25984579	0.27505414	
1248	0.25975063	0.27490708	
1248.2	0.25940542	0.2747601	
1248.4	0.25905732	0.2746132	
1248.6	0.25830695	0.27446638	
1248.8	0.25815167	0.27431964	
1249	0.25812279	0.27417297	
1249.2	0.25819126	0.27402639	
1249.4	0.25787753	0.27387988	
1249.6	0.25761377	0.27373345	
1249.8	0.25710546	0.2735871	
1250	0.25719817	0.27344083	
1250.2	0.25746572	0.27329463	
1250.4	0.25729505	0.27314852	
1250.6	0.25732376	0.27300248	
1250.8	0.25671772	0.27285652	
1251	0.25673332	0.27271064	
1251.2	0.25662007	0.27256484	
1251.4	0.25669389	0.27241911	
1251.6	0.25700228	0.27227346	
1251.8	0.25705625	0.27212789	
1252	0.25695044	0.2719824	
1252.2	0.25665707	0.27183699	
1252.4	0.25669338	0.27169165	
1252.6	0.25622333	0.27154639	
1252.8	0.25578251	0.27140121	
1253	0.25549829	0.2712561	
1253.2	0.25490169	0.27111108	
1253.4	0.25434139	0.27096613	
1253.6	0.25413588	0.27082126	
1253.8	0.25392569	0.27067646	
1254	0.25397044	0.27053175	
1254.2	0.25401938	0.27038711	
1254.4	0.25388795	0.27024255	
1254.6	0.25345326	0.27009806	
1254.8	0.25288932	0.26995366	
1255	0.25289285	0.26980933	
1255.2	0.25285225	0.26966507	
1255.4	0.2532298	0.2695209	
1255.6	0.25382574	0.2693768	
1255.8	0.25340018	0.26923278	
1256	0.25341367	0.26908884	
1256.2	0.25276375	0.26894497	
1256.4	0.25277651	0.26880118	
1256.6	0.25256278	0.26865746	
1256.8	0.25227975	0.26851383	
1257	0.25211366	0.26837027	
1257.2	0.25162732	0.26822678	
1257.4	0.25151004	0.26808338	
1257.6	0.25128495	0.26794005	
1257.8	0.25129458	0.26779679	
1258	0.25135734	0.26765362	
1258.2	0.25148005	0.26751052	
1258.4	0.25171341	0.26736749	
1258.6	0.25159923	0.26722455	
1258.8	0.25173989	0.26708168	
1259	0.25176198	0.26693888	
1259.2	0.25173978	0.26679616	
1259.4	0.25181912	0.26665352	
1259.6	0.25164471	0.26651096	
1259.8	0.25113354	0.26636847	
1260	0.25083488	0.26622605	
1260.2	0.2506598	0.26608372	
1260.4	0.25074523	0.26594146	
1260.6	0.25080679	0.26579927	
1260.8	0.25037323	0.26565716	
1261	0.25026479	0.26551513	
1261.2	0.24989222	0.26537317	
1261.4	0.24987824	0.26523129	
1261.6	0.24952481	0.26508949	
1261.8	0.24926747	0.26494776	
1262	0.24912448	0.26480611	
1262.2	0.24933074	0.26466453	
1262.4	0.24937608	0.26452303	
1262.6	0.24900391	0.2643816	
1262.8	0.24878004	0.26424025	
1263	0.24851063	0.26409897	
1263.2	0.24827381	0.26395777	
1263.4	0.24813937	0.26381665	
1263.6	0.24822456	0.2636756	
1263.8	0.24826105	0.26353463	
1264	0.24804457	0.26339373	
1264.2	0.24798792	0.26325291	
1264.4	0.24769855	0.26311216	
1264.6	0.24783231	0.26297149	
1264.8	0.24791766	0.26283089	
1265	0.24793427	0.26269037	
1265.2	0.24778332	0.26254992	
1265.4	0.24781168	0.26240955	
1265.6	0.24690869	0.26226926	
1265.8	0.246876	0.26212904	
1266	0.24679263	0.26198889	
1266.2	0.24673887	0.26184882	
1266.4	0.24677214	0.26170882	
1266.6	0.2468196	0.2615689	
1266.8	0.24684217	0.26142905	
1267	0.24667118	0.26128928	
1267.2	0.24621322	0.26114958	
1267.4	0.24638969	0.26100996	
1267.6	0.24612847	0.26087041	
1267.8	0.24572963	0.26073094	
1268	0.24545042	0.26059154	
1268.2	0.24529527	0.26045222	
1268.4	0.24516098	0.26031297	
1268.6	0.24539567	0.26017379	
1268.8	0.2454036	0.26003469	
1269	0.24536109	0.25989566	
1269.2	0.2450537	0.25975671	
1269.4	0.24489138	0.25961783	
1269.6	0.24438014	0.25947903	
1269.8	0.24443664	0.2593403	
1270	0.24412596	0.25920164	
1270.2	0.24386277	0.25906306	
1270.4	0.24400494	0.25892455	
1270.6	0.24379635	0.25878612	
1270.8	0.24367272	0.25864776	
1271	0.24354693	0.25850948	
1271.2	0.24318274	0.25837127	
1271.4	0.24341014	0.25823313	
1271.6	0.24310194	0.25809507	
1271.8	0.24315458	0.25795708	
1272	0.24317753	0.25781916	
1272.2	0.24309256	0.25768132	
1272.4	0.24314818	0.25754355	
1272.6	0.24334829	0.25740585	
1272.8	0.2433043	0.25726823	
1273	0.24295578	0.25713069	
1273.2	0.24256632	0.25699321	
1273.4	0.24275191	0.25685581	
1273.6	0.24224501	0.25671848	
1273.8	0.24194607	0.25658123	
1274	0.24197786	0.25644405	
1274.2	0.24191736	0.25630694	
1274.4	0.24181625	0.25616991	
1274.6	0.24167664	0.25603295	
1274.8	0.24188163	0.25589606	
1275	0.24172298	0.25575925	
1275.2	0.24146869	0.25562251	
1275.4	0.24170785	0.25548584	
1275.6	0.24137225	0.25534925	
1275.8	0.24109071	0.25521272	
1276	0.24074795	0.25507628	
1276.2	0.24033621	0.2549399	
1276.4	0.24030651	0.2548036	
1276.6	0.24045558	0.25466737	
1276.8	0.24016799	0.25453121	
1277	0.23993618	0.25439513	
1277.2	0.23977521	0.25425911	
1277.4	0.23955313	0.25412318	
1277.6	0.23928465	0.25398731	
1277.8	0.23907638	0.25385152	
1278	0.23882445	0.2537158	
1278.2	0.23852866	0.25358015	
1278.4	0.23831921	0.25344457	
1278.6	0.23819178	0.25330907	
1278.8	0.23845635	0.25317364	
1279	0.23794403	0.25303828	
1279.2	0.23736624	0.25290299	
1279.4	0.23723331	0.25276778	
1279.6	0.23669436	0.25263264	
1279.8	0.23661943	0.25249757	
1280	0.23684302	0.25236257	
1280.2	0.23645735	0.25222765	
1280.4	0.23681429	0.25209279	
1280.6	0.23711367	0.25195801	
1280.8	0.23694265	0.25182331	
1281	0.23682594	0.25168867	
1281.2	0.23650524	0.2515541	
1281.4	0.23649411	0.25141961	
1281.6	0.23657774	0.25128519	
1281.8	0.23635054	0.25115084	
1282	0.23612556	0.25101657	
1282.2	0.23625388	0.25088236	
1282.4	0.23624859	0.25074823	
1282.6	0.23581925	0.25061417	
1282.8	0.23563784	0.25048018	
1283	0.23520547	0.25034626	
1283.2	0.23506101	0.25021241	
1283.4	0.23552227	0.25007864	
1283.6	0.23558585	0.24994493	
1283.8	0.23564276	0.2498113	
1284	0.23572635	0.24967774	
1284.2	0.23574528	0.24954425	
1284.4	0.2361386	0.24941083	
1284.6	0.23603641	0.24927748	
1284.8	0.23572503	0.24914421	
1285	0.23544942	0.24901101	
1285.2	0.23570694	0.24887787	
1285.4	0.23620848	0.24874481	
1285.6	0.23592886	0.24861182	
1285.8	0.23608458	0.2484789	
1286	0.23583951	0.24834605	
1286.2	0.23590473	0.24821327	
1286.4	0.23514093	0.24808057	
1286.6	0.23479986	0.24794793	
1286.8	0.23458193	0.24781537	
1287	0.23467398	0.24768288	
1287.2	0.23429368	0.24755045	
1287.4	0.23424158	0.2474181	
1287.6	0.23373762	0.24728582	
1287.8	0.23359867	0.24715361	
1288	0.23353269	0.24702147	
1288.2	0.23347158	0.2468894	
1288.4	0.23337949	0.2467574	
1288.6	0.23319915	0.24662547	
1288.8	0.23333437	0.24649362	
1289	0.23357446	0.24636183	
1289.2	0.23382973	0.24623011	
1289.4	0.23393858	0.24609847	
1289.6	0.23385814	0.24596689	
1289.8	0.23407707	0.24583539	
1290	0.23377294	0.24570395	
1290.2	0.23362083	0.24557259	
1290.4	0.23300421	0.24544129	
1290.6	0.23277227	0.24531007	
1290.8	0.23288503	0.24517891	
1291	0.2325598	0.24504783	
1291.2	0.23205009	0.24491681	
1291.4	0.23198768	0.24478587	
1291.6	0.2316072	0.244655	
1291.8	0.23148651	0.24452419	
1292	0.23151323	0.24439346	
1292.2	0.23168087	0.24426279	
1292.4	0.23207585	0.2441322	
1292.6	0.23260673	0.24400168	
1292.8	0.23260948	0.24387122	
1293	0.23237702	0.24374084	
1293.2	0.23230688	0.24361052	
1293.4	0.23223994	0.24348028	
1293.6	0.23191569	0.2433501	
1293.8	0.23137249	0.24321999	
1294	0.23101869	0.24308996	
1294.2	0.23030069	0.24295999	
1294.4	0.22990728	0.24283009	
1294.6	0.22941216	0.24270026	
1294.8	0.22938386	0.2425705	
1295	0.228223	0.24244082	
1295.2	0.22773776	0.2423112	
1295.4	0.22747828	0.24218164	
1295.6	0.22762323	0.24205216	
1295.8	0.22754831	0.24192275	
1296	0.22805142	0.24179341	
1296.2	0.22828107	0.24166413	
1296.4	0.2283939	0.24153493	
1296.6	0.22867267	0.24140579	
1296.8	0.22835163	0.24127673	
1297	0.22808092	0.24114773	
1297.2	0.22828271	0.2410188	
1297.4	0.22803174	0.24088994	
1297.6	0.22776497	0.24076115	
1297.8	0.22757213	0.24063243	
1298	0.22716264	0.24050377	
1298.2	0.22697425	0.24037519	
1298.4	0.22729407	0.24024667	
1298.6	0.22728814	0.24011823	
1298.8	0.22734036	0.23998985	
1299	0.22713832	0.23986154	
1299.2	0.22766312	0.2397333	
1299.4	0.22809041	0.23960512	
1299.6	0.22860749	0.23947702	
1299.8	0.22823734	0.23934898	
1300	0.22815846	0.23922102	
1300.2	0.22812082	0.23909312	
1300.4	0.22769244	0.23896529	
1300.6	0.22768278	0.23883753	
1300.8	0.22700087	0.23870983	
1301	0.22642256	0.23858221	
1301.2	0.22626092	0.23845465	
1301.4	0.22571112	0.23832716	
1301.6	0.22525017	0.23819974	
1301.8	0.22489072	0.23807239	
1302	0.22488433	0.2379451	
1302.2	0.22530616	0.23781789	
1302.4	0.2254883	0.23769074	
1302.6	0.22552389	0.23756366	
1302.8	0.22558383	0.23743665	
1303	0.22584039	0.2373097	
1303.2	0.22584824	0.23718282	
1303.4	0.22606409	0.23705601	
1303.6	0.22613834	0.23692927	
1303.8	0.22582217	0.2368026	
1304	0.22536166	0.23667599	
1304.2	0.22542379	0.23654946	
1304.4	0.22501059	0.23642299	
1304.6	0.22488512	0.23629658	
1304.8	0.2242637	0.23617025	
1305	0.22412422	0.23604398	
1305.2	0.22394688	0.23591778	
1305.4	0.22384655	0.23579165	
1305.6	0.2234969	0.23566558	
1305.8	0.22376021	0.23553958	
1306	0.22357973	0.23541365	
1306.2	0.22353978	0.23528779	
1306.4	0.22328429	0.235162	
1306.6	0.22280978	0.23503627	
1306.8	0.22251611	0.23491061	
1307	0.22224662	0.23478501	
1307.2	0.22226895	0.23465948	
1307.4	0.22264132	0.23453402	
1307.6	0.22259888	0.23440863	
1307.8	0.22278168	0.23428331	
1308	0.22265576	0.23415805	
1308.2	0.22303835	0.23403286	
1308.4	0.22318637	0.23390773	
1308.6	0.22324642	0.23378267	
1308.8	0.22341002	0.23365768	
1309	0.22357995	0.23353276	
1309.2	0.2235755	0.2334079	
1309.4	0.2237413	0.23328311	
1309.6	0.22368065	0.23315839	
1309.8	0.22379218	0.23303373	
1310	0.22334642	0.23290914	
1310.2	0.22286667	0.23278461	
1310.4	0.22234919	0.23266016	
1310.6	0.22148028	0.23253576	
1310.8	0.22101735	0.23241144	
1311	0.22098231	0.23228718	
1311.2	0.22068628	0.23216299	
1311.4	0.22036007	0.23203887	
1311.6	0.22036957	0.23191481	
1311.8	0.22051721	0.23179081	
1312	0.22003902	0.23166689	
1312.2	0.21983448	0.23154303	
1312.4	0.21990076	0.23141923	
1312.6	0.21994348	0.23129551	
1312.8	0.22029334	0.23117185	
1313	0.22017763	0.23104825	
1313.2	0.22016724	0.23092472	
1313.4	0.22112822	0.23080126	
1313.6	0.22118635	0.23067786	
1313.8	0.22105751	0.23055453	
1314	0.22079303	0.23043127	
1314.2	0.22013779	0.23030807	
1314.4	0.21997268	0.23018493	
1314.6	0.21966572	0.23006187	
1314.8	0.21948742	0.22993886	
1315	0.21918373	0.22981593	
1315.2	0.21864865	0.22969306	
1315.4	0.21853602	0.22957025	
1315.6	0.21838704	0.22944751	
1315.8	0.21798585	0.22932484	
1316	0.21732009	0.22920223	
1316.2	0.21738647	0.22907969	
1316.4	0.21780991	0.22895721	
1316.6	0.2173703	0.2288348	
1316.8	0.21771195	0.22871246	
1317	0.21777861	0.22859018	
1317.2	0.21817362	0.22846796	
1317.4	0.218662	0.22834581	
1317.6	0.21836955	0.22822373	
1317.8	0.21819823	0.22810171	
1318	0.21801764	0.22797975	
1318.2	0.21821564	0.22785787	
1318.4	0.2181624	0.22773604	
1318.6	0.21817365	0.22761428	
1318.8	0.21782652	0.22749259	
1319	0.21762911	0.22737096	
1319.2	0.21730432	0.2272494	
1319.4	0.21722939	0.2271279	
1319.6	0.21678374	0.22700647	
1319.8	0.21625128	0.2268851	
1320	0.21591064	0.2267638	
1320.2	0.21596431	0.22664256	
1320.4	0.2157342	0.22652139	
1320.6	0.21541403	0.22640028	
1320.8	0.21595981	0.22627923	
1321	0.2158205	0.22615825	
1321.2	0.21560602	0.22603734	
1321.4	0.21579758	0.22591649	
1321.6	0.21573727	0.2257957	
1321.8	0.21573276	0.22567498	
1322	0.2156333	0.22555433	
1322.2	0.21571815	0.22543373	
1322.4	0.21544004	0.22531321	
1322.6	0.2156912	0.22519274	
1322.8	0.21513579	0.22507234	
1323	0.21491329	0.22495201	
1323.2	0.21475284	0.22483174	
1323.4	0.21468491	0.22471154	
1323.6	0.21401018	0.22459139	
1323.8	0.21396857	0.22447132	
1324	0.2143064	0.2243513	
1324.2	0.21436204	0.22423136	
1324.4	0.21443783	0.22411147	
1324.6	0.21468344	0.22399165	
1324.8	0.21488873	0.22387189	
1325	0.21491738	0.2237522	
1325.2	0.21498844	0.22363257	
1325.4	0.21533307	0.22351301	
1325.6	0.21498908	0.22339351	
1325.8	0.21492443	0.22327407	
1326	0.21487367	0.2231547	
1326.2	0.21487297	0.22303539	
1326.4	0.2149052	0.22291615	
1326.6	0.21444352	0.22279696	
1326.8	0.21381596	0.22267785	
1327	0.21351455	0.22255879	
1327.2	0.21323128	0.2224398	
1327.4	0.21300891	0.22232088	
1327.6	0.21292503	0.22220201	
1327.8	0.21311991	0.22208321	
1328	0.21302069	0.22196448	
1328.2	0.21261096	0.2218458	
1328.4	0.21244396	0.2217272	
1328.6	0.21198451	0.22160865	
1328.8	0.21203111	0.22149017	
1329	0.21208631	0.22137175	
1329.2	0.21214476	0.22125339	
1329.4	0.21214922	0.2211351	
1329.6	0.21206185	0.22101687	
1329.8	0.21244453	0.22089871	
1330	0.21239982	0.2207806	
1330.2	0.2124533	0.22066256	
1330.4	0.21251623	0.22054459	
1330.6	0.21236344	0.22042667	
1330.8	0.21258945	0.22030882	
1331	0.21218523	0.22019104	
1331.2	0.21221228	0.22007331	
1331.4	0.21205877	0.21995565	
1331.6	0.21196551	0.21983805	
1331.8	0.21186137	0.21972052	
1332	0.21176636	0.21960304	
1332.2	0.21140034	0.21948563	
1332.4	0.2113357	0.21936829	
1332.6	0.21086962	0.219251	
1332.8	0.210944	0.21913378	
1333	0.2107392	0.21901662	
1333.2	0.21075701	0.21889952	
1333.4	0.21074767	0.21878249	
1333.6	0.210983	0.21866552	
1333.8	0.21130532	0.21854861	
1334	0.21107749	0.21843176	
1334.2	0.21156463	0.21831498	
1334.4	0.21153578	0.21819826	
1334.6	0.21146542	0.2180816	
1334.8	0.21132091	0.217965	
1335	0.21092184	0.21784847	
1335.2	0.21067802	0.217732	
1335.4	0.21049963	0.21761559	
1335.6	0.21072723	0.21749924	
1335.8	0.21055536	0.21738295	
1336	0.21057389	0.21726673	
1336.2	0.21006495	0.21715057	
1336.4	0.21008308	0.21703447	
1336.6	0.20977139	0.21691844	
1336.8	0.20986161	0.21680246	
1337	0.20955552	0.21668655	
1337.2	0.209471	0.2165707	
1337.4	0.2094008	0.21645491	
1337.6	0.20930488	0.21633918	
1337.8	0.20942275	0.21622352	
1338	0.20905354	0.21610791	
1338.2	0.20883259	0.21599237	
1338.4	0.20895203	0.21587689	
1338.6	0.20912816	0.21576147	
1338.8	0.20890237	0.21564612	
1339	0.20866605	0.21553082	
1339.2	0.20873882	0.21541559	
1339.4	0.20881112	0.21530042	
1339.6	0.20845861	0.21518531	
1339.8	0.20838525	0.21507026	
1340	0.20837681	0.21495528	
1340.2	0.20787074	0.21484035	
1340.4	0.20783352	0.21472549	
1340.6	0.20766785	0.21461069	
1340.8	0.20743161	0.21449594	
1341	0.20679994	0.21438126	
1341.2	0.20671217	0.21426665	
1341.4	0.20674109	0.21415209	
1341.6	0.20659645	0.21403759	
1341.8	0.20677031	0.21392316	
1342	0.20650361	0.21380879	
1342.2	0.20643317	0.21369447	
1342.4	0.20681619	0.21358022	
1342.6	0.20610254	0.21346603	
1342.8	0.20529637	0.2133519	
1343	0.20543868	0.21323784	
1343.2	0.20579152	0.21312383	
1343.4	0.20598306	0.21300988	
1343.6	0.20612677	0.212896	
1343.8	0.20609174	0.21278217	
1344	0.20575038	0.21266841	
1344.2	0.20574821	0.21255471	
1344.4	0.20595636	0.21244107	
1344.6	0.2062254	0.21232749	
1344.8	0.20618275	0.21221397	
1345	0.20613933	0.21210051	
1345.2	0.20639249	0.21198711	
1345.4	0.20659582	0.21187377	
1345.6	0.20627324	0.21176049	
1345.8	0.20603472	0.21164728	
1346	0.20576019	0.21153412	
1346.2	0.20487618	0.21142102	
1346.4	0.20447665	0.21130799	
1346.6	0.20373572	0.21119501	
1346.8	0.20368572	0.2110821	
1347	0.20429647	0.21096924	
1347.2	0.20453916	0.21085645	
1347.4	0.20463349	0.21074372	
1347.6	0.20465375	0.21063104	
1347.8	0.20430753	0.21051843	
1348	0.20461752	0.21040588	
1348.2	0.20488492	0.21029338	
1348.4	0.204651	0.21018095	
1348.6	0.20452535	0.21006858	
1348.8	0.20391128	0.20995627	
1349	0.20362878	0.20984401	
1349.2	0.20360972	0.20973182	
1349.4	0.20324031	0.20961969	
1349.6	0.20275255	0.20950762	
1349.8	0.20234895	0.2093956	
1350	0.20213492	0.20928365	
1350.2	0.20184595	0.20917176	
1350.4	0.20234368	0.20905993	
1350.6	0.2023717	0.20894815	
1350.8	0.20263864	0.20883644	
1351	0.20303711	0.20872479	
1351.2	0.2031964	0.20861319	
1351.4	0.20303592	0.20850166	
1351.6	0.2034	0.20839018	
1351.8	0.20318372	0.20827877	
1352	0.20314201	0.20816741	
1352.2	0.20284275	0.20805612	
1352.4	0.20230016	0.20794488	
1352.6	0.20215837	0.2078337	
1352.8	0.20204006	0.20772258	
1353	0.20198072	0.20761153	
1353.2	0.20190199	0.20750053	
1353.4	0.20168237	0.20738959	
1353.6	0.20183881	0.20727871	
1353.8	0.20174579	0.20716789	
1354	0.20184011	0.20705713	
1354.2	0.20196186	0.20694642	
1354.4	0.20201833	0.20683578	
1354.6	0.20218121	0.2067252	
1354.8	0.20205922	0.20661467	
1355	0.20177104	0.20650421	
1355.2	0.20132619	0.2063938	
1355.4	0.20105142	0.20628345	
1355.6	0.20080691	0.20617316	
1355.8	0.20057633	0.20606293	
1356	0.20027878	0.20595276	
1356.2	0.20021106	0.20584265	
1356.4	0.20011194	0.2057326	
1356.6	0.20044849	0.2056226	
1356.8	0.20094613	0.20551267	
1357	0.2009351	0.20540279	
1357.2	0.20134855	0.20529297	
1357.4	0.2017497	0.20518321	
1357.6	0.2018742	0.20507351	
1357.8	0.20166412	0.20496387	
1358	0.20156767	0.20485429	
1358.2	0.20165735	0.20474476	
1358.4	0.2013713	0.2046353	
1358.6	0.2013306	0.20452589	
1358.8	0.20082712	0.20441654	
1359	0.20053368	0.20430725	
1359.2	0.20022483	0.20419802	
1359.4	0.20021336	0.20408884	
1359.6	0.19986634	0.20397973	
1359.8	0.20008692	0.20387067	
1360	0.20013243	0.20376167	
1360.2	0.20022716	0.20365273	
1360.4	0.20069004	0.20354385	
1360.6	0.20104486	0.20343503	
1360.8	0.20114875	0.20332626	
1361	0.20131954	0.20321755	
1361.2	0.20132602	0.2031089	
1361.4	0.20096428	0.20300031	
1361.6	0.20033391	0.20289178	
1361.8	0.20003735	0.2027833	
1362	0.20004545	0.20267489	
1362.2	0.19998629	0.20256653	
1362.4	0.19969698	0.20245822	
1362.6	0.19988164	0.20234998	
1362.8	0.19946172	0.2022418	
1363	0.19915886	0.20213367	
1363.2	0.1990308	0.2020256	
1363.4	0.198765	0.20191759	
1363.6	0.19837837	0.20180963	
1363.8	0.19835875	0.20170173	
1364	0.19868512	0.20159389	
1364.2	0.19844887	0.20148611	
1364.4	0.1985245	0.20137839	
1364.6	0.19798578	0.20127072	
1364.8	0.19788633	0.20116311	
1365	0.19772719	0.20105556	
1365.2	0.19712635	0.20094807	
1365.4	0.19686273	0.20084063	
1365.6	0.19673335	0.20073325	
1365.8	0.19686819	0.20062593	
1366	0.19705328	0.20051867	
1366.2	0.19719308	0.20041146	
1366.4	0.19726123	0.20030431	
1366.6	0.19733555	0.20019722	
1366.8	0.19690788	0.20009019	
1367	0.19670117	0.19998321	
1367.2	0.19651789	0.19987629	
1367.4	0.19622894	0.19976943	
1367.6	0.19602161	0.19966262	
1367.8	0.19604323	0.19955587	
1368	0.19643723	0.19944918	
1368.2	0.19614291	0.19934254	
1368.4	0.19600902	0.19923597	
1368.6	0.19574632	0.19912945	
1368.8	0.19581777	0.19902298	
1369	0.19524685	0.19891657	
1369.2	0.19488193	0.19881022	
1369.4	0.19471208	0.19870393	
1369.6	0.19441571	0.1985977	
1369.8	0.1941478	0.19849152	
1370	0.19398597	0.19838539	
1370.2	0.19405503	0.19827933	
1370.4	0.19365448	0.19817332	
1370.6	0.19380935	0.19806736	
1370.8	0.19385306	0.19796147	
1371	0.19371924	0.19785563	
1371.2	0.19383098	0.19774985	
1371.4	0.19378225	0.19764412	
1371.6	0.19399328	0.19753845	
1371.8	0.19395173	0.19743284	
1372	0.19420224	0.19732728	
1372.2	0.1941362	0.19722178	
1372.4	0.1944216	0.19711634	
1372.6	0.19462209	0.19701095	
1372.8	0.19484283	0.19690562	
1373	0.19466982	0.19680034	
1373.2	0.19470114	0.19669512	
1373.4	0.19473146	0.19658996	
1373.6	0.194717	0.19648486	
1373.8	0.19467829	0.19637981	
1374	0.19495612	0.19627481	
1374.2	0.19506109	0.19616987	
1374.4	0.19489574	0.19606499	
1374.6	0.19546628	0.19596017	
1374.8	0.19543869	0.1958554	
1375	0.19521403	0.19575068	
1375.2	0.19504754	0.19564603	
1375.4	0.19472937	0.19554143	
1375.6	0.19430405	0.19543688	
1375.8	0.19339945	0.19533239	
1376	0.19331627	0.19522796	
1376.2	0.19343056	0.19512358	
1376.4	0.19316434	0.19501926	
1376.6	0.19287883	0.19491499	
1376.8	0.19254489	0.19481078	
1377	0.19233387	0.19470662	
1377.2	0.191981	0.19460253	
1377.4	0.19158362	0.19449848	
1377.6	0.19129129	0.19439449	
1377.8	0.19103028	0.19429056	
1378	0.19111668	0.19418668	
1378.2	0.19118304	0.19408286	
1378.4	0.19148063	0.1939791	
1378.6	0.19134415	0.19387539	
1378.8	0.19160299	0.19377173	
1379	0.19169864	0.19366813	
1379.2	0.19167502	0.19356459	
1379.4	0.19155005	0.1934611	
1379.6	0.19167708	0.19335767	
1379.8	0.19207124	0.19325429	
1380	0.1924392	0.19315097	
1380.2	0.19232329	0.1930477	
1380.4	0.19194069	0.19294449	
1380.6	0.19207556	0.19284133	
1380.8	0.19167585	0.19273823	
1381	0.19168908	0.19263518	
1381.2	0.19147602	0.19253219	
1381.4	0.1911018	0.19242925	
1381.6	0.19060998	0.19232637	
1381.8	0.19041003	0.19222354	
1382	0.19049141	0.19212077	
1382.2	0.19053292	0.19201806	
1382.4	0.19075388	0.19191539	
1382.6	0.1905556	0.19181279	
1382.8	0.19108708	0.19171024	
1383	0.19089528	0.19160774	
1383.2	0.19107133	0.1915053	
1383.4	0.19133663	0.19140291	
1383.6	0.19174121	0.19130058	
1383.8	0.19176693	0.1911983	
1384	0.19151214	0.19109607	
1384.2	0.1911792	0.1909939	
1384.4	0.19141545	0.19089179	
1384.6	0.19135674	0.19078973	
1384.8	0.19103275	0.19068773	
1385	0.19083489	0.19058578	
1385.2	0.19042822	0.19048388	
1385.4	0.18998012	0.19038204	
1385.6	0.18980609	0.19028025	
1385.8	0.18990031	0.19017852	
1386	0.18981823	0.19007684	
1386.2	0.18991766	0.18997522	
1386.4	0.19005101	0.18987365	
1386.6	0.18972678	0.18977213	
1386.8	0.18998317	0.18967067	
1387	0.18971964	0.18956926	
1387.2	0.18979552	0.18946791	
1387.4	0.18979541	0.18936661	
1387.6	0.18964367	0.18926537	
1387.8	0.18936445	0.18916418	
1388	0.18943665	0.18906304	
1388.2	0.18907217	0.18896196	
1388.4	0.18931067	0.18886093	
1388.6	0.18913079	0.18875996	
1388.8	0.1890089	0.18865904	
1389	0.1888232	0.18855817	
1389.2	0.18890354	0.18845736	
1389.4	0.18897896	0.1883566	
1389.6	0.18848879	0.1882559	
1389.8	0.18831886	0.18815525	
1390	0.18812183	0.18805465	
1390.2	0.18792738	0.18795411	
1390.4	0.18766775	0.18785362	
1390.6	0.18768684	0.18775318	
1390.8	0.18761322	0.1876528	
1391	0.1874217	0.18755247	
1391.2	0.18725714	0.1874522	
1391.4	0.18687677	0.18735198	
1391.6	0.18696324	0.18725181	
1391.8	0.18711437	0.1871517	
1392	0.1869861	0.18705164	
1392.2	0.18697585	0.18695163	
1392.4	0.18719896	0.18685168	
1392.6	0.18739399	0.18675178	
1392.8	0.1875693	0.18665193	
1393	0.18802472	0.18655214	
1393.2	0.18807386	0.1864524	
1393.4	0.18790357	0.18635272	
1393.6	0.18737468	0.18625308	
1393.8	0.18780653	0.1861535	
1394	0.18762707	0.18605398	
1394.2	0.18716435	0.1859545	
1394.4	0.1867888	0.18585508	
1394.6	0.18636773	0.18575572	
1394.8	0.18596355	0.1856564	
1395	0.18580218	0.18555714	
1395.2	0.18530531	0.18545794	
1395.4	0.18528322	0.18535878	
1395.6	0.18579227	0.18525968	
1395.8	0.1855142	0.18516063	
1396	0.185506	0.18506164	
1396.2	0.1860615	0.18496269	
1396.4	0.1859734	0.1848638	
1396.6	0.18625225	0.18476497	
1396.8	0.1866734	0.18466618	
1397	0.18708347	0.18456745	
1397.2	0.18689053	0.18446877	
1397.4	0.18657456	0.18437015	
1397.6	0.18619616	0.18427157	
1397.8	0.18645937	0.18417305	
1398	0.18595189	0.18407459	
1398.2	0.18522912	0.18397617	
1398.4	0.18471625	0.18387781	
1398.6	0.18463914	0.1837795	
1398.8	0.18430817	0.18368124	
1399	0.18368127	0.18358304	
1399.2	0.18357899	0.18348489	
1399.4	0.18389952	0.18338679	
1399.6	0.18382649	0.18328874	
1399.8	0.18383916	0.18319075	
1400	0.18408968	0.1830928	
1400.2	0.18390635	0.18299491	
1400.4	0.18328495	0.18289708	
1400.6	0.18321483	0.18279929	
1400.8	0.1831422	0.18270156	
1401	0.18276089	0.18260388	
1401.2	0.18252335	0.18250625	
1401.4	0.18224188	0.18240867	
1401.6	0.18253781	0.18231115	
1401.8	0.1828107	0.18221368	
1402	0.18228961	0.18211626	
1402.2	0.18227255	0.18201889	
1402.4	0.18222567	0.18192157	
1402.6	0.18265027	0.18182431	
1402.8	0.18230839	0.1817271	
1403	0.18259179	0.18162994	
1403.2	0.18300212	0.18153283	
1403.4	0.18298461	0.18143577	
1403.6	0.1828845	0.18133877	
1403.8	0.18287265	0.18124182	
1404	0.18280063	0.18114492	
1404.2	0.18251036	0.18104807	
1404.4	0.1824921	0.18095127	
1404.6	0.18256216	0.18085453	
1404.8	0.18233607	0.18075783	
1405	0.18219602	0.18066119	
1405.2	0.18210556	0.1805646	
1405.4	0.18199398	0.18046806	
1405.6	0.18171584	0.18037158	
1405.8	0.18117559	0.18027514	
1406	0.18076748	0.18017876	
1406.2	0.18091414	0.18008243	
1406.4	0.18085355	0.17998615	
1406.6	0.18124892	0.17988992	
1406.8	0.18095345	0.17979374	
1407	0.18076167	0.17969761	
1407.2	0.18067314	0.17960154	
1407.4	0.18031279	0.17950552	
1407.6	0.18044501	0.17940954	
1407.8	0.18030115	0.17931362	
1408	0.18057908	0.17921775	
1408.2	0.18065796	0.17912194	
1408.4	0.1809469	0.17902617	
1408.6	0.18133408	0.17893045	
1408.8	0.18127589	0.17883479	
1409	0.18147973	0.17873917	
1409.2	0.18139108	0.17864361	
1409.4	0.18117938	0.1785481	
1409.6	0.18074765	0.17845264	
1409.8	0.18093355	0.17835723	
1410	0.18094272	0.17826187	
1410.2	0.18122235	0.17816657	
1410.4	0.18135396	0.17807131	
1410.6	0.1814122	0.17797611	
1410.8	0.18096672	0.17788095	
1411	0.18062795	0.17778585	
1411.2	0.18038368	0.1776908	
1411.4	0.17981484	0.17759579	
1411.6	0.17975254	0.17750084	
1411.8	0.1797421	0.17740594	
1412	0.17974657	0.17731109	
1412.2	0.17987122	0.17721629	
1412.4	0.17982387	0.17712155	
1412.6	0.1800956	0.17702685	
1412.8	0.18009562	0.1769322	
1413	0.18016067	0.17683761	
1413.2	0.18022312	0.17674306	
1413.4	0.18014396	0.17664857	
1413.6	0.17993084	0.17655412	
1413.8	0.17988703	0.17645973	
1414	0.17981736	0.17636538	
1414.2	0.1798067	0.17627109	
1414.4	0.17914203	0.17617685	
1414.6	0.17889557	0.17608265	
1414.8	0.17837174	0.17598851	
1415	0.17764989	0.17589442	
1415.2	0.17753801	0.17580038	
1415.4	0.17734174	0.17570639	
1415.6	0.17743344	0.17561245	
1415.8	0.17754914	0.17551856	
1416	0.17718824	0.17542472	
1416.2	0.17736443	0.17533093	
1416.4	0.17725265	0.17523719	
1416.6	0.17764024	0.1751435	
1416.8	0.17791747	0.17504986	
1417	0.17778544	0.17495627	
1417.2	0.17791209	0.17486273	
1417.4	0.17783323	0.17476924	
1417.6	0.17792407	0.1746758	
1417.8	0.17801214	0.17458241	
1418	0.17824752	0.17448907	
1418.2	0.17835679	0.17439578	
1418.4	0.1783201	0.17430254	
1418.6	0.17828848	0.17420935	
1418.8	0.17846326	0.17411621	
1419	0.17839467	0.17402312	
1419.2	0.17886175	0.17393008	
1419.4	0.17826445	0.17383708	
1419.6	0.17838328	0.17374414	
1419.8	0.17795067	0.17365125	
1420	0.1776436	0.17355841	
1420.2	0.17762883	0.17346562	
1420.4	0.17732205	0.17337287	
1420.6	0.17706019	0.17328018	
1420.8	0.17661027	0.17318754	
1421	0.17652112	0.17309494	
1421.2	0.17627218	0.1730024	
1421.4	0.17614446	0.1729099	
1421.6	0.17634814	0.17281746	
1421.8	0.17620248	0.17272506	
1422	0.17632796	0.17263272	
1422.2	0.17687229	0.17254042	
1422.4	0.17692017	0.17244817	
1422.6	0.1767456	0.17235597	
1422.8	0.17735638	0.17226382	
1423	0.17723147	0.17217172	
1423.2	0.17720125	0.17207967	
1423.4	0.17680798	0.17198767	
1423.6	0.17709747	0.17189572	
1423.8	0.17637506	0.17180381	
1424	0.17679348	0.17171196	
1424.2	0.17696202	0.17162015	
1424.4	0.17672532	0.1715284	
1424.6	0.17661582	0.17143669	
1424.8	0.17658737	0.17134503	
1425	0.17675762	0.17125342	
1425.2	0.17632907	0.17116186	
1425.4	0.17606943	0.17107035	
1425.6	0.17584262	0.17097889	
1425.8	0.17578627	0.17088748	
1426	0.17591694	0.17079611	
1426.2	0.17599478	0.1707048	
1426.4	0.17560465	0.17061353	
1426.6	0.17514529	0.17052231	
1426.8	0.17489394	0.17043114	
1427	0.17447693	0.17034002	
1427.2	0.17442524	0.17024895	
1427.4	0.17430888	0.17015793	
1427.6	0.17397669	0.17006695	
1427.8	0.1732477	0.16997603	
1428	0.17367083	0.16988515	
1428.2	0.17379422	0.16979432	
1428.4	0.17344494	0.16970354	
1428.6	0.17365739	0.16961281	
1428.8	0.1736953	0.16952213	
1429	0.17384466	0.16943149	
1429.2	0.17394171	0.16934091	
1429.4	0.17411413	0.16925037	
1429.6	0.17433543	0.16915988	
1429.8	0.17461726	0.16906944	
1430	0.17472736	0.16897905	
1430.2	0.17452744	0.1688887	
1430.4	0.17451164	0.16879841	
1430.6	0.17424516	0.16870816	
1430.8	0.17421705	0.16861796	
1431	0.17421571	0.16852781	
1431.2	0.17413829	0.16843771	
1431.4	0.17351881	0.16834765	
1431.6	0.17300012	0.16825765	
1431.8	0.17252701	0.16816769	
1432	0.17241633	0.16807778	
1432.2	0.17240414	0.16798791	
1432.4	0.17232649	0.1678981	
1432.6	0.1726329	0.16780833	
1432.8	0.1724679	0.16771862	
1433	0.1725553	0.16762895	
1433.2	0.17295616	0.16753932	
1433.4	0.1725412	0.16744975	
1433.6	0.17214236	0.16736022	
1433.8	0.1722339	0.16727074	
1434	0.17238847	0.16718131	
1434.2	0.17255626	0.16709193	
1434.4	0.17277683	0.1670026	
1434.6	0.17268242	0.16691331	
1434.8	0.17282871	0.16682407	
1435	0.17245635	0.16673488	
1435.2	0.17236101	0.16664573	
1435.4	0.17219563	0.16655664	
1435.6	0.17211039	0.16646759	
1435.8	0.17197778	0.16637859	
1436	0.17203839	0.16628963	
1436.2	0.17220743	0.16620073	
1436.4	0.172122	0.16611187	
1436.6	0.17176414	0.16602306	
1436.8	0.17191925	0.16593429	
1437	0.1718797	0.16584558	
1437.2	0.17140057	0.16575691	
1437.4	0.17052535	0.16566829	
1437.6	0.17062236	0.16557971	
1437.8	0.17071906	0.16549119	
1438	0.17055253	0.16540271	
1438.2	0.17060411	0.16531427	
1438.4	0.17049294	0.16522589	
1438.6	0.17043806	0.16513755	
1438.8	0.170579	0.16504926	
1439	0.17051425	0.16496102	
1439.2	0.1708757	0.16487282	
1439.4	0.17103746	0.16478467	
1439.6	0.17111378	0.16469657	
1439.8	0.17148184	0.16460852	
